[Header]
Application Name,LabSolutions
Version,5.97 SP1
Data File Name,C:\Users\cremerlab\Desktop\griffin\2021-04-27_REL606_acetate_turnover_redux\2021-04-27_REL606_DM_acetate_turnover_4282021_001_001.lcd
Output Date,4/28/2021
Output Time,11:35:21 AM

[File Information]
Type,Data File
Generated,4/28/2021 10:55:01 AM
Generated by,System Administrator
Modified,4/28/2021 11:35:21 AM
Modified by,System Administrator

[Sample Information]
Operator Name,System Administrator
Acquired,4/28/2021 10:55:20 AM
Sample Type,0:Unknown
Level,0
Sample Name,2021-04-07_REL606_replicate_001_timepoint_001
Sample ID,001
ISTD Amount1,1
ISTD Amount2,1
ISTD Amount3,1
ISTD Amount4,1
ISTD Amount5,1
ISTD Amount6,1
ISTD Amount7,1
ISTD Amount8,1
ISTD Amount9,1
ISTD Amount10,1
ISTD Amount11,1
ISTD Amount12,1
ISTD Amount13,1
ISTD Amount14,1
ISTD Amount15,1
ISTD Amount16,1
ISTD Amount17,1
ISTD Amount18,1
ISTD Amount19,1
ISTD Amount20,1
ISTD Amount21,1
ISTD Amount22,1
ISTD Amount23,1
ISTD Amount24,1
ISTD Amount25,1
ISTD Amount26,1
ISTD Amount27,1
ISTD Amount28,1
ISTD Amount29,1
ISTD Amount30,1
ISTD Amount31,1
ISTD Amount32,1
Sample Amount,1
Dilution Factor,1
Vial#,1
Injection Volume,20

[Original Files]
Data File,C:\Users\cremerlab\Desktop\griffin\2021-04-27_REL606_acetate_turnover_redux\2021-04-27_REL606_DM_acetate_turnover_4282021_001_001.lcd
Method File,C:\Users\cremerlab\Desktop\griffin\2.5mM_H2SO4_mobile_phase.lcm
Batch File,C:\Users\cremerlab\Desktop\griffin\2021-04-27_REL606_acetate_turnover_redux\2021-04-27_REL606_DM_acetate_turnover.lcb
Report Format File,c:\LabSolutions\System\DEFAULT.lsr

[File Description]


[Configuration]
Instrument Name,HPLC-PC-Instrument1
Instrument #,1
Line #,1
# of Detectors,2
Detector ID,Detector A,Detector B
Detector Name,Detector A,Detector B
# of Channels,1,1

[Peak Table(Detector A)]
# of Peaks,0

[Peak Table(Detector B)]
# of Peaks,5
Peak#,R.Time,I.Time,F.Time,Area,Height,A/H,Conc.,Mark,ID#,Name,k',Plate #,Plate Ht.,Tailing,Resolution,Sep.Factor,Area Ratio,Height Ratio,Conc. %,Norm Conc.
1,9.862,4.683,10.567,327900,4188,78.298,0.000,   ,,,0.000,741,202.499,0.000,0.000,0.000,0,0,0.000,0.000
2,10.924,10.567,12.133,260705,14012,18.607,0.000, V ,,,0.108,8923,16.811,0.000,1.111,0.000,0,0,0.000,0.000
3,13.947,12.617,14.258,1543494,41886,36.850,0.000,   ,,,0.414,3210,46.735,0.000,4.178,3.847,0,0,0.000,0.000
4,14.483,14.258,15.183,149903,7107,21.093,0.000, V ,,,0.469,9662,15.525,0.000,0.681,1.131,0,0,0.000,0.000
5,25.119,24.383,26.217,336558,11354,29.641,0.000,   ,,,1.547,16438,9.125,1.079,15.493,3.302,0,0,0.000,0.000

[LC Chromatogram(Detector B-Ch1)]
Interval(msec),500
# of Points,4801
Start Time(min),0.000
End Time(min),40.000
Intensity Units,mV
Intensity Multiplier,0.001
R.Time (min),Intensity
0.00000,124
0.00833,124
0.01667,1
0.02500,3
0.03333,4
0.04167,6
0.05000,7
0.05833,8
0.06667,9
0.07500,10
0.08333,11
0.09167,12
0.10000,13
0.10833,13
0.11667,14
0.12500,15
0.13333,16
0.14167,17
0.15000,18
0.15833,19
0.16667,19
0.17500,19
0.18333,19
0.19167,19
0.20000,20
0.20833,20
0.21667,21
0.22500,21
0.23333,22
0.24167,22
0.25000,22
0.25833,22
0.26667,22
0.27500,23
0.28333,23
0.29167,23
0.30000,23
0.30833,23
0.31667,23
0.32500,23
0.33333,23
0.34167,23
0.35000,23
0.35833,23
0.36667,23
0.37500,23
0.38333,23
0.39167,23
0.40000,23
0.40833,23
0.41667,23
0.42500,23
0.43333,23
0.44167,23
0.45000,23
0.45833,22
0.46667,22
0.47500,21
0.48333,21
0.49167,21
0.50000,21
0.50833,21
0.51667,21
0.52500,21
0.53333,21
0.54167,21
0.55000,21
0.55833,21
0.56667,20
0.57500,20
0.58333,20
0.59167,19
0.60000,18
0.60833,18
0.61667,17
0.62500,17
0.63333,17
0.64167,17
0.65000,17
0.65833,17
0.66667,16
0.67500,16
0.68333,16
0.69167,16
0.70000,15
0.70833,15
0.71667,14
0.72500,14
0.73333,13
0.74167,13
0.75000,13
0.75833,12
0.76667,12
0.77500,12
0.78333,11
0.79167,11
0.80000,10
0.80833,10
0.81667,10
0.82500,9
0.83333,9
0.84167,9
0.85000,8
0.85833,7
0.86667,7
0.87500,6
0.88333,6
0.89167,5
0.90000,5
0.90833,5
0.91667,4
0.92500,4
0.93333,4
0.94167,3
0.95000,3
0.95833,2
0.96667,2
0.97500,2
0.98333,2
0.99167,1
1.00000,1
1.00833,0
1.01667,-1
1.02500,-1
1.03333,-2
1.04167,-2
1.05000,-3
1.05833,-3
1.06667,-4
1.07500,-4
1.08333,-5
1.09167,-5
1.10000,-6
1.10833,-6
1.11667,-7
1.12500,-7
1.13333,-8
1.14167,-9
1.15000,-9
1.15833,-10
1.16667,-10
1.17500,-11
1.18333,-11
1.19167,-11
1.20000,-12
1.20833,-12
1.21667,-13
1.22500,-13
1.23333,-14
1.24167,-15
1.25000,-15
1.25833,-16
1.26667,-16
1.27500,-17
1.28333,-17
1.29167,-18
1.30000,-18
1.30833,-19
1.31667,-19
1.32500,-19
1.33333,-20
1.34167,-20
1.35000,-20
1.35833,-21
1.36667,-21
1.37500,-21
1.38333,-21
1.39167,-22
1.40000,-22
1.40833,-22
1.41667,-23
1.42500,-23
1.43333,-23
1.44167,-23
1.45000,-23
1.45833,-23
1.46667,-23
1.47500,-23
1.48333,-24
1.49167,-24
1.50000,-24
1.50833,-24
1.51667,-25
1.52500,-25
1.53333,-25
1.54167,-24
1.55000,-24
1.55833,-25
1.56667,-25
1.57500,-25
1.58333,-25
1.59167,-25
1.60000,-25
1.60833,-26
1.61667,-26
1.62500,-26
1.63333,-26
1.64167,-26
1.65000,-26
1.65833,-26
1.66667,-25
1.67500,-26
1.68333,-26
1.69167,-26
1.70000,-27
1.70833,-27
1.71667,-28
1.72500,-28
1.73333,-28
1.74167,-29
1.75000,-29
1.75833,-30
1.76667,-30
1.77500,-31
1.78333,-32
1.79167,-33
1.80000,-33
1.80833,-34
1.81667,-34
1.82500,-35
1.83333,-36
1.84167,-37
1.85000,-38
1.85833,-39
1.86667,-41
1.87500,-42
1.88333,-43
1.89167,-44
1.90000,-46
1.90833,-47
1.91667,-48
1.92500,-50
1.93333,-51
1.94167,-53
1.95000,-55
1.95833,-56
1.96667,-58
1.97500,-60
1.98333,-63
1.99167,-65
2.00000,-67
2.00833,-69
2.01667,-72
2.02500,-75
2.03333,-78
2.04167,-81
2.05000,-84
2.05833,-88
2.06667,-91
2.07500,-95
2.08333,-99
2.09167,-102
2.10000,-106
2.10833,-110
2.11667,-114
2.12500,-119
2.13333,-123
2.14167,-128
2.15000,-132
2.15833,-137
2.16667,-142
2.17500,-147
2.18333,-153
2.19167,-159
2.20000,-164
2.20833,-170
2.21667,-176
2.22500,-183
2.23333,-189
2.24167,-195
2.25000,-202
2.25833,-209
2.26667,-216
2.27500,-222
2.28333,-229
2.29167,-237
2.30000,-244
2.30833,-251
2.31667,-259
2.32500,-267
2.33333,-274
2.34167,-282
2.35000,-290
2.35833,-298
2.36667,-306
2.37500,-314
2.38333,-323
2.39167,-331
2.40000,-340
2.40833,-349
2.41667,-358
2.42500,-367
2.43333,-376
2.44167,-385
2.45000,-395
2.45833,-404
2.46667,-414
2.47500,-424
2.48333,-434
2.49167,-443
2.50000,-453
2.50833,-463
2.51667,-473
2.52500,-483
2.53333,-493
2.54167,-503
2.55000,-513
2.55833,-524
2.56667,-534
2.57500,-544
2.58333,-555
2.59167,-565
2.60000,-575
2.60833,-585
2.61667,-596
2.62500,-606
2.63333,-617
2.64167,-627
2.65000,-638
2.65833,-648
2.66667,-658
2.67500,-669
2.68333,-679
2.69167,-689
2.70000,-699
2.70833,-709
2.71667,-719
2.72500,-729
2.73333,-740
2.74167,-750
2.75000,-759
2.75833,-769
2.76667,-779
2.77500,-788
2.78333,-798
2.79167,-807
2.80000,-816
2.80833,-825
2.81667,-834
2.82500,-843
2.83333,-851
2.84167,-860
2.85000,-868
2.85833,-876
2.86667,-884
2.87500,-892
2.88333,-899
2.89167,-906
2.90000,-913
2.90833,-920
2.91667,-928
2.92500,-934
2.93333,-940
2.94167,-947
2.95000,-953
2.95833,-960
2.96667,-966
2.97500,-972
2.98333,-978
2.99167,-984
3.00000,-989
3.00833,-994
3.01667,-999
3.02500,-1004
3.03333,-1009
3.04167,-1014
3.05000,-1018
3.05833,-1023
3.06667,-1026
3.07500,-1030
3.08333,-1034
3.09167,-1037
3.10000,-1041
3.10833,-1044
3.11667,-1047
3.12500,-1051
3.13333,-1054
3.14167,-1057
3.15000,-1059
3.15833,-1062
3.16667,-1065
3.17500,-1068
3.18333,-1070
3.19167,-1073
3.20000,-1075
3.20833,-1077
3.21667,-1079
3.22500,-1081
3.23333,-1082
3.24167,-1084
3.25000,-1086
3.25833,-1088
3.26667,-1089
3.27500,-1091
3.28333,-1092
3.29167,-1094
3.30000,-1096
3.30833,-1097
3.31667,-1098
3.32500,-1099
3.33333,-1100
3.34167,-1101
3.35000,-1102
3.35833,-1104
3.36667,-1105
3.37500,-1106
3.38333,-1107
3.39167,-1108
3.40000,-1108
3.40833,-1109
3.41667,-1110
3.42500,-1111
3.43333,-1112
3.44167,-1113
3.45000,-1114
3.45833,-1115
3.46667,-1116
3.47500,-1117
3.48333,-1118
3.49167,-1119
3.50000,-1120
3.50833,-1121
3.51667,-1122
3.52500,-1123
3.53333,-1124
3.54167,-1124
3.55000,-1125
3.55833,-1126
3.56667,-1127
3.57500,-1127
3.58333,-1128
3.59167,-1129
3.60000,-1130
3.60833,-1131
3.61667,-1132
3.62500,-1132
3.63333,-1133
3.64167,-1134
3.65000,-1135
3.65833,-1137
3.66667,-1137
3.67500,-1138
3.68333,-1139
3.69167,-1140
3.70000,-1140
3.70833,-1141
3.71667,-1142
3.72500,-1143
3.73333,-1144
3.74167,-1145
3.75000,-1146
3.75833,-1147
3.76667,-1148
3.77500,-1150
3.78333,-1151
3.79167,-1152
3.80000,-1154
3.80833,-1155
3.81667,-1156
3.82500,-1158
3.83333,-1159
3.84167,-1160
3.85000,-1161
3.85833,-1162
3.86667,-1163
3.87500,-1165
3.88333,-1166
3.89167,-1168
3.90000,-1169
3.90833,-1170
3.91667,-1171
3.92500,-1173
3.93333,-1175
3.94167,-1177
3.95000,-1179
3.95833,-1181
3.96667,-1183
3.97500,-1186
3.98333,-1188
3.99167,-1191
4.00000,-1193
4.00833,-1196
4.01667,-1198
4.02500,-1201
4.03333,-1203
4.04167,-1206
4.05000,-1209
4.05833,-1212
4.06667,-1215
4.07500,-1218
4.08333,-1222
4.09167,-1225
4.10000,-1229
4.10833,-1232
4.11667,-1236
4.12500,-1240
4.13333,-1244
4.14167,-1248
4.15000,-1252
4.15833,-1256
4.16667,-1260
4.17500,-1264
4.18333,-1268
4.19167,-1273
4.20000,-1277
4.20833,-1282
4.21667,-1286
4.22500,-1290
4.23333,-1295
4.24167,-1300
4.25000,-1304
4.25833,-1309
4.26667,-1314
4.27500,-1319
4.28333,-1323
4.29167,-1328
4.30000,-1333
4.30833,-1338
4.31667,-1343
4.32500,-1347
4.33333,-1352
4.34167,-1357
4.35000,-1362
4.35833,-1366
4.36667,-1370
4.37500,-1375
4.38333,-1380
4.39167,-1384
4.40000,-1389
4.40833,-1393
4.41667,-1396
4.42500,-1400
4.43333,-1404
4.44167,-1407
4.45000,-1411
4.45833,-1414
4.46667,-1417
4.47500,-1420
4.48333,-1423
4.49167,-1425
4.50000,-1428
4.50833,-1431
4.51667,-1433
4.52500,-1436
4.53333,-1438
4.54167,-1440
4.55000,-1441
4.55833,-1443
4.56667,-1443
4.57500,-1444
4.58333,-1445
4.59167,-1446
4.60000,-1446
4.60833,-1447
4.61667,-1447
4.62500,-1447
4.63333,-1447
4.64167,-1447
4.65000,-1446
4.65833,-1445
4.66667,-1444
4.67500,-1442
4.68333,-1441
4.69167,-1439
4.70000,-1437
4.70833,-1435
4.71667,-1433
4.72500,-1430
4.73333,-1428
4.74167,-1425
4.75000,-1422
4.75833,-1419
4.76667,-1416
4.77500,-1412
4.78333,-1409
4.79167,-1405
4.80000,-1402
4.80833,-1398
4.81667,-1394
4.82500,-1389
4.83333,-1385
4.84167,-1380
4.85000,-1375
4.85833,-1370
4.86667,-1365
4.87500,-1360
4.88333,-1355
4.89167,-1350
4.90000,-1344
4.90833,-1339
4.91667,-1333
4.92500,-1327
4.93333,-1321
4.94167,-1315
4.95000,-1310
4.95833,-1304
4.96667,-1299
4.97500,-1293
4.98333,-1286
4.99167,-1280
5.00000,-1275
5.00833,-1269
5.01667,-1263
5.02500,-1257
5.03333,-1251
5.04167,-1245
5.05000,-1238
5.05833,-1232
5.06667,-1226
5.07500,-1219
5.08333,-1213
5.09167,-1208
5.10000,-1202
5.10833,-1196
5.11667,-1190
5.12500,-1184
5.13333,-1179
5.14167,-1173
5.15000,-1167
5.15833,-1161
5.16667,-1155
5.17500,-1150
5.18333,-1144
5.19167,-1139
5.20000,-1133
5.20833,-1128
5.21667,-1123
5.22500,-1118
5.23333,-1113
5.24167,-1108
5.25000,-1104
5.25833,-1099
5.26667,-1094
5.27500,-1089
5.28333,-1085
5.29167,-1080
5.30000,-1076
5.30833,-1071
5.31667,-1067
5.32500,-1063
5.33333,-1058
5.34167,-1054
5.35000,-1050
5.35833,-1046
5.36667,-1042
5.37500,-1038
5.38333,-1034
5.39167,-1031
5.40000,-1028
5.40833,-1024
5.41667,-1021
5.42500,-1017
5.43333,-1013
5.44167,-1010
5.45000,-1007
5.45833,-1003
5.46667,-1000
5.47500,-997
5.48333,-994
5.49167,-991
5.50000,-988
5.50833,-986
5.51667,-983
5.52500,-980
5.53333,-978
5.54167,-975
5.55000,-973
5.55833,-970
5.56667,-968
5.57500,-965
5.58333,-962
5.59167,-960
5.60000,-957
5.60833,-955
5.61667,-954
5.62500,-951
5.63333,-949
5.64167,-947
5.65000,-946
5.65833,-944
5.66667,-942
5.67500,-939
5.68333,-937
5.69167,-935
5.70000,-933
5.70833,-932
5.71667,-930
5.72500,-928
5.73333,-926
5.74167,-924
5.75000,-922
5.75833,-920
5.76667,-919
5.77500,-917
5.78333,-916
5.79167,-915
5.80000,-913
5.80833,-912
5.81667,-910
5.82500,-909
5.83333,-907
5.84167,-906
5.85000,-904
5.85833,-903
5.86667,-901
5.87500,-900
5.88333,-899
5.89167,-897
5.90000,-896
5.90833,-894
5.91667,-893
5.92500,-891
5.93333,-889
5.94167,-887
5.95000,-886
5.95833,-884
5.96667,-883
5.97500,-881
5.98333,-880
5.99167,-878
6.00000,-877
6.00833,-875
6.01667,-873
6.02500,-871
6.03333,-870
6.04167,-868
6.05000,-866
6.05833,-864
6.06667,-862
6.07500,-860
6.08333,-858
6.09167,-857
6.10000,-854
6.10833,-853
6.11667,-851
6.12500,-848
6.13333,-846
6.14167,-843
6.15000,-841
6.15833,-839
6.16667,-837
6.17500,-835
6.18333,-833
6.19167,-831
6.20000,-828
6.20833,-826
6.21667,-824
6.22500,-821
6.23333,-819
6.24167,-817
6.25000,-814
6.25833,-811
6.26667,-808
6.27500,-805
6.28333,-802
6.29167,-799
6.30000,-796
6.30833,-794
6.31667,-791
6.32500,-788
6.33333,-785
6.34167,-782
6.35000,-779
6.35833,-775
6.36667,-772
6.37500,-768
6.38333,-765
6.39167,-762
6.40000,-758
6.40833,-755
6.41667,-752
6.42500,-748
6.43333,-745
6.44167,-741
6.45000,-737
6.45833,-734
6.46667,-731
6.47500,-728
6.48333,-724
6.49167,-720
6.50000,-717
6.50833,-713
6.51667,-710
6.52500,-706
6.53333,-702
6.54167,-699
6.55000,-695
6.55833,-691
6.56667,-687
6.57500,-683
6.58333,-680
6.59167,-676
6.60000,-672
6.60833,-669
6.61667,-665
6.62500,-661
6.63333,-658
6.64167,-654
6.65000,-651
6.65833,-647
6.66667,-643
6.67500,-639
6.68333,-636
6.69167,-632
6.70000,-628
6.70833,-624
6.71667,-620
6.72500,-616
6.73333,-612
6.74167,-608
6.75000,-605
6.75833,-601
6.76667,-598
6.77500,-594
6.78333,-590
6.79167,-587
6.80000,-583
6.80833,-579
6.81667,-576
6.82500,-572
6.83333,-569
6.84167,-566
6.85000,-562
6.85833,-558
6.86667,-555
6.87500,-552
6.88333,-549
6.89167,-545
6.90000,-542
6.90833,-538
6.91667,-535
6.92500,-532
6.93333,-529
6.94167,-526
6.95000,-523
6.95833,-520
6.96667,-517
6.97500,-513
6.98333,-510
6.99167,-507
7.00000,-504
7.00833,-501
7.01667,-498
7.02500,-496
7.03333,-493
7.04167,-490
7.05000,-488
7.05833,-485
7.06667,-483
7.07500,-480
7.08333,-477
7.09167,-474
7.10000,-471
7.10833,-469
7.11667,-466
7.12500,-464
7.13333,-462
7.14167,-459
7.15000,-457
7.15833,-454
7.16667,-452
7.17500,-450
7.18333,-447
7.19167,-445
7.20000,-442
7.20833,-440
7.21667,-439
7.22500,-437
7.23333,-435
7.24167,-432
7.25000,-430
7.25833,-428
7.26667,-426
7.27500,-424
7.28333,-423
7.29167,-421
7.30000,-419
7.30833,-417
7.31667,-416
7.32500,-413
7.33333,-411
7.34167,-409
7.35000,-408
7.35833,-406
7.36667,-404
7.37500,-403
7.38333,-401
7.39167,-399
7.40000,-398
7.40833,-396
7.41667,-395
7.42500,-393
7.43333,-391
7.44167,-390
7.45000,-388
7.45833,-386
7.46667,-385
7.47500,-383
7.48333,-382
7.49167,-380
7.50000,-379
7.50833,-378
7.51667,-376
7.52500,-375
7.53333,-373
7.54167,-372
7.55000,-371
7.55833,-369
7.56667,-368
7.57500,-366
7.58333,-365
7.59167,-363
7.60000,-362
7.60833,-361
7.61667,-360
7.62500,-359
7.63333,-358
7.64167,-356
7.65000,-354
7.65833,-353
7.66667,-352
7.67500,-351
7.68333,-350
7.69167,-348
7.70000,-347
7.70833,-346
7.71667,-345
7.72500,-344
7.73333,-342
7.74167,-341
7.75000,-340
7.75833,-339
7.76667,-338
7.77500,-337
7.78333,-336
7.79167,-335
7.80000,-334
7.80833,-333
7.81667,-331
7.82500,-330
7.83333,-329
7.84167,-328
7.85000,-328
7.85833,-327
7.86667,-326
7.87500,-326
7.88333,-324
7.89167,-323
7.90000,-322
7.90833,-321
7.91667,-320
7.92500,-319
7.93333,-318
7.94167,-317
7.95000,-316
7.95833,-315
7.96667,-314
7.97500,-313
7.98333,-312
7.99167,-311
8.00000,-310
8.00833,-309
8.01667,-308
8.02500,-308
8.03333,-307
8.04167,-307
8.05000,-306
8.05833,-305
8.06667,-304
8.07500,-303
8.08333,-302
8.09167,-301
8.10000,-301
8.10833,-300
8.11667,-299
8.12500,-298
8.13333,-297
8.14167,-296
8.15000,-295
8.15833,-295
8.16667,-294
8.17500,-293
8.18333,-292
8.19167,-291
8.20000,-290
8.20833,-289
8.21667,-288
8.22500,-287
8.23333,-286
8.24167,-285
8.25000,-285
8.25833,-284
8.26667,-284
8.27500,-283
8.28333,-282
8.29167,-281
8.30000,-280
8.30833,-280
8.31667,-279
8.32500,-278
8.33333,-278
8.34167,-277
8.35000,-276
8.35833,-276
8.36667,-275
8.37500,-274
8.38333,-274
8.39167,-273
8.40000,-272
8.40833,-271
8.41667,-270
8.42500,-269
8.43333,-269
8.44167,-268
8.45000,-267
8.45833,-267
8.46667,-266
8.47500,-265
8.48333,-265
8.49167,-264
8.50000,-263
8.50833,-262
8.51667,-262
8.52500,-261
8.53333,-260
8.54167,-259
8.55000,-258
8.55833,-257
8.56667,-256
8.57500,-255
8.58333,-254
8.59167,-253
8.60000,-252
8.60833,-251
8.61667,-251
8.62500,-250
8.63333,-248
8.64167,-247
8.65000,-246
8.65833,-245
8.66667,-244
8.67500,-243
8.68333,-241
8.69167,-240
8.70000,-238
8.70833,-237
8.71667,-235
8.72500,-234
8.73333,-233
8.74167,-231
8.75000,-229
8.75833,-228
8.76667,-226
8.77500,-224
8.78333,-222
8.79167,-220
8.80000,-218
8.80833,-215
8.81667,-212
8.82500,-209
8.83333,-206
8.84167,-204
8.85000,-201
8.85833,-197
8.86667,-194
8.87500,-191
8.88333,-187
8.89167,-183
8.90000,-178
8.90833,-174
8.91667,-169
8.92500,-164
8.93333,-158
8.94167,-153
8.95000,-147
8.95833,-140
8.96667,-134
8.97500,-127
8.98333,-119
8.99167,-111
9.00000,-103
9.00833,-94
9.01667,-84
9.02500,-75
9.03333,-65
9.04167,-54
9.05000,-43
9.05833,-31
9.06667,-18
9.07500,-5
9.08333,9
9.09167,24
9.10000,39
9.10833,55
9.11667,72
9.12500,90
9.13333,109
9.14167,128
9.15000,149
9.15833,170
9.16667,192
9.17500,216
9.18333,240
9.19167,265
9.20000,291
9.20833,318
9.21667,346
9.22500,376
9.23333,406
9.24167,437
9.25000,470
9.25833,503
9.26667,538
9.27500,573
9.28333,611
9.29167,649
9.30000,689
9.30833,729
9.31667,771
9.32500,814
9.33333,858
9.34167,903
9.35000,949
9.35833,995
9.36667,1044
9.37500,1093
9.38333,1143
9.39167,1195
9.40000,1247
9.40833,1300
9.41667,1355
9.42500,1410
9.43333,1466
9.44167,1522
9.45000,1580
9.45833,1638
9.46667,1696
9.47500,1755
9.48333,1814
9.49167,1874
9.50000,1934
9.50833,1994
9.51667,2055
9.52500,2115
9.53333,2176
9.54167,2236
9.55000,2297
9.55833,2356
9.56667,2416
9.57500,2475
9.58333,2534
9.59167,2592
9.60000,2649
9.60833,2707
9.61667,2763
9.62500,2818
9.63333,2872
9.64167,2925
9.65000,2976
9.65833,3027
9.66667,3076
9.67500,3124
9.68333,3170
9.69167,3214
9.70000,3257
9.70833,3298
9.71667,3337
9.72500,3375
9.73333,3410
9.74167,3444
9.75000,3476
9.75833,3505
9.76667,3533
9.77500,3558
9.78333,3581
9.79167,3602
9.80000,3620
9.80833,3636
9.81667,3650
9.82500,3661
9.83333,3669
9.84167,3676
9.85000,3681
9.85833,3683
9.86667,3682
9.87500,3680
9.88333,3675
9.89167,3668
9.90000,3658
9.90833,3646
9.91667,3632
9.92500,3615
9.93333,3597
9.94167,3576
9.95000,3553
9.95833,3528
9.96667,3501
9.97500,3472
9.98333,3441
9.99167,3409
10.00000,3374
10.00833,3338
10.01667,3301
10.02500,3261
10.03333,3221
10.04167,3179
10.05000,3136
10.05833,3091
10.06667,3046
10.07500,2999
10.08333,2951
10.09167,2902
10.10000,2852
10.10833,2802
10.11667,2751
10.12500,2699
10.13333,2646
10.14167,2593
10.15000,2539
10.15833,2486
10.16667,2432
10.17500,2378
10.18333,2323
10.19167,2268
10.20000,2213
10.20833,2159
10.21667,2104
10.22500,2050
10.23333,1996
10.24167,1942
10.25000,1888
10.25833,1834
10.26667,1781
10.27500,1728
10.28333,1676
10.29167,1625
10.30000,1574
10.30833,1523
10.31667,1473
10.32500,1424
10.33333,1375
10.34167,1328
10.35000,1281
10.35833,1235
10.36667,1190
10.37500,1146
10.38333,1102
10.39167,1060
10.40000,1018
10.40833,978
10.41667,939
10.42500,902
10.43333,865
10.44167,829
10.45000,794
10.45833,761
10.46667,728
10.47500,698
10.48333,668
10.49167,640
10.50000,614
10.50833,590
10.51667,567
10.52500,547
10.53333,529
10.54167,513
10.55000,501
10.55833,494
10.56667,491
10.57500,494
10.58333,503
10.59167,520
10.60000,546
10.60833,582
10.61667,630
10.62500,691
10.63333,767
10.64167,860
10.65000,970
10.65833,1101
10.66667,1254
10.67500,1431
10.68333,1633
10.69167,1862
10.70000,2120
10.70833,2407
10.71667,2724
10.72500,3073
10.73333,3453
10.74167,3864
10.75000,4306
10.75833,4777
10.76667,5276
10.77500,5802
10.78333,6349
10.79167,6916
10.80000,7498
10.80833,8091
10.81667,8688
10.82500,9284
10.83333,9872
10.84167,10445
10.85000,10994
10.85833,11514
10.86667,11995
10.87500,12430
10.88333,12811
10.89167,13131
10.90000,13385
10.90833,13566
10.91667,13672
10.92500,13698
10.93333,13643
10.94167,13509
10.95000,13296
10.95833,13008
10.96667,12651
10.97500,12230
10.98333,11753
10.99167,11229
11.00000,10666
11.00833,10075
11.01667,9464
11.02500,8844
11.03333,8223
11.04167,7608
11.05000,7008
11.05833,6427
11.06667,5872
11.07500,5345
11.08333,4851
11.09167,4391
11.10000,3965
11.10833,3575
11.11667,3218
11.12500,2895
11.13333,2603
11.14167,2340
11.15000,2105
11.15833,1895
11.16667,1708
11.17500,1541
11.18333,1392
11.19167,1261
11.20000,1144
11.20833,1040
11.21667,947
11.22500,864
11.23333,791
11.24167,725
11.25000,666
11.25833,613
11.26667,566
11.27500,524
11.28333,487
11.29167,453
11.30000,423
11.30833,395
11.31667,370
11.32500,348
11.33333,328
11.34167,309
11.35000,292
11.35833,277
11.36667,262
11.37500,249
11.38333,237
11.39167,226
11.40000,216
11.40833,206
11.41667,196
11.42500,187
11.43333,179
11.44167,171
11.45000,163
11.45833,156
11.46667,148
11.47500,141
11.48333,134
11.49167,128
11.50000,121
11.50833,114
11.51667,107
11.52500,101
11.53333,94
11.54167,88
11.55000,81
11.55833,75
11.56667,69
11.57500,63
11.58333,58
11.59167,52
11.60000,47
11.60833,42
11.61667,37
11.62500,31
11.63333,26
11.64167,21
11.65000,17
11.65833,12
11.66667,8
11.67500,4
11.68333,-0
11.69167,-4
11.70000,-8
11.70833,-12
11.71667,-16
11.72500,-19
11.73333,-23
11.74167,-26
11.75000,-29
11.75833,-32
11.76667,-34
11.77500,-37
11.78333,-39
11.79167,-42
11.80000,-44
11.80833,-47
11.81667,-49
11.82500,-51
11.83333,-53
11.84167,-55
11.85000,-57
11.85833,-59
11.86667,-61
11.87500,-63
11.88333,-65
11.89167,-66
11.90000,-68
11.90833,-69
11.91667,-71
11.92500,-73
11.93333,-74
11.94167,-76
11.95000,-77
11.95833,-78
11.96667,-80
11.97500,-81
11.98333,-83
11.99167,-83
12.00000,-84
12.00833,-85
12.01667,-86
12.02500,-87
12.03333,-88
12.04167,-89
12.05000,-90
12.05833,-90
12.06667,-91
12.07500,-92
12.08333,-92
12.09167,-93
12.10000,-94
12.10833,-94
12.11667,-94
12.12500,-94
12.13333,-95
12.14167,-96
12.15000,-96
12.15833,-96
12.16667,-97
12.17500,-97
12.18333,-98
12.19167,-98
12.20000,-98
12.20833,-98
12.21667,-98
12.22500,-98
12.23333,-98
12.24167,-98
12.25000,-98
12.25833,-98
12.26667,-97
12.27500,-97
12.28333,-97
12.29167,-97
12.30000,-97
12.30833,-97
12.31667,-97
12.32500,-96
12.33333,-96
12.34167,-96
12.35000,-96
12.35833,-96
12.36667,-96
12.37500,-95
12.38333,-95
12.39167,-94
12.40000,-94
12.40833,-94
12.41667,-93
12.42500,-93
12.43333,-93
12.44167,-93
12.45000,-93
12.45833,-93
12.46667,-92
12.47500,-92
12.48333,-92
12.49167,-92
12.50000,-92
12.50833,-92
12.51667,-92
12.52500,-92
12.53333,-91
12.54167,-91
12.55000,-90
12.55833,-90
12.56667,-90
12.57500,-90
12.58333,-90
12.59167,-89
12.60000,-89
12.60833,-88
12.61667,-87
12.62500,-86
12.63333,-85
12.64167,-83
12.65000,-81
12.65833,-78
12.66667,-75
12.67500,-71
12.68333,-66
12.69167,-59
12.70000,-51
12.70833,-41
12.71667,-29
12.72500,-14
12.73333,3
12.74167,23
12.75000,46
12.75833,73
12.76667,105
12.77500,140
12.78333,181
12.79167,226
12.80000,277
12.80833,333
12.81667,396
12.82500,464
12.83333,539
12.84167,621
12.85000,709
12.85833,804
12.86667,906
12.87500,1014
12.88333,1129
12.89167,1250
12.90000,1378
12.90833,1512
12.91667,1652
12.92500,1799
12.93333,1952
12.94167,2111
12.95000,2276
12.95833,2446
12.96667,2621
12.97500,2802
12.98333,2988
12.99167,3178
13.00000,3373
13.00833,3572
13.01667,3776
13.02500,3983
13.03333,4195
13.04167,4411
13.05000,4630
13.05833,4853
13.06667,5080
13.07500,5310
13.08333,5544
13.09167,5780
13.10000,6020
13.10833,6262
13.11667,6508
13.12500,6756
13.13333,7007
13.14167,7260
13.15000,7517
13.15833,7776
13.16667,8038
13.17500,8303
13.18333,8569
13.19167,8839
13.20000,9110
13.20833,9384
13.21667,9660
13.22500,9939
13.23333,10220
13.24167,10503
13.25000,10788
13.25833,11076
13.26667,11366
13.27500,11659
13.28333,11953
13.29167,12250
13.30000,12549
13.30833,12850
13.31667,13154
13.32500,13460
13.33333,13768
13.34167,14078
13.35000,14391
13.35833,14706
13.36667,15023
13.37500,15342
13.38333,15664
13.39167,15988
13.40000,16314
13.40833,16642
13.41667,16972
13.42500,17305
13.43333,17640
13.44167,17977
13.45000,18317
13.45833,18659
13.46667,19004
13.47500,19351
13.48333,19700
13.49167,20051
13.50000,20405
13.50833,20761
13.51667,21120
13.52500,21481
13.53333,21844
13.54167,22211
13.55000,22579
13.55833,22950
13.56667,23324
13.57500,23700
13.58333,24079
13.59167,24460
13.60000,24844
13.60833,25230
13.61667,25619
13.62500,26011
13.63333,26405
13.64167,26801
13.65000,27201
13.65833,27602
13.66667,28007
13.67500,28414
13.68333,28824
13.69167,29237
13.70000,29653
13.70833,30071
13.71667,30492
13.72500,30916
13.73333,31343
13.74167,31773
13.75000,32206
13.75833,32642
13.76667,33081
13.77500,33522
13.78333,33967
13.79167,34414
13.80000,34864
13.80833,35316
13.81667,35772
13.82500,36231
13.83333,36693
13.84167,37157
13.85000,37623
13.85833,38092
13.86667,38561
13.87500,39030
13.88333,39495
13.89167,39952
13.90000,40394
13.90833,40811
13.91667,41190
13.92500,41513
13.93333,41760
13.94167,41905
13.95000,41924
13.95833,41788
13.96667,41471
13.97500,40953
13.98333,40217
13.99167,39253
14.00000,38063
14.00833,36655
14.01667,35049
14.02500,33271
14.03333,31355
14.04167,29337
14.05000,27257
14.05833,25155
14.06667,23068
14.07500,21030
14.08333,19070
14.09167,17209
14.10000,15465
14.10833,13849
14.11667,12368
14.12500,11022
14.13333,9809
14.14167,8726
14.15000,7765
14.15833,6918
14.16667,6178
14.17500,5536
14.18333,4984
14.19167,4513
14.20000,4117
14.20833,3788
14.21667,3521
14.22500,3310
14.23333,3151
14.24167,3039
14.25000,2971
14.25833,2943
14.26667,2954
14.27500,2999
14.28333,3076
14.29167,3183
14.30000,3317
14.30833,3475
14.31667,3654
14.32500,3852
14.33333,4065
14.34167,4292
14.35000,4528
14.35833,4771
14.36667,5018
14.37500,5264
14.38333,5508
14.39167,5745
14.40000,5973
14.40833,6188
14.41667,6389
14.42500,6571
14.43333,6733
14.44167,6874
14.45000,6990
14.45833,7081
14.46667,7145
14.47500,7183
14.48333,7195
14.49167,7179
14.50000,7138
14.50833,7071
14.51667,6981
14.52500,6867
14.53333,6733
14.54167,6580
14.55000,6410
14.55833,6225
14.56667,6027
14.57500,5819
14.58333,5602
14.59167,5378
14.60000,5151
14.60833,4921
14.61667,4691
14.62500,4461
14.63333,4234
14.64167,4011
14.65000,3793
14.65833,3580
14.66667,3374
14.67500,3175
14.68333,2983
14.69167,2800
14.70000,2626
14.70833,2460
14.71667,2302
14.72500,2153
14.73333,2012
14.74167,1879
14.75000,1755
14.75833,1638
14.76667,1528
14.77500,1425
14.78333,1329
14.79167,1239
14.80000,1156
14.80833,1078
14.81667,1005
14.82500,938
14.83333,876
14.84167,817
14.85000,764
14.85833,713
14.86667,667
14.87500,624
14.88333,584
14.89167,547
14.90000,513
14.90833,481
14.91667,451
14.92500,424
14.93333,399
14.94167,375
14.95000,354
14.95833,334
14.96667,316
14.97500,299
14.98333,283
14.99167,268
15.00000,255
15.00833,243
15.01667,233
15.02500,223
15.03333,214
15.04167,206
15.05000,199
15.05833,192
15.06667,186
15.07500,180
15.08333,175
15.09167,171
15.10000,167
15.10833,164
15.11667,161
15.12500,159
15.13333,157
15.14167,156
15.15000,155
15.15833,154
15.16667,154
15.17500,154
15.18333,154
15.19167,153
15.20000,153
15.20833,154
15.21667,154
15.22500,154
15.23333,154
15.24167,154
15.25000,154
15.25833,153
15.26667,153
15.27500,152
15.28333,151
15.29167,150
15.30000,149
15.30833,147
15.31667,146
15.32500,144
15.33333,143
15.34167,140
15.35000,138
15.35833,135
15.36667,133
15.37500,130
15.38333,128
15.39167,125
15.40000,122
15.40833,119
15.41667,116
15.42500,113
15.43333,110
15.44167,107
15.45000,104
15.45833,101
15.46667,98
15.47500,95
15.48333,92
15.49167,89
15.50000,86
15.50833,83
15.51667,80
15.52500,77
15.53333,74
15.54167,72
15.55000,70
15.55833,67
15.56667,65
15.57500,63
15.58333,62
15.59167,60
15.60000,58
15.60833,56
15.61667,54
15.62500,53
15.63333,51
15.64167,49
15.65000,48
15.65833,46
15.66667,45
15.67500,44
15.68333,43
15.69167,42
15.70000,41
15.70833,40
15.71667,39
15.72500,38
15.73333,37
15.74167,36
15.75000,35
15.75833,34
15.76667,33
15.77500,32
15.78333,31
15.79167,30
15.80000,30
15.80833,29
15.81667,28
15.82500,28
15.83333,27
15.84167,26
15.85000,26
15.85833,25
15.86667,24
15.87500,24
15.88333,23
15.89167,23
15.90000,22
15.90833,21
15.91667,21
15.92500,21
15.93333,20
15.94167,20
15.95000,19
15.95833,19
15.96667,18
15.97500,18
15.98333,18
15.99167,17
16.00000,16
16.00833,16
16.01667,15
16.02500,14
16.03333,13
16.04167,13
16.05000,12
16.05833,12
16.06667,11
16.07500,11
16.08333,10
16.09167,10
16.10000,10
16.10833,9
16.11667,9
16.12500,8
16.13333,8
16.14167,8
16.15000,7
16.15833,7
16.16667,7
16.17500,6
16.18333,6
16.19167,6
16.20000,5
16.20833,5
16.21667,5
16.22500,5
16.23333,4
16.24167,4
16.25000,3
16.25833,3
16.26667,2
16.27500,2
16.28333,2
16.29167,2
16.30000,2
16.30833,2
16.31667,1
16.32500,1
16.33333,1
16.34167,0
16.35000,0
16.35833,-0
16.36667,-0
16.37500,-0
16.38333,-1
16.39167,-1
16.40000,-1
16.40833,-2
16.41667,-2
16.42500,-2
16.43333,-2
16.44167,-2
16.45000,-2
16.45833,-2
16.46667,-2
16.47500,-2
16.48333,-2
16.49167,-2
16.50000,-3
16.50833,-3
16.51667,-4
16.52500,-4
16.53333,-5
16.54167,-5
16.55000,-6
16.55833,-6
16.56667,-6
16.57500,-6
16.58333,-6
16.59167,-7
16.60000,-7
16.60833,-7
16.61667,-8
16.62500,-8
16.63333,-8
16.64167,-8
16.65000,-8
16.65833,-8
16.66667,-9
16.67500,-9
16.68333,-9
16.69167,-9
16.70000,-9
16.70833,-9
16.71667,-9
16.72500,-10
16.73333,-10
16.74167,-11
16.75000,-12
16.75833,-12
16.76667,-13
16.77500,-13
16.78333,-13
16.79167,-13
16.80000,-13
16.80833,-14
16.81667,-14
16.82500,-14
16.83333,-15
16.84167,-15
16.85000,-15
16.85833,-15
16.86667,-15
16.87500,-15
16.88333,-16
16.89167,-16
16.90000,-16
16.90833,-17
16.91667,-17
16.92500,-17
16.93333,-17
16.94167,-18
16.95000,-18
16.95833,-18
16.96667,-18
16.97500,-18
16.98333,-18
16.99167,-18
17.00000,-18
17.00833,-19
17.01667,-19
17.02500,-20
17.03333,-20
17.04167,-20
17.05000,-20
17.05833,-20
17.06667,-20
17.07500,-20
17.08333,-21
17.09167,-21
17.10000,-22
17.10833,-22
17.11667,-22
17.12500,-22
17.13333,-22
17.14167,-22
17.15000,-22
17.15833,-22
17.16667,-23
17.17500,-23
17.18333,-23
17.19167,-23
17.20000,-23
17.20833,-23
17.21667,-23
17.22500,-23
17.23333,-24
17.24167,-24
17.25000,-24
17.25833,-25
17.26667,-25
17.27500,-25
17.28333,-25
17.29167,-25
17.30000,-25
17.30833,-25
17.31667,-25
17.32500,-25
17.33333,-25
17.34167,-25
17.35000,-25
17.35833,-25
17.36667,-26
17.37500,-26
17.38333,-26
17.39167,-26
17.40000,-27
17.40833,-27
17.41667,-27
17.42500,-27
17.43333,-27
17.44167,-27
17.45000,-28
17.45833,-28
17.46667,-28
17.47500,-28
17.48333,-28
17.49167,-28
17.50000,-28
17.50833,-28
17.51667,-28
17.52500,-28
17.53333,-28
17.54167,-28
17.55000,-27
17.55833,-27
17.56667,-28
17.57500,-28
17.58333,-28
17.59167,-29
17.60000,-29
17.60833,-29
17.61667,-29
17.62500,-29
17.63333,-29
17.64167,-29
17.65000,-29
17.65833,-29
17.66667,-30
17.67500,-30
17.68333,-30
17.69167,-30
17.70000,-30
17.70833,-31
17.71667,-31
17.72500,-31
17.73333,-30
17.74167,-30
17.75000,-30
17.75833,-30
17.76667,-30
17.77500,-30
17.78333,-30
17.79167,-29
17.80000,-29
17.80833,-29
17.81667,-28
17.82500,-28
17.83333,-28
17.84167,-28
17.85000,-28
17.85833,-29
17.86667,-28
17.87500,-28
17.88333,-28
17.89167,-28
17.90000,-27
17.90833,-27
17.91667,-28
17.92500,-28
17.93333,-28
17.94167,-28
17.95000,-28
17.95833,-28
17.96667,-29
17.97500,-29
17.98333,-29
17.99167,-28
18.00000,-28
18.00833,-28
18.01667,-28
18.02500,-28
18.03333,-28
18.04167,-28
18.05000,-28
18.05833,-28
18.06667,-28
18.07500,-28
18.08333,-28
18.09167,-28
18.10000,-28
18.10833,-29
18.11667,-29
18.12500,-30
18.13333,-30
18.14167,-30
18.15000,-30
18.15833,-31
18.16667,-31
18.17500,-31
18.18333,-31
18.19167,-31
18.20000,-32
18.20833,-32
18.21667,-32
18.22500,-32
18.23333,-32
18.24167,-32
18.25000,-33
18.25833,-33
18.26667,-33
18.27500,-33
18.28333,-33
18.29167,-33
18.30000,-34
18.30833,-34
18.31667,-34
18.32500,-34
18.33333,-34
18.34167,-34
18.35000,-34
18.35833,-34
18.36667,-34
18.37500,-33
18.38333,-34
18.39167,-34
18.40000,-34
18.40833,-34
18.41667,-34
18.42500,-34
18.43333,-34
18.44167,-33
18.45000,-33
18.45833,-33
18.46667,-33
18.47500,-33
18.48333,-34
18.49167,-34
18.50000,-34
18.50833,-34
18.51667,-34
18.52500,-34
18.53333,-34
18.54167,-34
18.55000,-34
18.55833,-33
18.56667,-33
18.57500,-33
18.58333,-33
18.59167,-33
18.60000,-32
18.60833,-32
18.61667,-32
18.62500,-32
18.63333,-32
18.64167,-32
18.65000,-32
18.65833,-33
18.66667,-33
18.67500,-33
18.68333,-33
18.69167,-32
18.70000,-32
18.70833,-33
18.71667,-33
18.72500,-33
18.73333,-33
18.74167,-33
18.75000,-33
18.75833,-33
18.76667,-33
18.77500,-33
18.78333,-33
18.79167,-33
18.80000,-32
18.80833,-32
18.81667,-32
18.82500,-31
18.83333,-31
18.84167,-31
18.85000,-30
18.85833,-30
18.86667,-30
18.87500,-30
18.88333,-30
18.89167,-29
18.90000,-28
18.90833,-27
18.91667,-26
18.92500,-25
18.93333,-24
18.94167,-23
18.95000,-22
18.95833,-21
18.96667,-20
18.97500,-18
18.98333,-17
18.99167,-15
19.00000,-14
19.00833,-12
19.01667,-10
19.02500,-9
19.03333,-7
19.04167,-5
19.05000,-3
19.05833,-1
19.06667,1
19.07500,3
19.08333,5
19.09167,7
19.10000,8
19.10833,10
19.11667,12
19.12500,14
19.13333,16
19.14167,17
19.15000,19
19.15833,20
19.16667,21
19.17500,23
19.18333,24
19.19167,24
19.20000,25
19.20833,26
19.21667,26
19.22500,26
19.23333,26
19.24167,26
19.25000,25
19.25833,25
19.26667,25
19.27500,24
19.28333,23
19.29167,22
19.30000,21
19.30833,20
19.31667,19
19.32500,18
19.33333,16
19.34167,14
19.35000,13
19.35833,11
19.36667,10
19.37500,8
19.38333,6
19.39167,5
19.40000,3
19.40833,1
19.41667,-0
19.42500,-1
19.43333,-3
19.44167,-5
19.45000,-6
19.45833,-7
19.46667,-9
19.47500,-10
19.48333,-12
19.49167,-13
19.50000,-14
19.50833,-16
19.51667,-17
19.52500,-18
19.53333,-19
19.54167,-20
19.55000,-21
19.55833,-22
19.56667,-23
19.57500,-23
19.58333,-24
19.59167,-24
19.60000,-25
19.60833,-25
19.61667,-26
19.62500,-26
19.63333,-27
19.64167,-27
19.65000,-28
19.65833,-28
19.66667,-28
19.67500,-28
19.68333,-29
19.69167,-29
19.70000,-29
19.70833,-30
19.71667,-30
19.72500,-30
19.73333,-30
19.74167,-30
19.75000,-30
19.75833,-30
19.76667,-30
19.77500,-31
19.78333,-31
19.79167,-31
19.80000,-31
19.80833,-31
19.81667,-31
19.82500,-31
19.83333,-32
19.84167,-32
19.85000,-32
19.85833,-32
19.86667,-32
19.87500,-32
19.88333,-32
19.89167,-32
19.90000,-32
19.90833,-33
19.91667,-32
19.92500,-32
19.93333,-32
19.94167,-32
19.95000,-32
19.95833,-32
19.96667,-32
19.97500,-32
19.98333,-32
19.99167,-32
20.00000,-32
20.00833,-32
20.01667,-32
20.02500,-32
20.03333,-32
20.04167,-32
20.05000,-32
20.05833,-32
20.06667,-32
20.07500,-32
20.08333,-32
20.09167,-32
20.10000,-31
20.10833,-31
20.11667,-31
20.12500,-31
20.13333,-31
20.14167,-31
20.15000,-31
20.15833,-31
20.16667,-31
20.17500,-31
20.18333,-32
20.19167,-32
20.20000,-32
20.20833,-32
20.21667,-32
20.22500,-32
20.23333,-31
20.24167,-31
20.25000,-31
20.25833,-31
20.26667,-31
20.27500,-30
20.28333,-30
20.29167,-30
20.30000,-31
20.30833,-31
20.31667,-30
20.32500,-30
20.33333,-30
20.34167,-30
20.35000,-30
20.35833,-30
20.36667,-30
20.37500,-30
20.38333,-30
20.39167,-30
20.40000,-30
20.40833,-30
20.41667,-30
20.42500,-30
20.43333,-30
20.44167,-30
20.45000,-30
20.45833,-30
20.46667,-30
20.47500,-30
20.48333,-30
20.49167,-30
20.50000,-30
20.50833,-30
20.51667,-30
20.52500,-30
20.53333,-30
20.54167,-30
20.55000,-30
20.55833,-30
20.56667,-29
20.57500,-29
20.58333,-29
20.59167,-29
20.60000,-28
20.60833,-28
20.61667,-28
20.62500,-28
20.63333,-28
20.64167,-29
20.65000,-29
20.65833,-29
20.66667,-29
20.67500,-28
20.68333,-28
20.69167,-28
20.70000,-27
20.70833,-27
20.71667,-27
20.72500,-27
20.73333,-27
20.74167,-27
20.75000,-26
20.75833,-26
20.76667,-26
20.77500,-25
20.78333,-25
20.79167,-25
20.80000,-25
20.80833,-24
20.81667,-24
20.82500,-24
20.83333,-24
20.84167,-24
20.85000,-24
20.85833,-24
20.86667,-24
20.87500,-23
20.88333,-23
20.89167,-22
20.90000,-22
20.90833,-23
20.91667,-23
20.92500,-23
20.93333,-22
20.94167,-22
20.95000,-22
20.95833,-22
20.96667,-21
20.97500,-21
20.98333,-20
20.99167,-20
21.00000,-20
21.00833,-20
21.01667,-19
21.02500,-19
21.03333,-19
21.04167,-18
21.05000,-18
21.05833,-17
21.06667,-17
21.07500,-16
21.08333,-15
21.09167,-14
21.10000,-13
21.10833,-12
21.11667,-11
21.12500,-11
21.13333,-11
21.14167,-10
21.15000,-10
21.15833,-9
21.16667,-9
21.17500,-8
21.18333,-7
21.19167,-6
21.20000,-5
21.20833,-5
21.21667,-4
21.22500,-3
21.23333,-3
21.24167,-2
21.25000,-2
21.25833,-1
21.26667,-1
21.27500,-2
21.28333,-2
21.29167,-1
21.30000,-1
21.30833,-1
21.31667,-1
21.32500,-2
21.33333,-2
21.34167,-2
21.35000,-2
21.35833,-2
21.36667,-2
21.37500,-3
21.38333,-3
21.39167,-3
21.40000,-4
21.40833,-4
21.41667,-4
21.42500,-4
21.43333,-5
21.44167,-5
21.45000,-5
21.45833,-6
21.46667,-7
21.47500,-7
21.48333,-8
21.49167,-8
21.50000,-8
21.50833,-8
21.51667,-9
21.52500,-10
21.53333,-11
21.54167,-11
21.55000,-11
21.55833,-11
21.56667,-12
21.57500,-12
21.58333,-12
21.59167,-13
21.60000,-13
21.60833,-14
21.61667,-14
21.62500,-14
21.63333,-14
21.64167,-15
21.65000,-15
21.65833,-16
21.66667,-16
21.67500,-16
21.68333,-17
21.69167,-17
21.70000,-17
21.70833,-18
21.71667,-17
21.72500,-17
21.73333,-17
21.74167,-17
21.75000,-17
21.75833,-17
21.76667,-17
21.77500,-17
21.78333,-17
21.79167,-18
21.80000,-18
21.80833,-18
21.81667,-18
21.82500,-18
21.83333,-18
21.84167,-18
21.85000,-18
21.85833,-18
21.86667,-18
21.87500,-19
21.88333,-19
21.89167,-19
21.90000,-19
21.90833,-19
21.91667,-19
21.92500,-19
21.93333,-19
21.94167,-19
21.95000,-19
21.95833,-19
21.96667,-19
21.97500,-19
21.98333,-19
21.99167,-18
22.00000,-18
22.00833,-18
22.01667,-18
22.02500,-18
22.03333,-18
22.04167,-18
22.05000,-18
22.05833,-18
22.06667,-18
22.07500,-18
22.08333,-18
22.09167,-18
22.10000,-18
22.10833,-18
22.11667,-18
22.12500,-17
22.13333,-17
22.14167,-18
22.15000,-18
22.15833,-18
22.16667,-18
22.17500,-17
22.18333,-17
22.19167,-17
22.20000,-17
22.20833,-17
22.21667,-17
22.22500,-17
22.23333,-16
22.24167,-16
22.25000,-16
22.25833,-16
22.26667,-16
22.27500,-16
22.28333,-16
22.29167,-16
22.30000,-16
22.30833,-16
22.31667,-16
22.32500,-16
22.33333,-16
22.34167,-16
22.35000,-16
22.35833,-16
22.36667,-16
22.37500,-15
22.38333,-15
22.39167,-15
22.40000,-15
22.40833,-15
22.41667,-15
22.42500,-15
22.43333,-15
22.44167,-15
22.45000,-15
22.45833,-15
22.46667,-15
22.47500,-14
22.48333,-14
22.49167,-14
22.50000,-14
22.50833,-14
22.51667,-14
22.52500,-14
22.53333,-14
22.54167,-14
22.55000,-14
22.55833,-14
22.56667,-14
22.57500,-14
22.58333,-14
22.59167,-14
22.60000,-14
22.60833,-14
22.61667,-13
22.62500,-13
22.63333,-13
22.64167,-12
22.65000,-12
22.65833,-12
22.66667,-11
22.67500,-11
22.68333,-10
22.69167,-10
22.70000,-10
22.70833,-9
22.71667,-9
22.72500,-9
22.73333,-9
22.74167,-9
22.75000,-8
22.75833,-8
22.76667,-7
22.77500,-6
22.78333,-6
22.79167,-5
22.80000,-5
22.80833,-4
22.81667,-3
22.82500,-3
22.83333,-2
22.84167,-2
22.85000,-1
22.85833,-0
22.86667,1
22.87500,1
22.88333,2
22.89167,2
22.90000,3
22.90833,3
22.91667,4
22.92500,5
22.93333,6
22.94167,7
22.95000,8
22.95833,8
22.96667,9
22.97500,9
22.98333,10
22.99167,11
23.00000,11
23.00833,11
23.01667,12
23.02500,12
23.03333,13
23.04167,13
23.05000,13
23.05833,13
23.06667,13
23.07500,13
23.08333,13
23.09167,12
23.10000,12
23.10833,11
23.11667,11
23.12500,11
23.13333,11
23.14167,11
23.15000,10
23.15833,10
23.16667,9
23.17500,9
23.18333,8
23.19167,7
23.20000,6
23.20833,6
23.21667,6
23.22500,5
23.23333,5
23.24167,5
23.25000,4
23.25833,4
23.26667,3
23.27500,3
23.28333,2
23.29167,1
23.30000,1
23.30833,0
23.31667,-0
23.32500,-0
23.33333,-1
23.34167,-1
23.35000,-2
23.35833,-2
23.36667,-2
23.37500,-2
23.38333,-3
23.39167,-3
23.40000,-4
23.40833,-4
23.41667,-5
23.42500,-5
23.43333,-5
23.44167,-6
23.45000,-6
23.45833,-6
23.46667,-6
23.47500,-6
23.48333,-5
23.49167,-6
23.50000,-6
23.50833,-6
23.51667,-6
23.52500,-6
23.53333,-6
23.54167,-6
23.55000,-7
23.55833,-7
23.56667,-7
23.57500,-8
23.58333,-8
23.59167,-8
23.60000,-7
23.60833,-7
23.61667,-7
23.62500,-7
23.63333,-7
23.64167,-7
23.65000,-6
23.65833,-6
23.66667,-6
23.67500,-6
23.68333,-5
23.69167,-6
23.70000,-6
23.70833,-6
23.71667,-6
23.72500,-6
23.73333,-6
23.74167,-6
23.75000,-6
23.75833,-6
23.76667,-5
23.77500,-5
23.78333,-5
23.79167,-5
23.80000,-5
23.80833,-4
23.81667,-4
23.82500,-4
23.83333,-4
23.84167,-4
23.85000,-4
23.85833,-4
23.86667,-4
23.87500,-4
23.88333,-3
23.89167,-3
23.90000,-2
23.90833,-2
23.91667,-2
23.92500,-1
23.93333,-1
23.94167,-0
23.95000,-0
23.95833,-0
23.96667,0
23.97500,0
23.98333,1
23.99167,1
24.00000,1
24.00833,0
24.01667,0
24.02500,0
24.03333,0
24.04167,1
24.05000,1
24.05833,2
24.06667,2
24.07500,2
24.08333,3
24.09167,3
24.10000,2
24.10833,2
24.11667,2
24.12500,3
24.13333,3
24.14167,3
24.15000,3
24.15833,3
24.16667,3
24.17500,3
24.18333,2
24.19167,2
24.20000,2
24.20833,2
24.21667,2
24.22500,2
24.23333,2
24.24167,2
24.25000,2
24.25833,2
24.26667,2
24.27500,3
24.28333,3
24.29167,3
24.30000,3
24.30833,3
24.31667,3
24.32500,4
24.33333,4
24.34167,5
24.35000,5
24.35833,6
24.36667,7
24.37500,8
24.38333,10
24.39167,11
24.40000,13
24.40833,14
24.41667,16
24.42500,18
24.43333,20
24.44167,24
24.45000,27
24.45833,31
24.46667,35
24.47500,40
24.48333,45
24.49167,52
24.50000,59
24.50833,66
24.51667,75
24.52500,85
24.53333,96
24.54167,109
24.55000,123
24.55833,139
24.56667,157
24.57500,177
24.58333,199
24.59167,224
24.60000,252
24.60833,282
24.61667,316
24.62500,354
24.63333,396
24.64167,442
24.65000,492
24.65833,548
24.66667,610
24.67500,677
24.68333,750
24.69167,830
24.70000,917
24.70833,1012
24.71667,1114
24.72500,1225
24.73333,1344
24.74167,1473
24.75000,1611
24.75833,1759
24.76667,1916
24.77500,2084
24.78333,2262
24.79167,2451
24.80000,2650
24.80833,2860
24.81667,3079
24.82500,3309
24.83333,3549
24.84167,3799
24.85000,4059
24.85833,4327
24.86667,4603
24.87500,4888
24.88333,5179
24.89167,5476
24.90000,5778
24.90833,6083
24.91667,6391
24.92500,6701
24.93333,7012
24.94167,7322
24.95000,7630
24.95833,7935
24.96667,8235
24.97500,8528
24.98333,8814
24.99167,9090
25.00000,9357
25.00833,9611
25.01667,9852
25.02500,10080
25.03333,10292
25.04167,10487
25.05000,10666
25.05833,10826
25.06667,10966
25.07500,11087
25.08333,11188
25.09167,11269
25.10000,11328
25.10833,11366
25.11667,11383
25.12500,11379
25.13333,11355
25.14167,11309
25.15000,11244
25.15833,11158
25.16667,11054
25.17500,10931
25.18333,10790
25.19167,10633
25.20000,10460
25.20833,10273
25.21667,10072
25.22500,9858
25.23333,9633
25.24167,9398
25.25000,9153
25.25833,8901
25.26667,8642
25.27500,8377
25.28333,8108
25.29167,7835
25.30000,7560
25.30833,7284
25.31667,7007
25.32500,6731
25.33333,6457
25.34167,6184
25.35000,5915
25.35833,5650
25.36667,5389
25.37500,5133
25.38333,4883
25.39167,4639
25.40000,4402
25.40833,4172
25.41667,3949
25.42500,3732
25.43333,3524
25.44167,3324
25.45000,3132
25.45833,2947
25.46667,2771
25.47500,2602
25.48333,2441
25.49167,2288
25.50000,2143
25.50833,2005
25.51667,1875
25.52500,1751
25.53333,1635
25.54167,1525
25.55000,1422
25.55833,1324
25.56667,1233
25.57500,1148
25.58333,1068
25.59167,993
25.60000,923
25.60833,858
25.61667,798
25.62500,742
25.63333,689
25.64167,641
25.65000,596
25.65833,554
25.66667,516
25.67500,480
25.68333,448
25.69167,418
25.70000,390
25.70833,364
25.71667,340
25.72500,318
25.73333,297
25.74167,278
25.75000,261
25.75833,246
25.76667,232
25.77500,218
25.78333,206
25.79167,195
25.80000,185
25.80833,176
25.81667,167
25.82500,159
25.83333,152
25.84167,146
25.85000,140
25.85833,134
25.86667,128
25.87500,123
25.88333,118
25.89167,114
25.90000,110
25.90833,106
25.91667,103
25.92500,99
25.93333,97
25.94167,94
25.95000,92
25.95833,90
25.96667,87
25.97500,86
25.98333,84
25.99167,82
26.00000,80
26.00833,79
26.01667,77
26.02500,76
26.03333,75
26.04167,74
26.05000,72
26.05833,71
26.06667,70
26.07500,69
26.08333,68
26.09167,67
26.10000,66
26.10833,66
26.11667,65
26.12500,64
26.13333,63
26.14167,62
26.15000,62
26.15833,61
26.16667,61
26.17500,60
26.18333,59
26.19167,58
26.20000,58
26.20833,58
26.21667,58
26.22500,57
26.23333,57
26.24167,57
26.25000,56
26.25833,56
26.26667,55
26.27500,55
26.28333,55
26.29167,54
26.30000,54
26.30833,54
26.31667,53
26.32500,53
26.33333,52
26.34167,52
26.35000,53
26.35833,52
26.36667,52
26.37500,51
26.38333,51
26.39167,50
26.40000,50
26.40833,49
26.41667,49
26.42500,49
26.43333,48
26.44167,48
26.45000,48
26.45833,48
26.46667,47
26.47500,47
26.48333,47
26.49167,47
26.50000,47
26.50833,46
26.51667,46
26.52500,46
26.53333,46
26.54167,46
26.55000,45
26.55833,45
26.56667,45
26.57500,45
26.58333,44
26.59167,44
26.60000,44
26.60833,43
26.61667,43
26.62500,43
26.63333,43
26.64167,43
26.65000,43
26.65833,43
26.66667,43
26.67500,42
26.68333,42
26.69167,42
26.70000,41
26.70833,41
26.71667,40
26.72500,40
26.73333,40
26.74167,40
26.75000,40
26.75833,40
26.76667,40
26.77500,40
26.78333,40
26.79167,39
26.80000,39
26.80833,39
26.81667,39
26.82500,39
26.83333,39
26.84167,38
26.85000,38
26.85833,38
26.86667,38
26.87500,38
26.88333,37
26.89167,37
26.90000,37
26.90833,37
26.91667,37
26.92500,37
26.93333,36
26.94167,36
26.95000,36
26.95833,36
26.96667,36
26.97500,35
26.98333,35
26.99167,35
27.00000,35
27.00833,36
27.01667,36
27.02500,36
27.03333,36
27.04167,36
27.05000,36
27.05833,35
27.06667,35
27.07500,35
27.08333,35
27.09167,35
27.10000,34
27.10833,34
27.11667,34
27.12500,34
27.13333,33
27.14167,33
27.15000,34
27.15833,33
27.16667,33
27.17500,33
27.18333,34
27.19167,34
27.20000,34
27.20833,34
27.21667,34
27.22500,34
27.23333,34
27.24167,34
27.25000,33
27.25833,33
27.26667,33
27.27500,33
27.28333,33
27.29167,34
27.30000,34
27.30833,34
27.31667,34
27.32500,33
27.33333,33
27.34167,34
27.35000,34
27.35833,34
27.36667,34
27.37500,34
27.38333,34
27.39167,34
27.40000,34
27.40833,34
27.41667,34
27.42500,34
27.43333,33
27.44167,33
27.45000,33
27.45833,33
27.46667,33
27.47500,32
27.48333,32
27.49167,32
27.50000,32
27.50833,32
27.51667,31
27.52500,31
27.53333,31
27.54167,31
27.55000,30
27.55833,30
27.56667,30
27.57500,30
27.58333,29
27.59167,29
27.60000,29
27.60833,29
27.61667,29
27.62500,28
27.63333,27
27.64167,27
27.65000,26
27.65833,25
27.66667,25
27.67500,24
27.68333,24
27.69167,23
27.70000,22
27.70833,21
27.71667,20
27.72500,19
27.73333,18
27.74167,17
27.75000,15
27.75833,14
27.76667,12
27.77500,11
27.78333,9
27.79167,8
27.80000,6
27.80833,5
27.81667,3
27.82500,1
27.83333,-1
27.84167,-4
27.85000,-6
27.85833,-9
27.86667,-11
27.87500,-13
27.88333,-16
27.89167,-18
27.90000,-21
27.90833,-24
27.91667,-27
27.92500,-30
27.93333,-33
27.94167,-36
27.95000,-40
27.95833,-43
27.96667,-46
27.97500,-49
27.98333,-52
27.99167,-56
28.00000,-59
28.00833,-62
28.01667,-65
28.02500,-69
28.03333,-72
28.04167,-75
28.05000,-78
28.05833,-81
28.06667,-84
28.07500,-87
28.08333,-90
28.09167,-93
28.10000,-96
28.10833,-98
28.11667,-101
28.12500,-103
28.13333,-105
28.14167,-108
28.15000,-110
28.15833,-112
28.16667,-114
28.17500,-116
28.18333,-118
28.19167,-119
28.20000,-120
28.20833,-121
28.21667,-122
28.22500,-122
28.23333,-123
28.24167,-123
28.25000,-123
28.25833,-123
28.26667,-123
28.27500,-122
28.28333,-121
28.29167,-121
28.30000,-119
28.30833,-118
28.31667,-117
28.32500,-116
28.33333,-114
28.34167,-113
28.35000,-111
28.35833,-110
28.36667,-108
28.37500,-106
28.38333,-103
28.39167,-101
28.40000,-98
28.40833,-95
28.41667,-93
28.42500,-90
28.43333,-88
28.44167,-86
28.45000,-83
28.45833,-80
28.46667,-77
28.47500,-74
28.48333,-71
28.49167,-68
28.50000,-65
28.50833,-63
28.51667,-61
28.52500,-58
28.53333,-55
28.54167,-52
28.55000,-50
28.55833,-47
28.56667,-45
28.57500,-42
28.58333,-40
28.59167,-37
28.60000,-35
28.60833,-32
28.61667,-29
28.62500,-27
28.63333,-25
28.64167,-23
28.65000,-21
28.65833,-19
28.66667,-17
28.67500,-15
28.68333,-14
28.69167,-12
28.70000,-10
28.70833,-8
28.71667,-6
28.72500,-4
28.73333,-3
28.74167,-1
28.75000,0
28.75833,1
28.76667,2
28.77500,3
28.78333,5
28.79167,6
28.80000,7
28.80833,7
28.81667,8
28.82500,9
28.83333,10
28.84167,11
28.85000,12
28.85833,13
28.86667,14
28.87500,14
28.88333,15
28.89167,16
28.90000,16
28.90833,17
28.91667,18
28.92500,18
28.93333,18
28.94167,19
28.95000,19
28.95833,19
28.96667,20
28.97500,21
28.98333,21
28.99167,21
29.00000,21
29.00833,21
29.01667,22
29.02500,22
29.03333,22
29.04167,22
29.05000,23
29.05833,23
29.06667,23
29.07500,23
29.08333,23
29.09167,24
29.10000,24
29.10833,24
29.11667,24
29.12500,24
29.13333,25
29.14167,26
29.15000,26
29.15833,26
29.16667,27
29.17500,27
29.18333,27
29.19167,27
29.20000,27
29.20833,27
29.21667,27
29.22500,27
29.23333,27
29.24167,27
29.25000,27
29.25833,27
29.26667,27
29.27500,26
29.28333,26
29.29167,26
29.30000,26
29.30833,26
29.31667,26
29.32500,26
29.33333,25
29.34167,25
29.35000,25
29.35833,25
29.36667,25
29.37500,25
29.38333,25
29.39167,25
29.40000,24
29.40833,24
29.41667,24
29.42500,23
29.43333,23
29.44167,22
29.45000,22
29.45833,21
29.46667,21
29.47500,20
29.48333,20
29.49167,19
29.50000,19
29.50833,18
29.51667,17
29.52500,16
29.53333,16
29.54167,15
29.55000,14
29.55833,13
29.56667,12
29.57500,11
29.58333,10
29.59167,9
29.60000,8
29.60833,7
29.61667,6
29.62500,5
29.63333,4
29.64167,3
29.65000,2
29.65833,0
29.66667,-1
29.67500,-2
29.68333,-4
29.69167,-5
29.70000,-5
29.70833,-6
29.71667,-8
29.72500,-9
29.73333,-10
29.74167,-11
29.75000,-12
29.75833,-13
29.76667,-14
29.77500,-15
29.78333,-16
29.79167,-17
29.80000,-19
29.80833,-20
29.81667,-20
29.82500,-21
29.83333,-22
29.84167,-23
29.85000,-23
29.85833,-24
29.86667,-25
29.87500,-26
29.88333,-27
29.89167,-27
29.90000,-28
29.90833,-29
29.91667,-30
29.92500,-30
29.93333,-31
29.94167,-31
29.95000,-30
29.95833,-30
29.96667,-30
29.97500,-30
29.98333,-31
29.99167,-30
30.00000,-30
30.00833,-30
30.01667,-29
30.02500,-29
30.03333,-29
30.04167,-28
30.05000,-27
30.05833,-27
30.06667,-27
30.07500,-26
30.08333,-25
30.09167,-25
30.10000,-24
30.10833,-23
30.11667,-22
30.12500,-21
30.13333,-20
30.14167,-19
30.15000,-18
30.15833,-18
30.16667,-16
30.17500,-16
30.18333,-15
30.19167,-14
30.20000,-13
30.20833,-12
30.21667,-10
30.22500,-10
30.23333,-9
30.24167,-8
30.25000,-6
30.25833,-5
30.26667,-4
30.27500,-4
30.28333,-3
30.29167,-2
30.30000,-1
30.30833,-0
30.31667,1
30.32500,2
30.33333,2
30.34167,3
30.35000,4
30.35833,5
30.36667,5
30.37500,6
30.38333,7
30.39167,8
30.40000,9
30.40833,10
30.41667,11
30.42500,11
30.43333,12
30.44167,13
30.45000,14
30.45833,14
30.46667,15
30.47500,15
30.48333,15
30.49167,15
30.50000,16
30.50833,16
30.51667,17
30.52500,18
30.53333,18
30.54167,19
30.55000,19
30.55833,19
30.56667,19
30.57500,19
30.58333,19
30.59167,19
30.60000,19
30.60833,19
30.61667,19
30.62500,19
30.63333,19
30.64167,18
30.65000,18
30.65833,18
30.66667,18
30.67500,18
30.68333,18
30.69167,18
30.70000,19
30.70833,19
30.71667,19
30.72500,19
30.73333,19
30.74167,19
30.75000,19
30.75833,18
30.76667,18
30.77500,18
30.78333,18
30.79167,18
30.80000,17
30.80833,17
30.81667,17
30.82500,17
30.83333,17
30.84167,17
30.85000,17
30.85833,17
30.86667,17
30.87500,17
30.88333,17
30.89167,17
30.90000,17
30.90833,17
30.91667,17
30.92500,16
30.93333,17
30.94167,17
30.95000,17
30.95833,17
30.96667,18
30.97500,18
30.98333,18
30.99167,18
31.00000,19
31.00833,19
31.01667,19
31.02500,19
31.03333,20
31.04167,20
31.05000,20
31.05833,20
31.06667,21
31.07500,21
31.08333,21
31.09167,21
31.10000,22
31.10833,22
31.11667,22
31.12500,23
31.13333,23
31.14167,24
31.15000,24
31.15833,25
31.16667,25
31.17500,26
31.18333,26
31.19167,27
31.20000,28
31.20833,28
31.21667,29
31.22500,29
31.23333,30
31.24167,30
31.25000,31
31.25833,31
31.26667,32
31.27500,32
31.28333,33
31.29167,33
31.30000,33
31.30833,34
31.31667,34
31.32500,35
31.33333,35
31.34167,35
31.35000,35
31.35833,36
31.36667,36
31.37500,36
31.38333,36
31.39167,36
31.40000,36
31.40833,36
31.41667,36
31.42500,36
31.43333,37
31.44167,37
31.45000,38
31.45833,38
31.46667,39
31.47500,39
31.48333,39
31.49167,39
31.50000,39
31.50833,39
31.51667,39
31.52500,39
31.53333,39
31.54167,39
31.55000,39
31.55833,39
31.56667,39
31.57500,39
31.58333,39
31.59167,39
31.60000,39
31.60833,39
31.61667,39
31.62500,39
31.63333,39
31.64167,39
31.65000,39
31.65833,40
31.66667,40
31.67500,40
31.68333,39
31.69167,39
31.70000,39
31.70833,39
31.71667,39
31.72500,39
31.73333,39
31.74167,39
31.75000,39
31.75833,39
31.76667,39
31.77500,39
31.78333,40
31.79167,39
31.80000,39
31.80833,39
31.81667,39
31.82500,39
31.83333,39
31.84167,39
31.85000,40
31.85833,40
31.86667,40
31.87500,40
31.88333,40
31.89167,40
31.90000,40
31.90833,40
31.91667,40
31.92500,40
31.93333,40
31.94167,41
31.95000,41
31.95833,41
31.96667,41
31.97500,41
31.98333,41
31.99167,41
32.00000,41
32.00833,41
32.01667,41
32.02500,41
32.03333,41
32.04167,41
32.05000,41
32.05833,41
32.06667,41
32.07500,41
32.08333,41
32.09167,41
32.10000,41
32.10833,41
32.11667,41
32.12500,41
32.13333,41
32.14167,41
32.15000,41
32.15833,41
32.16667,41
32.17500,41
32.18333,41
32.19167,41
32.20000,41
32.20833,41
32.21667,41
32.22500,42
32.23333,42
32.24167,42
32.25000,42
32.25833,42
32.26667,42
32.27500,42
32.28333,42
32.29167,43
32.30000,43
32.30833,43
32.31667,43
32.32500,43
32.33333,44
32.34167,44
32.35000,44
32.35833,44
32.36667,44
32.37500,43
32.38333,44
32.39167,44
32.40000,43
32.40833,43
32.41667,43
32.42500,43
32.43333,43
32.44167,43
32.45000,43
32.45833,43
32.46667,43
32.47500,43
32.48333,43
32.49167,43
32.50000,43
32.50833,43
32.51667,43
32.52500,43
32.53333,43
32.54167,43
32.55000,43
32.55833,42
32.56667,42
32.57500,43
32.58333,43
32.59167,43
32.60000,43
32.60833,43
32.61667,43
32.62500,43
32.63333,43
32.64167,43
32.65000,43
32.65833,44
32.66667,44
32.67500,44
32.68333,44
32.69167,44
32.70000,44
32.70833,44
32.71667,43
32.72500,43
32.73333,43
32.74167,43
32.75000,43
32.75833,43
32.76667,44
32.77500,43
32.78333,43
32.79167,43
32.80000,43
32.80833,44
32.81667,44
32.82500,44
32.83333,44
32.84167,44
32.85000,44
32.85833,44
32.86667,44
32.87500,44
32.88333,44
32.89167,44
32.90000,45
32.90833,45
32.91667,45
32.92500,45
32.93333,45
32.94167,45
32.95000,46
32.95833,46
32.96667,46
32.97500,46
32.98333,46
32.99167,46
33.00000,46
33.00833,45
33.01667,45
33.02500,45
33.03333,46
33.04167,46
33.05000,46
33.05833,46
33.06667,46
33.07500,46
33.08333,47
33.09167,47
33.10000,47
33.10833,47
33.11667,47
33.12500,47
33.13333,47
33.14167,47
33.15000,47
33.15833,46
33.16667,46
33.17500,46
33.18333,46
33.19167,46
33.20000,46
33.20833,46
33.21667,46
33.22500,46
33.23333,46
33.24167,46
33.25000,46
33.25833,47
33.26667,47
33.27500,47
33.28333,47
33.29167,47
33.30000,47
33.30833,47
33.31667,48
33.32500,48
33.33333,48
33.34167,48
33.35000,47
33.35833,47
33.36667,47
33.37500,47
33.38333,47
33.39167,47
33.40000,47
33.40833,47
33.41667,47
33.42500,47
33.43333,47
33.44167,47
33.45000,47
33.45833,47
33.46667,47
33.47500,47
33.48333,47
33.49167,48
33.50000,48
33.50833,48
33.51667,48
33.52500,47
33.53333,47
33.54167,48
33.55000,48
33.55833,48
33.56667,48
33.57500,48
33.58333,48
33.59167,48
33.60000,48
33.60833,48
33.61667,48
33.62500,48
33.63333,48
33.64167,48
33.65000,48
33.65833,48
33.66667,48
33.67500,49
33.68333,48
33.69167,48
33.70000,48
33.70833,48
33.71667,48
33.72500,48
33.73333,48
33.74167,48
33.75000,48
33.75833,49
33.76667,49
33.77500,49
33.78333,49
33.79167,49
33.80000,49
33.80833,49
33.81667,49
33.82500,50
33.83333,50
33.84167,50
33.85000,50
33.85833,50
33.86667,50
33.87500,50
33.88333,50
33.89167,49
33.90000,49
33.90833,49
33.91667,48
33.92500,49
33.93333,49
33.94167,49
33.95000,49
33.95833,49
33.96667,49
33.97500,49
33.98333,49
33.99167,49
34.00000,50
34.00833,50
34.01667,50
34.02500,50
34.03333,50
34.04167,50
34.05000,50
34.05833,50
34.06667,50
34.07500,50
34.08333,50
34.09167,51
34.10000,51
34.10833,51
34.11667,51
34.12500,50
34.13333,51
34.14167,51
34.15000,51
34.15833,51
34.16667,51
34.17500,52
34.18333,52
34.19167,52
34.20000,52
34.20833,52
34.21667,52
34.22500,51
34.23333,52
34.24167,52
34.25000,52
34.25833,52
34.26667,52
34.27500,52
34.28333,52
34.29167,52
34.30000,52
34.30833,52
34.31667,52
34.32500,52
34.33333,52
34.34167,52
34.35000,52
34.35833,52
34.36667,52
34.37500,52
34.38333,52
34.39167,52
34.40000,52
34.40833,52
34.41667,52
34.42500,52
34.43333,53
34.44167,53
34.45000,53
34.45833,53
34.46667,53
34.47500,53
34.48333,53
34.49167,53
34.50000,53
34.50833,53
34.51667,53
34.52500,53
34.53333,53
34.54167,54
34.55000,54
34.55833,54
34.56667,54
34.57500,55
34.58333,55
34.59167,55
34.60000,55
34.60833,55
34.61667,55
34.62500,55
34.63333,54
34.64167,54
34.65000,55
34.65833,55
34.66667,55
34.67500,55
34.68333,56
34.69167,56
34.70000,56
34.70833,56
34.71667,56
34.72500,55
34.73333,55
34.74167,54
34.75000,54
34.75833,54
34.76667,54
34.77500,54
34.78333,54
34.79167,54
34.80000,54
34.80833,54
34.81667,55
34.82500,55
34.83333,55
34.84167,55
34.85000,55
34.85833,56
34.86667,56
34.87500,56
34.88333,56
34.89167,56
34.90000,56
34.90833,56
34.91667,56
34.92500,57
34.93333,57
34.94167,57
34.95000,57
34.95833,57
34.96667,56
34.97500,56
34.98333,56
34.99167,56
35.00000,56
35.00833,56
35.01667,57
35.02500,57
35.03333,57
35.04167,57
35.05000,57
35.05833,57
35.06667,57
35.07500,57
35.08333,57
35.09167,57
35.10000,57
35.10833,58
35.11667,58
35.12500,58
35.13333,58
35.14167,58
35.15000,58
35.15833,58
35.16667,58
35.17500,57
35.18333,57
35.19167,57
35.20000,57
35.20833,57
35.21667,57
35.22500,57
35.23333,57
35.24167,57
35.25000,57
35.25833,57
35.26667,57
35.27500,57
35.28333,57
35.29167,58
35.30000,58
35.30833,58
35.31667,58
35.32500,58
35.33333,58
35.34167,59
35.35000,59
35.35833,59
35.36667,59
35.37500,59
35.38333,59
35.39167,59
35.40000,59
35.40833,59
35.41667,59
35.42500,59
35.43333,59
35.44167,59
35.45000,59
35.45833,59
35.46667,59
35.47500,59
35.48333,59
35.49167,59
35.50000,59
35.50833,59
35.51667,60
35.52500,60
35.53333,60
35.54167,60
35.55000,59
35.55833,59
35.56667,59
35.57500,60
35.58333,60
35.59167,61
35.60000,61
35.60833,61
35.61667,60
35.62500,60
35.63333,60
35.64167,60
35.65000,60
35.65833,60
35.66667,61
35.67500,61
35.68333,61
35.69167,61
35.70000,61
35.70833,61
35.71667,61
35.72500,61
35.73333,60
35.74167,60
35.75000,60
35.75833,60
35.76667,60
35.77500,60
35.78333,60
35.79167,61
35.80000,61
35.80833,61
35.81667,61
35.82500,61
35.83333,61
35.84167,61
35.85000,61
35.85833,61
35.86667,61
35.87500,61
35.88333,61
35.89167,61
35.90000,61
35.90833,61
35.91667,61
35.92500,62
35.93333,62
35.94167,62
35.95000,62
35.95833,62
35.96667,61
35.97500,61
35.98333,62
35.99167,62
36.00000,61
36.00833,61
36.01667,62
36.02500,62
36.03333,62
36.04167,62
36.05000,62
36.05833,63
36.06667,63
36.07500,63
36.08333,63
36.09167,63
36.10000,64
36.10833,64
36.11667,64
36.12500,64
36.13333,64
36.14167,64
36.15000,64
36.15833,64
36.16667,64
36.17500,64
36.18333,64
36.19167,64
36.20000,63
36.20833,63
36.21667,63
36.22500,63
36.23333,63
36.24167,63
36.25000,63
36.25833,63
36.26667,63
36.27500,63
36.28333,63
36.29167,63
36.30000,64
36.30833,64
36.31667,64
36.32500,64
36.33333,64
36.34167,64
36.35000,64
36.35833,63
36.36667,64
36.37500,64
36.38333,64
36.39167,65
36.40000,65
36.40833,65
36.41667,65
36.42500,65
36.43333,65
36.44167,65
36.45000,65
36.45833,65
36.46667,65
36.47500,65
36.48333,64
36.49167,64
36.50000,64
36.50833,64
36.51667,64
36.52500,65
36.53333,65
36.54167,65
36.55000,64
36.55833,64
36.56667,65
36.57500,65
36.58333,65
36.59167,66
36.60000,66
36.60833,66
36.61667,65
36.62500,66
36.63333,66
36.64167,66
36.65000,66
36.65833,66
36.66667,65
36.67500,65
36.68333,65
36.69167,66
36.70000,66
36.70833,66
36.71667,67
36.72500,67
36.73333,67
36.74167,67
36.75000,67
36.75833,68
36.76667,68
36.77500,67
36.78333,67
36.79167,67
36.80000,67
36.80833,67
36.81667,66
36.82500,66
36.83333,66
36.84167,66
36.85000,66
36.85833,66
36.86667,66
36.87500,67
36.88333,67
36.89167,67
36.90000,67
36.90833,67
36.91667,67
36.92500,66
36.93333,66
36.94167,66
36.95000,66
36.95833,66
36.96667,65
36.97500,65
36.98333,66
36.99167,66
37.00000,66
37.00833,66
37.01667,66
37.02500,66
37.03333,66
37.04167,66
37.05000,66
37.05833,67
37.06667,67
37.07500,67
37.08333,67
37.09167,67
37.10000,67
37.10833,67
37.11667,67
37.12500,67
37.13333,67
37.14167,68
37.15000,68
37.15833,68
37.16667,67
37.17500,67
37.18333,67
37.19167,67
37.20000,67
37.20833,67
37.21667,67
37.22500,68
37.23333,68
37.24167,68
37.25000,68
37.25833,68
37.26667,69
37.27500,69
37.28333,69
37.29167,69
37.30000,69
37.30833,69
37.31667,69
37.32500,69
37.33333,69
37.34167,69
37.35000,69
37.35833,69
37.36667,69
37.37500,69
37.38333,69
37.39167,69
37.40000,69
37.40833,69
37.41667,69
37.42500,69
37.43333,69
37.44167,69
37.45000,70
37.45833,70
37.46667,70
37.47500,70
37.48333,70
37.49167,70
37.50000,70
37.50833,70
37.51667,70
37.52500,70
37.53333,70
37.54167,71
37.55000,71
37.55833,71
37.56667,71
37.57500,71
37.58333,71
37.59167,71
37.60000,71
37.60833,71
37.61667,71
37.62500,71
37.63333,71
37.64167,71
37.65000,71
37.65833,71
37.66667,71
37.67500,71
37.68333,71
37.69167,71
37.70000,71
37.70833,71
37.71667,71
37.72500,71
37.73333,71
37.74167,71
37.75000,71
37.75833,71
37.76667,71
37.77500,71
37.78333,72
37.79167,72
37.80000,72
37.80833,72
37.81667,72
37.82500,72
37.83333,72
37.84167,72
37.85000,72
37.85833,73
37.86667,73
37.87500,73
37.88333,73
37.89167,73
37.90000,72
37.90833,72
37.91667,72
37.92500,73
37.93333,73
37.94167,73
37.95000,73
37.95833,73
37.96667,73
37.97500,73
37.98333,73
37.99167,73
38.00000,73
38.00833,73
38.01667,73
38.02500,73
38.03333,73
38.04167,73
38.05000,73
38.05833,74
38.06667,74
38.07500,74
38.08333,74
38.09167,74
38.10000,74
38.10833,74
38.11667,74
38.12500,74
38.13333,74
38.14167,74
38.15000,74
38.15833,75
38.16667,75
38.17500,75
38.18333,74
38.19167,74
38.20000,74
38.20833,74
38.21667,74
38.22500,74
38.23333,74
38.24167,74
38.25000,74
38.25833,74
38.26667,75
38.27500,75
38.28333,75
38.29167,75
38.30000,75
38.30833,75
38.31667,75
38.32500,75
38.33333,75
38.34167,75
38.35000,75
38.35833,75
38.36667,75
38.37500,75
38.38333,75
38.39167,76
38.40000,76
38.40833,76
38.41667,76
38.42500,76
38.43333,76
38.44167,76
38.45000,76
38.45833,76
38.46667,75
38.47500,76
38.48333,76
38.49167,76
38.50000,76
38.50833,75
38.51667,76
38.52500,76
38.53333,76
38.54167,76
38.55000,76
38.55833,76
38.56667,76
38.57500,76
38.58333,76
38.59167,76
38.60000,76
38.60833,76
38.61667,76
38.62500,76
38.63333,76
38.64167,75
38.65000,76
38.65833,76
38.66667,76
38.67500,76
38.68333,76
38.69167,76
38.70000,76
38.70833,76
38.71667,77
38.72500,77
38.73333,77
38.74167,77
38.75000,77
38.75833,77
38.76667,77
38.77500,77
38.78333,77
38.79167,78
38.80000,78
38.80833,78
38.81667,78
38.82500,77
38.83333,77
38.84167,77
38.85000,77
38.85833,77
38.86667,77
38.87500,77
38.88333,78
38.89167,78
38.90000,78
38.90833,78
38.91667,79
38.92500,79
38.93333,79
38.94167,79
38.95000,79
38.95833,79
38.96667,79
38.97500,79
38.98333,79
38.99167,79
39.00000,79
39.00833,79
39.01667,79
39.02500,79
39.03333,79
39.04167,79
39.05000,79
39.05833,79
39.06667,79
39.07500,79
39.08333,80
39.09167,80
39.10000,80
39.10833,80
39.11667,80
39.12500,80
39.13333,80
39.14167,80
39.15000,80
39.15833,81
39.16667,81
39.17500,81
39.18333,81
39.19167,81
39.20000,81
39.20833,81
39.21667,81
39.22500,81
39.23333,81
39.24167,81
39.25000,81
39.25833,81
39.26667,81
39.27500,81
39.28333,81
39.29167,81
39.30000,81
39.30833,81
39.31667,82
39.32500,82
39.33333,82
39.34167,82
39.35000,82
39.35833,82
39.36667,82
39.37500,83
39.38333,83
39.39167,83
39.40000,84
39.40833,84
39.41667,84
39.42500,84
39.43333,83
39.44167,83
39.45000,82
39.45833,82
39.46667,82
39.47500,82
39.48333,82
39.49167,81
39.50000,81
39.50833,82
39.51667,82
39.52500,83
39.53333,83
39.54167,83
39.55000,83
39.55833,83
39.56667,83
39.57500,84
39.58333,84
39.59167,84
39.60000,83
39.60833,83
39.61667,83
39.62500,83
39.63333,82
39.64167,82
39.65000,82
39.65833,82
39.66667,83
39.67500,83
39.68333,83
39.69167,83
39.70000,83
39.70833,83
39.71667,83
39.72500,83
39.73333,83
39.74167,83
39.75000,83
39.75833,83
39.76667,82
39.77500,83
39.78333,83
39.79167,83
39.80000,83
39.80833,83
39.81667,83
39.82500,83
39.83333,83
39.84167,83
39.85000,83
39.85833,84
39.86667,84
39.87500,84
39.88333,83
39.89167,83
39.90000,83
39.90833,83
39.91667,83
39.92500,83
39.93333,83
39.94167,83
39.95000,83
39.95833,83
39.96667,83
39.97500,83
39.98333,83
39.99167,83
40.00000,83

