[Header]
Application Name,LabSolutions
Version,5.97 SP1
Data File Name,C:\Users\cremerlab\Desktop\griffin\2021-04-27_REL606_acetate_turnover_redux\2021-04-27_REL606_DM_acetate_turnover_4282021_003_003.lcd
Output Date,4/28/2021
Output Time,12:56:03 PM

[File Information]
Type,Data File
Generated,4/28/2021 12:15:42 PM
Generated by,System Administrator
Modified,4/28/2021 12:56:03 PM
Modified by,System Administrator

[Sample Information]
Operator Name,System Administrator
Acquired,4/28/2021 12:16:02 PM
Sample Type,0:Unknown
Level,0
Sample Name,2021-04-07_REL606_replicate_001_timepoint_003
Sample ID,003
ISTD Amount1,1
ISTD Amount2,1
ISTD Amount3,1
ISTD Amount4,1
ISTD Amount5,1
ISTD Amount6,1
ISTD Amount7,1
ISTD Amount8,1
ISTD Amount9,1
ISTD Amount10,1
ISTD Amount11,1
ISTD Amount12,1
ISTD Amount13,1
ISTD Amount14,1
ISTD Amount15,1
ISTD Amount16,1
ISTD Amount17,1
ISTD Amount18,1
ISTD Amount19,1
ISTD Amount20,1
ISTD Amount21,1
ISTD Amount22,1
ISTD Amount23,1
ISTD Amount24,1
ISTD Amount25,1
ISTD Amount26,1
ISTD Amount27,1
ISTD Amount28,1
ISTD Amount29,1
ISTD Amount30,1
ISTD Amount31,1
ISTD Amount32,1
Sample Amount,1
Dilution Factor,1
Vial#,3
Injection Volume,20

[Original Files]
Data File,C:\Users\cremerlab\Desktop\griffin\2021-04-27_REL606_acetate_turnover_redux\2021-04-27_REL606_DM_acetate_turnover_4282021_003_003.lcd
Method File,C:\Users\cremerlab\Desktop\griffin\2.5mM_H2SO4_mobile_phase.lcm
Batch File,C:\Users\cremerlab\Desktop\griffin\2021-04-27_REL606_acetate_turnover_redux\2021-04-27_REL606_DM_acetate_turnover.lcb
Report Format File,c:\LabSolutions\System\DEFAULT.lsr

[File Description]


[Configuration]
Instrument Name,HPLC-PC-Instrument1
Instrument #,1
Line #,1
# of Detectors,2
Detector ID,Detector A,Detector B
Detector Name,Detector A,Detector B
# of Channels,1,1

[Peak Table(Detector A)]
# of Peaks,0

[Peak Table(Detector B)]
# of Peaks,5
Peak#,R.Time,I.Time,F.Time,Area,Height,A/H,Conc.,Mark,ID#,Name,k',Plate #,Plate Ht.,Tailing,Resolution,Sep.Factor,Area Ratio,Height Ratio,Conc. %,Norm Conc.
1,10.910,10.492,11.450,128147,7834,16.358,0.000,   ,,,0.000,10066,14.902,1.084,0.000,0.000,0,0,0.000,0.000
2,13.724,12.625,14.133,899526,28431,31.639,0.000,   ,,,0.258,4002,37.483,0.678,4.321,0.000,0,0,0.000,0.000
3,14.452,14.133,15.117,86685,4063,21.334,0.000, V ,,,0.325,10591,14.163,0.000,1.018,1.258,0,0,0.000,0.000
4,25.128,24.417,26.167,179590,6140,29.247,0.000,   ,,,1.303,16879,8.887,1.073,15.991,4.015,0,0,0.000,0.000
5,29.467,28.392,30.083,29144,444,65.678,0.000,   ,,,1.701,5738,26.141,0.776,3.724,1.305,0,0,0.000,0.000

[LC Chromatogram(Detector B-Ch1)]
Interval(msec),500
# of Points,4801
Start Time(min),0.000
End Time(min),40.000
Intensity Units,mV
Intensity Multiplier,0.001
R.Time (min),Intensity
0.00000,0
0.00833,0
0.01667,0
0.02500,2
0.03333,2
0.04167,1
0.05000,-2
0.05833,-4
0.06667,-6
0.07500,-7
0.08333,-8
0.09167,-8
0.10000,-7
0.10833,-5
0.11667,-4
0.12500,-3
0.13333,-1
0.14167,-0
0.15000,0
0.15833,1
0.16667,2
0.17500,2
0.18333,2
0.19167,2
0.20000,2
0.20833,2
0.21667,2
0.22500,2
0.23333,2
0.24167,3
0.25000,3
0.25833,3
0.26667,4
0.27500,3
0.28333,3
0.29167,3
0.30000,2
0.30833,2
0.31667,2
0.32500,1
0.33333,1
0.34167,1
0.35000,1
0.35833,2
0.36667,2
0.37500,2
0.38333,2
0.39167,2
0.40000,2
0.40833,2
0.41667,2
0.42500,2
0.43333,2
0.44167,2
0.45000,2
0.45833,2
0.46667,2
0.47500,2
0.48333,2
0.49167,2
0.50000,2
0.50833,2
0.51667,2
0.52500,2
0.53333,2
0.54167,3
0.55000,3
0.55833,4
0.56667,4
0.57500,5
0.58333,5
0.59167,5
0.60000,6
0.60833,6
0.61667,7
0.62500,7
0.63333,6
0.64167,6
0.65000,5
0.65833,4
0.66667,3
0.67500,2
0.68333,1
0.69167,0
0.70000,-0
0.70833,-1
0.71667,-2
0.72500,-2
0.73333,-3
0.74167,-2
0.75000,-2
0.75833,-2
0.76667,-2
0.77500,-1
0.78333,-1
0.79167,-0
0.80000,0
0.80833,1
0.81667,1
0.82500,2
0.83333,2
0.84167,2
0.85000,2
0.85833,2
0.86667,3
0.87500,4
0.88333,4
0.89167,5
0.90000,5
0.90833,6
0.91667,6
0.92500,6
0.93333,6
0.94167,6
0.95000,6
0.95833,6
0.96667,6
0.97500,6
0.98333,7
0.99167,7
1.00000,7
1.00833,6
1.01667,6
1.02500,6
1.03333,6
1.04167,6
1.05000,7
1.05833,7
1.06667,7
1.07500,8
1.08333,8
1.09167,8
1.10000,8
1.10833,8
1.11667,8
1.12500,8
1.13333,8
1.14167,8
1.15000,8
1.15833,8
1.16667,8
1.17500,8
1.18333,8
1.19167,7
1.20000,7
1.20833,7
1.21667,8
1.22500,8
1.23333,8
1.24167,8
1.25000,8
1.25833,8
1.26667,8
1.27500,7
1.28333,7
1.29167,7
1.30000,7
1.30833,7
1.31667,7
1.32500,7
1.33333,6
1.34167,6
1.35000,6
1.35833,7
1.36667,6
1.37500,7
1.38333,7
1.39167,7
1.40000,7
1.40833,6
1.41667,6
1.42500,6
1.43333,6
1.44167,6
1.45000,6
1.45833,6
1.46667,6
1.47500,6
1.48333,6
1.49167,7
1.50000,6
1.50833,6
1.51667,6
1.52500,6
1.53333,5
1.54167,5
1.55000,5
1.55833,5
1.56667,6
1.57500,6
1.58333,5
1.59167,5
1.60000,5
1.60833,5
1.61667,5
1.62500,5
1.63333,5
1.64167,4
1.65000,4
1.65833,4
1.66667,5
1.67500,5
1.68333,5
1.69167,5
1.70000,5
1.70833,5
1.71667,5
1.72500,5
1.73333,4
1.74167,4
1.75000,4
1.75833,5
1.76667,4
1.77500,4
1.78333,4
1.79167,4
1.80000,4
1.80833,4
1.81667,4
1.82500,4
1.83333,4
1.84167,5
1.85000,5
1.85833,4
1.86667,4
1.87500,4
1.88333,4
1.89167,4
1.90000,4
1.90833,4
1.91667,4
1.92500,4
1.93333,4
1.94167,4
1.95000,5
1.95833,5
1.96667,5
1.97500,5
1.98333,5
1.99167,5
2.00000,5
2.00833,5
2.01667,5
2.02500,5
2.03333,5
2.04167,5
2.05000,5
2.05833,6
2.06667,6
2.07500,6
2.08333,5
2.09167,5
2.10000,5
2.10833,5
2.11667,5
2.12500,5
2.13333,5
2.14167,5
2.15000,5
2.15833,5
2.16667,5
2.17500,5
2.18333,5
2.19167,5
2.20000,5
2.20833,6
2.21667,5
2.22500,5
2.23333,5
2.24167,5
2.25000,6
2.25833,6
2.26667,6
2.27500,7
2.28333,7
2.29167,7
2.30000,6
2.30833,6
2.31667,6
2.32500,6
2.33333,6
2.34167,6
2.35000,6
2.35833,6
2.36667,6
2.37500,6
2.38333,6
2.39167,6
2.40000,6
2.40833,6
2.41667,6
2.42500,6
2.43333,7
2.44167,7
2.45000,7
2.45833,7
2.46667,7
2.47500,7
2.48333,7
2.49167,7
2.50000,7
2.50833,7
2.51667,7
2.52500,7
2.53333,7
2.54167,7
2.55000,6
2.55833,6
2.56667,6
2.57500,6
2.58333,7
2.59167,7
2.60000,7
2.60833,7
2.61667,7
2.62500,7
2.63333,7
2.64167,7
2.65000,7
2.65833,7
2.66667,7
2.67500,7
2.68333,7
2.69167,7
2.70000,7
2.70833,7
2.71667,7
2.72500,7
2.73333,7
2.74167,7
2.75000,7
2.75833,7
2.76667,7
2.77500,7
2.78333,7
2.79167,7
2.80000,7
2.80833,8
2.81667,8
2.82500,8
2.83333,8
2.84167,8
2.85000,8
2.85833,8
2.86667,9
2.87500,9
2.88333,9
2.89167,9
2.90000,9
2.90833,9
2.91667,9
2.92500,9
2.93333,9
2.94167,9
2.95000,9
2.95833,9
2.96667,9
2.97500,9
2.98333,9
2.99167,9
3.00000,9
3.00833,10
3.01667,10
3.02500,10
3.03333,10
3.04167,9
3.05000,9
3.05833,9
3.06667,9
3.07500,9
3.08333,9
3.09167,9
3.10000,9
3.10833,9
3.11667,9
3.12500,9
3.13333,9
3.14167,9
3.15000,9
3.15833,9
3.16667,10
3.17500,10
3.18333,10
3.19167,10
3.20000,10
3.20833,10
3.21667,10
3.22500,11
3.23333,11
3.24167,10
3.25000,10
3.25833,10
3.26667,10
3.27500,11
3.28333,11
3.29167,11
3.30000,10
3.30833,10
3.31667,10
3.32500,10
3.33333,10
3.34167,10
3.35000,10
3.35833,10
3.36667,10
3.37500,10
3.38333,10
3.39167,10
3.40000,11
3.40833,11
3.41667,11
3.42500,11
3.43333,11
3.44167,11
3.45000,11
3.45833,11
3.46667,12
3.47500,12
3.48333,12
3.49167,12
3.50000,12
3.50833,12
3.51667,12
3.52500,12
3.53333,12
3.54167,12
3.55000,12
3.55833,12
3.56667,13
3.57500,13
3.58333,13
3.59167,13
3.60000,13
3.60833,13
3.61667,13
3.62500,13
3.63333,13
3.64167,13
3.65000,13
3.65833,13
3.66667,13
3.67500,13
3.68333,12
3.69167,12
3.70000,13
3.70833,13
3.71667,12
3.72500,13
3.73333,13
3.74167,13
3.75000,13
3.75833,13
3.76667,14
3.77500,14
3.78333,14
3.79167,14
3.80000,14
3.80833,14
3.81667,14
3.82500,15
3.83333,14
3.84167,14
3.85000,14
3.85833,14
3.86667,14
3.87500,14
3.88333,14
3.89167,15
3.90000,15
3.90833,15
3.91667,15
3.92500,15
3.93333,15
3.94167,15
3.95000,15
3.95833,15
3.96667,15
3.97500,16
3.98333,16
3.99167,16
4.00000,16
4.00833,16
4.01667,16
4.02500,16
4.03333,16
4.04167,16
4.05000,16
4.05833,15
4.06667,15
4.07500,15
4.08333,15
4.09167,15
4.10000,15
4.10833,15
4.11667,15
4.12500,15
4.13333,15
4.14167,15
4.15000,15
4.15833,15
4.16667,15
4.17500,15
4.18333,15
4.19167,15
4.20000,15
4.20833,15
4.21667,15
4.22500,15
4.23333,15
4.24167,15
4.25000,15
4.25833,15
4.26667,15
4.27500,15
4.28333,15
4.29167,15
4.30000,15
4.30833,15
4.31667,15
4.32500,15
4.33333,15
4.34167,15
4.35000,15
4.35833,15
4.36667,16
4.37500,16
4.38333,16
4.39167,16
4.40000,16
4.40833,16
4.41667,15
4.42500,15
4.43333,15
4.44167,15
4.45000,15
4.45833,15
4.46667,15
4.47500,15
4.48333,15
4.49167,15
4.50000,14
4.50833,14
4.51667,15
4.52500,15
4.53333,15
4.54167,15
4.55000,15
4.55833,15
4.56667,16
4.57500,16
4.58333,15
4.59167,15
4.60000,14
4.60833,14
4.61667,14
4.62500,14
4.63333,14
4.64167,14
4.65000,14
4.65833,14
4.66667,14
4.67500,14
4.68333,14
4.69167,14
4.70000,14
4.70833,15
4.71667,15
4.72500,15
4.73333,15
4.74167,14
4.75000,15
4.75833,15
4.76667,15
4.77500,15
4.78333,15
4.79167,15
4.80000,15
4.80833,15
4.81667,15
4.82500,15
4.83333,14
4.84167,14
4.85000,14
4.85833,14
4.86667,15
4.87500,15
4.88333,15
4.89167,15
4.90000,14
4.90833,14
4.91667,15
4.92500,15
4.93333,16
4.94167,16
4.95000,16
4.95833,15
4.96667,15
4.97500,15
4.98333,14
4.99167,15
5.00000,15
5.00833,15
5.01667,15
5.02500,15
5.03333,15
5.04167,14
5.05000,14
5.05833,15
5.06667,15
5.07500,15
5.08333,15
5.09167,15
5.10000,15
5.10833,15
5.11667,15
5.12500,15
5.13333,15
5.14167,16
5.15000,16
5.15833,16
5.16667,16
5.17500,16
5.18333,16
5.19167,16
5.20000,16
5.20833,16
5.21667,17
5.22500,17
5.23333,17
5.24167,17
5.25000,17
5.25833,17
5.26667,16
5.27500,16
5.28333,16
5.29167,16
5.30000,16
5.30833,17
5.31667,17
5.32500,16
5.33333,16
5.34167,17
5.35000,17
5.35833,17
5.36667,17
5.37500,17
5.38333,16
5.39167,17
5.40000,17
5.40833,17
5.41667,17
5.42500,17
5.43333,17
5.44167,17
5.45000,17
5.45833,17
5.46667,17
5.47500,17
5.48333,17
5.49167,18
5.50000,18
5.50833,17
5.51667,18
5.52500,17
5.53333,17
5.54167,17
5.55000,17
5.55833,17
5.56667,17
5.57500,17
5.58333,17
5.59167,17
5.60000,17
5.60833,17
5.61667,16
5.62500,17
5.63333,17
5.64167,17
5.65000,17
5.65833,18
5.66667,18
5.67500,17
5.68333,17
5.69167,17
5.70000,18
5.70833,18
5.71667,18
5.72500,18
5.73333,18
5.74167,18
5.75000,18
5.75833,18
5.76667,17
5.77500,17
5.78333,17
5.79167,17
5.80000,17
5.80833,17
5.81667,17
5.82500,17
5.83333,17
5.84167,16
5.85000,17
5.85833,17
5.86667,17
5.87500,18
5.88333,18
5.89167,18
5.90000,18
5.90833,18
5.91667,18
5.92500,18
5.93333,18
5.94167,18
5.95000,18
5.95833,17
5.96667,17
5.97500,17
5.98333,18
5.99167,18
6.00000,18
6.00833,18
6.01667,18
6.02500,18
6.03333,18
6.04167,18
6.05000,18
6.05833,18
6.06667,18
6.07500,18
6.08333,18
6.09167,18
6.10000,18
6.10833,18
6.11667,18
6.12500,19
6.13333,19
6.14167,19
6.15000,19
6.15833,19
6.16667,19
6.17500,19
6.18333,19
6.19167,19
6.20000,19
6.20833,19
6.21667,19
6.22500,19
6.23333,19
6.24167,19
6.25000,19
6.25833,20
6.26667,20
6.27500,20
6.28333,19
6.29167,19
6.30000,19
6.30833,19
6.31667,19
6.32500,20
6.33333,20
6.34167,20
6.35000,20
6.35833,20
6.36667,19
6.37500,19
6.38333,19
6.39167,19
6.40000,19
6.40833,19
6.41667,19
6.42500,19
6.43333,19
6.44167,19
6.45000,19
6.45833,19
6.46667,19
6.47500,19
6.48333,19
6.49167,19
6.50000,19
6.50833,20
6.51667,20
6.52500,20
6.53333,20
6.54167,20
6.55000,19
6.55833,19
6.56667,19
6.57500,20
6.58333,20
6.59167,20
6.60000,20
6.60833,20
6.61667,20
6.62500,20
6.63333,20
6.64167,20
6.65000,20
6.65833,20
6.66667,20
6.67500,20
6.68333,20
6.69167,20
6.70000,20
6.70833,20
6.71667,20
6.72500,20
6.73333,20
6.74167,20
6.75000,20
6.75833,20
6.76667,20
6.77500,20
6.78333,21
6.79167,21
6.80000,21
6.80833,21
6.81667,21
6.82500,21
6.83333,21
6.84167,21
6.85000,21
6.85833,21
6.86667,21
6.87500,21
6.88333,21
6.89167,22
6.90000,22
6.90833,22
6.91667,21
6.92500,22
6.93333,22
6.94167,22
6.95000,21
6.95833,21
6.96667,21
6.97500,21
6.98333,22
6.99167,22
7.00000,22
7.00833,21
7.01667,21
7.02500,21
7.03333,21
7.04167,21
7.05000,21
7.05833,22
7.06667,22
7.07500,22
7.08333,22
7.09167,22
7.10000,22
7.10833,22
7.11667,22
7.12500,22
7.13333,22
7.14167,22
7.15000,22
7.15833,22
7.16667,22
7.17500,22
7.18333,21
7.19167,21
7.20000,21
7.20833,21
7.21667,21
7.22500,22
7.23333,22
7.24167,22
7.25000,22
7.25833,22
7.26667,22
7.27500,22
7.28333,23
7.29167,23
7.30000,23
7.30833,23
7.31667,23
7.32500,23
7.33333,23
7.34167,22
7.35000,22
7.35833,22
7.36667,23
7.37500,23
7.38333,23
7.39167,23
7.40000,24
7.40833,24
7.41667,24
7.42500,24
7.43333,24
7.44167,23
7.45000,23
7.45833,23
7.46667,22
7.47500,23
7.48333,23
7.49167,23
7.50000,23
7.50833,23
7.51667,23
7.52500,23
7.53333,23
7.54167,23
7.55000,24
7.55833,24
7.56667,23
7.57500,23
7.58333,23
7.59167,22
7.60000,23
7.60833,23
7.61667,23
7.62500,23
7.63333,23
7.64167,24
7.65000,24
7.65833,24
7.66667,24
7.67500,24
7.68333,24
7.69167,24
7.70000,24
7.70833,24
7.71667,24
7.72500,24
7.73333,24
7.74167,24
7.75000,25
7.75833,25
7.76667,25
7.77500,25
7.78333,24
7.79167,24
7.80000,24
7.80833,24
7.81667,24
7.82500,24
7.83333,24
7.84167,24
7.85000,25
7.85833,25
7.86667,26
7.87500,26
7.88333,26
7.89167,26
7.90000,26
7.90833,26
7.91667,25
7.92500,25
7.93333,25
7.94167,25
7.95000,25
7.95833,25
7.96667,25
7.97500,25
7.98333,25
7.99167,25
8.00000,25
8.00833,25
8.01667,25
8.02500,25
8.03333,25
8.04167,26
8.05000,26
8.05833,25
8.06667,25
8.07500,25
8.08333,25
8.09167,25
8.10000,25
8.10833,25
8.11667,25
8.12500,26
8.13333,26
8.14167,26
8.15000,25
8.15833,25
8.16667,25
8.17500,25
8.18333,26
8.19167,25
8.20000,25
8.20833,26
8.21667,26
8.22500,26
8.23333,26
8.24167,26
8.25000,26
8.25833,27
8.26667,27
8.27500,27
8.28333,27
8.29167,27
8.30000,27
8.30833,27
8.31667,27
8.32500,26
8.33333,26
8.34167,27
8.35000,27
8.35833,27
8.36667,27
8.37500,27
8.38333,27
8.39167,26
8.40000,26
8.40833,26
8.41667,26
8.42500,27
8.43333,27
8.44167,27
8.45000,27
8.45833,27
8.46667,27
8.47500,27
8.48333,27
8.49167,27
8.50000,27
8.50833,27
8.51667,27
8.52500,27
8.53333,27
8.54167,26
8.55000,26
8.55833,26
8.56667,27
8.57500,27
8.58333,26
8.59167,26
8.60000,27
8.60833,27
8.61667,27
8.62500,27
8.63333,27
8.64167,27
8.65000,27
8.65833,27
8.66667,27
8.67500,27
8.68333,27
8.69167,28
8.70000,28
8.70833,28
8.71667,29
8.72500,29
8.73333,29
8.74167,29
8.75000,29
8.75833,28
8.76667,28
8.77500,28
8.78333,28
8.79167,28
8.80000,27
8.80833,27
8.81667,27
8.82500,27
8.83333,27
8.84167,27
8.85000,28
8.85833,28
8.86667,28
8.87500,28
8.88333,28
8.89167,28
8.90000,28
8.90833,29
8.91667,29
8.92500,29
8.93333,29
8.94167,29
8.95000,28
8.95833,28
8.96667,28
8.97500,28
8.98333,29
8.99167,29
9.00000,29
9.00833,29
9.01667,29
9.02500,29
9.03333,29
9.04167,29
9.05000,28
9.05833,28
9.06667,28
9.07500,28
9.08333,28
9.09167,29
9.10000,29
9.10833,29
9.11667,29
9.12500,29
9.13333,29
9.14167,29
9.15000,30
9.15833,30
9.16667,30
9.17500,30
9.18333,30
9.19167,29
9.20000,29
9.20833,29
9.21667,29
9.22500,29
9.23333,30
9.24167,30
9.25000,30
9.25833,30
9.26667,30
9.27500,30
9.28333,30
9.29167,30
9.30000,30
9.30833,30
9.31667,30
9.32500,30
9.33333,30
9.34167,31
9.35000,31
9.35833,30
9.36667,30
9.37500,30
9.38333,30
9.39167,30
9.40000,30
9.40833,30
9.41667,30
9.42500,30
9.43333,30
9.44167,31
9.45000,31
9.45833,31
9.46667,31
9.47500,31
9.48333,31
9.49167,31
9.50000,31
9.50833,31
9.51667,31
9.52500,31
9.53333,31
9.54167,31
9.55000,30
9.55833,30
9.56667,30
9.57500,30
9.58333,30
9.59167,30
9.60000,30
9.60833,31
9.61667,31
9.62500,32
9.63333,32
9.64167,32
9.65000,32
9.65833,31
9.66667,32
9.67500,32
9.68333,32
9.69167,32
9.70000,32
9.70833,32
9.71667,32
9.72500,32
9.73333,32
9.74167,32
9.75000,32
9.75833,32
9.76667,32
9.77500,32
9.78333,32
9.79167,32
9.80000,33
9.80833,33
9.81667,33
9.82500,33
9.83333,33
9.84167,32
9.85000,32
9.85833,32
9.86667,32
9.87500,32
9.88333,32
9.89167,32
9.90000,33
9.90833,33
9.91667,33
9.92500,33
9.93333,33
9.94167,34
9.95000,34
9.95833,34
9.96667,34
9.97500,34
9.98333,34
9.99167,34
10.00000,35
10.00833,35
10.01667,35
10.02500,35
10.03333,35
10.04167,36
10.05000,36
10.05833,36
10.06667,36
10.07500,36
10.08333,37
10.09167,37
10.10000,38
10.10833,38
10.11667,39
10.12500,39
10.13333,39
10.14167,40
10.15000,40
10.15833,41
10.16667,42
10.17500,42
10.18333,43
10.19167,43
10.20000,44
10.20833,44
10.21667,44
10.22500,45
10.23333,45
10.24167,45
10.25000,46
10.25833,47
10.26667,47
10.27500,47
10.28333,48
10.29167,48
10.30000,48
10.30833,49
10.31667,49
10.32500,49
10.33333,49
10.34167,50
10.35000,50
10.35833,50
10.36667,50
10.37500,50
10.38333,51
10.39167,51
10.40000,51
10.40833,51
10.41667,51
10.42500,51
10.43333,51
10.44167,51
10.45000,51
10.45833,50
10.46667,50
10.47500,50
10.48333,51
10.49167,51
10.50000,52
10.50833,53
10.51667,54
10.52500,55
10.53333,58
10.54167,61
10.55000,65
10.55833,71
10.56667,78
10.57500,88
10.58333,101
10.59167,117
10.60000,138
10.60833,165
10.61667,197
10.62500,237
10.63333,286
10.64167,344
10.65000,414
10.65833,496
10.66667,591
10.67500,703
10.68333,830
10.69167,976
10.70000,1140
10.70833,1324
10.71667,1528
10.72500,1752
10.73333,1998
10.74167,2264
10.75000,2550
10.75833,2855
10.76667,3177
10.77500,3515
10.78333,3866
10.79167,4227
10.80000,4595
10.80833,4966
10.81667,5335
10.82500,5698
10.83333,6050
10.84167,6386
10.85000,6700
10.85833,6986
10.86667,7240
10.87500,7457
10.88333,7633
10.89167,7764
10.90000,7848
10.90833,7882
10.91667,7866
10.92500,7800
10.93333,7685
10.94167,7525
10.95000,7322
10.95833,7081
10.96667,6806
10.97500,6502
10.98333,6178
10.99167,5836
11.00000,5484
11.00833,5128
11.01667,4771
11.02500,4420
11.03333,4077
11.04167,3746
11.05000,3429
11.05833,3129
11.06667,2847
11.07500,2584
11.08333,2339
11.09167,2114
11.10000,1907
11.10833,1718
11.11667,1545
11.12500,1388
11.13333,1245
11.14167,1117
11.15000,1000
11.15833,895
11.16667,800
11.17500,714
11.18333,637
11.19167,567
11.20000,505
11.20833,448
11.21667,398
11.22500,352
11.23333,312
11.24167,276
11.25000,244
11.25833,215
11.26667,190
11.27500,168
11.28333,149
11.29167,132
11.30000,118
11.30833,105
11.31667,95
11.32500,86
11.33333,78
11.34167,72
11.35000,66
11.35833,61
11.36667,57
11.37500,54
11.38333,51
11.39167,49
11.40000,48
11.40833,46
11.41667,45
11.42500,45
11.43333,44
11.44167,44
11.45000,44
11.45833,44
11.46667,43
11.47500,43
11.48333,43
11.49167,43
11.50000,43
11.50833,43
11.51667,43
11.52500,42
11.53333,42
11.54167,42
11.55000,42
11.55833,41
11.56667,41
11.57500,41
11.58333,41
11.59167,41
11.60000,41
11.60833,41
11.61667,41
11.62500,40
11.63333,40
11.64167,40
11.65000,40
11.65833,40
11.66667,40
11.67500,40
11.68333,40
11.69167,40
11.70000,40
11.70833,40
11.71667,40
11.72500,40
11.73333,41
11.74167,41
11.75000,41
11.75833,42
11.76667,42
11.77500,42
11.78333,42
11.79167,42
11.80000,42
11.80833,43
11.81667,43
11.82500,43
11.83333,43
11.84167,43
11.85000,43
11.85833,43
11.86667,43
11.87500,43
11.88333,44
11.89167,44
11.90000,44
11.90833,44
11.91667,45
11.92500,45
11.93333,45
11.94167,46
11.95000,46
11.95833,47
11.96667,47
11.97500,47
11.98333,48
11.99167,48
12.00000,48
12.00833,48
12.01667,49
12.02500,49
12.03333,49
12.04167,49
12.05000,49
12.05833,49
12.06667,49
12.07500,49
12.08333,49
12.09167,49
12.10000,49
12.10833,49
12.11667,49
12.12500,50
12.13333,50
12.14167,50
12.15000,50
12.15833,51
12.16667,51
12.17500,51
12.18333,51
12.19167,51
12.20000,52
12.20833,52
12.21667,53
12.22500,53
12.23333,53
12.24167,53
12.25000,54
12.25833,54
12.26667,55
12.27500,56
12.28333,56
12.29167,57
12.30000,57
12.30833,57
12.31667,57
12.32500,58
12.33333,59
12.34167,59
12.35000,60
12.35833,60
12.36667,61
12.37500,61
12.38333,62
12.39167,62
12.40000,63
12.40833,63
12.41667,64
12.42500,64
12.43333,64
12.44167,64
12.45000,64
12.45833,65
12.46667,65
12.47500,66
12.48333,66
12.49167,66
12.50000,66
12.50833,66
12.51667,66
12.52500,66
12.53333,66
12.54167,66
12.55000,67
12.55833,66
12.56667,66
12.57500,67
12.58333,67
12.59167,67
12.60000,68
12.60833,68
12.61667,69
12.62500,70
12.63333,70
12.64167,71
12.65000,72
12.65833,74
12.66667,76
12.67500,79
12.68333,83
12.69167,87
12.70000,93
12.70833,100
12.71667,109
12.72500,120
12.73333,133
12.74167,148
12.75000,166
12.75833,187
12.76667,212
12.77500,241
12.78333,274
12.79167,311
12.80000,353
12.80833,401
12.81667,454
12.82500,513
12.83333,578
12.84167,648
12.85000,725
12.85833,808
12.86667,898
12.87500,995
12.88333,1098
12.89167,1208
12.90000,1325
12.90833,1448
12.91667,1577
12.92500,1713
12.93333,1854
12.94167,2002
12.95000,2155
12.95833,2314
12.96667,2478
12.97500,2648
12.98333,2823
12.99167,3003
13.00000,3189
13.00833,3379
13.01667,3573
13.02500,3772
13.03333,3974
13.04167,4181
13.05000,4392
13.05833,4606
13.06667,4824
13.07500,5045
13.08333,5270
13.09167,5498
13.10000,5728
13.10833,5963
13.11667,6200
13.12500,6440
13.13333,6684
13.14167,6929
13.15000,7177
13.15833,7428
13.16667,7682
13.17500,7938
13.18333,8197
13.19167,8458
13.20000,8722
13.20833,8988
13.21667,9256
13.22500,9526
13.23333,9799
13.24167,10074
13.25000,10351
13.25833,10631
13.26667,10912
13.27500,11197
13.28333,11483
13.29167,11771
13.30000,12061
13.30833,12353
13.31667,12648
13.32500,12945
13.33333,13243
13.34167,13544
13.35000,13847
13.35833,14152
13.36667,14459
13.37500,14768
13.38333,15080
13.39167,15394
13.40000,15709
13.40833,16028
13.41667,16348
13.42500,16670
13.43333,16994
13.44167,17321
13.45000,17649
13.45833,17979
13.46667,18312
13.47500,18647
13.48333,18983
13.49167,19322
13.50000,19664
13.50833,20007
13.51667,20354
13.52500,20702
13.53333,21052
13.54167,21404
13.55000,21759
13.55833,22116
13.56667,22474
13.57500,22835
13.58333,23198
13.59167,23564
13.60000,23931
13.60833,24300
13.61667,24672
13.62500,25045
13.63333,25419
13.64167,25794
13.65000,26167
13.65833,26538
13.66667,26902
13.67500,27254
13.68333,27588
13.69167,27894
13.70000,28159
13.70833,28368
13.71667,28505
13.72500,28550
13.73333,28484
13.74167,28290
13.75000,27952
13.75833,27459
13.76667,26805
13.77500,25991
13.78333,25024
13.79167,23917
13.80000,22690
13.80833,21365
13.81667,19971
13.82500,18535
13.83333,17085
13.84167,15647
13.85000,14245
13.85833,12897
13.86667,11620
13.87500,10425
13.88333,9317
13.89167,8302
13.90000,7380
13.90833,6548
13.91667,5803
13.92500,5140
13.93333,4551
13.94167,4032
13.95000,3576
13.95833,3175
13.96667,2824
13.97500,2518
13.98333,2251
13.99167,2017
14.00000,1814
14.00833,1636
14.01667,1481
14.02500,1346
14.03333,1228
14.04167,1126
14.05000,1037
14.05833,960
14.06667,893
14.07500,836
14.08333,788
14.09167,747
14.10000,715
14.10833,688
14.11667,669
14.12500,656
14.13333,650
14.14167,651
14.15000,659
14.15833,674
14.16667,697
14.17500,727
14.18333,766
14.19167,813
14.20000,868
14.20833,933
14.21667,1007
14.22500,1091
14.23333,1184
14.24167,1285
14.25000,1396
14.25833,1515
14.26667,1643
14.27500,1778
14.28333,1921
14.29167,2069
14.30000,2222
14.30833,2378
14.31667,2538
14.32500,2698
14.33333,2857
14.34167,3014
14.35000,3167
14.35833,3315
14.36667,3456
14.37500,3589
14.38333,3711
14.39167,3822
14.40000,3922
14.40833,4008
14.41667,4079
14.42500,4136
14.43333,4177
14.44167,4204
14.45000,4214
14.45833,4210
14.46667,4190
14.47500,4155
14.48333,4108
14.49167,4047
14.50000,3974
14.50833,3890
14.51667,3795
14.52500,3691
14.53333,3580
14.54167,3461
14.55000,3338
14.55833,3211
14.56667,3080
14.57500,2948
14.58333,2814
14.59167,2680
14.60000,2548
14.60833,2417
14.61667,2288
14.62500,2162
14.63333,2040
14.64167,1922
14.65000,1808
14.65833,1698
14.66667,1593
14.67500,1493
14.68333,1398
14.69167,1308
14.70000,1223
14.70833,1142
14.71667,1067
14.72500,996
14.73333,931
14.74167,869
14.75000,812
14.75833,760
14.76667,711
14.77500,665
14.78333,623
14.79167,585
14.80000,549
14.80833,516
14.81667,486
14.82500,459
14.83333,434
14.84167,410
14.85000,389
14.85833,369
14.86667,351
14.87500,334
14.88333,319
14.89167,306
14.90000,293
14.90833,281
14.91667,271
14.92500,261
14.93333,253
14.94167,245
14.95000,238
14.95833,231
14.96667,225
14.97500,220
14.98333,215
14.99167,210
15.00000,206
15.00833,202
15.01667,199
15.02500,196
15.03333,193
15.04167,190
15.05000,188
15.05833,186
15.06667,185
15.07500,183
15.08333,182
15.09167,181
15.10000,181
15.10833,181
15.11667,181
15.12500,181
15.13333,180
15.14167,180
15.15000,181
15.15833,181
15.16667,181
15.17500,182
15.18333,182
15.19167,183
15.20000,184
15.20833,184
15.21667,185
15.22500,186
15.23333,187
15.24167,187
15.25000,188
15.25833,188
15.26667,188
15.27500,188
15.28333,188
15.29167,188
15.30000,188
15.30833,187
15.31667,187
15.32500,186
15.33333,185
15.34167,184
15.35000,183
15.35833,181
15.36667,180
15.37500,179
15.38333,177
15.39167,175
15.40000,173
15.40833,172
15.41667,169
15.42500,167
15.43333,165
15.44167,163
15.45000,161
15.45833,159
15.46667,157
15.47500,155
15.48333,153
15.49167,151
15.50000,149
15.50833,148
15.51667,147
15.52500,146
15.53333,144
15.54167,143
15.55000,141
15.55833,140
15.56667,138
15.57500,137
15.58333,136
15.59167,135
15.60000,133
15.60833,132
15.61667,131
15.62500,130
15.63333,129
15.64167,129
15.65000,128
15.65833,127
15.66667,126
15.67500,126
15.68333,125
15.69167,125
15.70000,124
15.70833,123
15.71667,123
15.72500,122
15.73333,122
15.74167,121
15.75000,120
15.75833,119
15.76667,119
15.77500,119
15.78333,119
15.79167,118
15.80000,118
15.80833,117
15.81667,117
15.82500,116
15.83333,116
15.84167,115
15.85000,115
15.85833,114
15.86667,114
15.87500,114
15.88333,113
15.89167,113
15.90000,113
15.90833,113
15.91667,113
15.92500,113
15.93333,112
15.94167,112
15.95000,112
15.95833,112
15.96667,112
15.97500,111
15.98333,111
15.99167,110
16.00000,110
16.00833,109
16.01667,109
16.02500,109
16.03333,108
16.04167,108
16.05000,108
16.05833,108
16.06667,108
16.07500,107
16.08333,107
16.09167,106
16.10000,106
16.10833,105
16.11667,105
16.12500,105
16.13333,105
16.14167,105
16.15000,105
16.15833,105
16.16667,105
16.17500,105
16.18333,104
16.19167,104
16.20000,104
16.20833,104
16.21667,104
16.22500,103
16.23333,103
16.24167,103
16.25000,103
16.25833,103
16.26667,103
16.27500,103
16.28333,103
16.29167,102
16.30000,102
16.30833,102
16.31667,102
16.32500,101
16.33333,101
16.34167,101
16.35000,101
16.35833,101
16.36667,101
16.37500,101
16.38333,102
16.39167,102
16.40000,101
16.40833,101
16.41667,101
16.42500,101
16.43333,101
16.44167,101
16.45000,101
16.45833,101
16.46667,101
16.47500,101
16.48333,100
16.49167,100
16.50000,100
16.50833,99
16.51667,99
16.52500,99
16.53333,98
16.54167,98
16.55000,98
16.55833,98
16.56667,98
16.57500,98
16.58333,98
16.59167,98
16.60000,98
16.60833,98
16.61667,98
16.62500,97
16.63333,97
16.64167,97
16.65000,97
16.65833,97
16.66667,97
16.67500,96
16.68333,96
16.69167,96
16.70000,96
16.70833,95
16.71667,95
16.72500,95
16.73333,95
16.74167,95
16.75000,95
16.75833,95
16.76667,94
16.77500,94
16.78333,94
16.79167,94
16.80000,94
16.80833,94
16.81667,94
16.82500,93
16.83333,93
16.84167,93
16.85000,93
16.85833,93
16.86667,93
16.87500,93
16.88333,92
16.89167,92
16.90000,92
16.90833,92
16.91667,92
16.92500,92
16.93333,92
16.94167,92
16.95000,92
16.95833,92
16.96667,91
16.97500,91
16.98333,91
16.99167,91
17.00000,91
17.00833,91
17.01667,90
17.02500,90
17.03333,90
17.04167,89
17.05000,89
17.05833,89
17.06667,90
17.07500,90
17.08333,90
17.09167,90
17.10000,90
17.10833,89
17.11667,89
17.12500,89
17.13333,89
17.14167,89
17.15000,89
17.15833,89
17.16667,88
17.17500,88
17.18333,88
17.19167,88
17.20000,88
17.20833,88
17.21667,88
17.22500,88
17.23333,88
17.24167,87
17.25000,87
17.25833,87
17.26667,86
17.27500,86
17.28333,86
17.29167,86
17.30000,87
17.30833,87
17.31667,87
17.32500,87
17.33333,88
17.34167,88
17.35000,88
17.35833,88
17.36667,87
17.37500,87
17.38333,87
17.39167,87
17.40000,86
17.40833,86
17.41667,86
17.42500,86
17.43333,86
17.44167,86
17.45000,86
17.45833,86
17.46667,86
17.47500,86
17.48333,86
17.49167,86
17.50000,86
17.50833,86
17.51667,86
17.52500,86
17.53333,86
17.54167,86
17.55000,86
17.55833,86
17.56667,85
17.57500,85
17.58333,85
17.59167,85
17.60000,84
17.60833,84
17.61667,84
17.62500,85
17.63333,85
17.64167,85
17.65000,85
17.65833,85
17.66667,85
17.67500,85
17.68333,85
17.69167,86
17.70000,86
17.70833,86
17.71667,86
17.72500,86
17.73333,86
17.74167,86
17.75000,86
17.75833,86
17.76667,86
17.77500,87
17.78333,87
17.79167,87
17.80000,87
17.80833,87
17.81667,87
17.82500,87
17.83333,87
17.84167,87
17.85000,87
17.85833,87
17.86667,87
17.87500,86
17.88333,86
17.89167,86
17.90000,86
17.90833,87
17.91667,87
17.92500,88
17.93333,88
17.94167,88
17.95000,88
17.95833,88
17.96667,88
17.97500,88
17.98333,88
17.99167,88
18.00000,88
18.00833,89
18.01667,88
18.02500,88
18.03333,88
18.04167,88
18.05000,88
18.05833,88
18.06667,87
18.07500,87
18.08333,87
18.09167,87
18.10000,86
18.10833,86
18.11667,87
18.12500,87
18.13333,87
18.14167,86
18.15000,86
18.15833,86
18.16667,86
18.17500,86
18.18333,85
18.19167,85
18.20000,85
18.20833,85
18.21667,85
18.22500,85
18.23333,85
18.24167,85
18.25000,85
18.25833,85
18.26667,85
18.27500,85
18.28333,85
18.29167,84
18.30000,84
18.30833,84
18.31667,84
18.32500,84
18.33333,83
18.34167,84
18.35000,84
18.35833,84
18.36667,84
18.37500,84
18.38333,84
18.39167,85
18.40000,84
18.40833,84
18.41667,84
18.42500,85
18.43333,85
18.44167,85
18.45000,85
18.45833,86
18.46667,85
18.47500,85
18.48333,85
18.49167,85
18.50000,86
18.50833,86
18.51667,86
18.52500,86
18.53333,87
18.54167,87
18.55000,87
18.55833,87
18.56667,87
18.57500,87
18.58333,87
18.59167,88
18.60000,88
18.60833,88
18.61667,88
18.62500,88
18.63333,88
18.64167,88
18.65000,88
18.65833,87
18.66667,87
18.67500,87
18.68333,87
18.69167,87
18.70000,87
18.70833,87
18.71667,87
18.72500,87
18.73333,88
18.74167,88
18.75000,88
18.75833,88
18.76667,88
18.77500,88
18.78333,87
18.79167,87
18.80000,88
18.80833,88
18.81667,88
18.82500,89
18.83333,89
18.84167,89
18.85000,89
18.85833,90
18.86667,90
18.87500,89
18.88333,89
18.89167,90
18.90000,90
18.90833,91
18.91667,91
18.92500,92
18.93333,92
18.94167,92
18.95000,93
18.95833,93
18.96667,94
18.97500,94
18.98333,95
18.99167,96
19.00000,97
19.00833,99
19.01667,100
19.02500,101
19.03333,102
19.04167,103
19.05000,104
19.05833,105
19.06667,106
19.07500,107
19.08333,109
19.09167,110
19.10000,111
19.10833,112
19.11667,114
19.12500,115
19.13333,116
19.14167,117
19.15000,117
19.15833,118
19.16667,119
19.17500,120
19.18333,121
19.19167,121
19.20000,121
19.20833,122
19.21667,122
19.22500,121
19.23333,121
19.24167,121
19.25000,121
19.25833,121
19.26667,121
19.27500,120
19.28333,120
19.29167,119
19.30000,119
19.30833,118
19.31667,117
19.32500,117
19.33333,116
19.34167,115
19.35000,114
19.35833,113
19.36667,112
19.37500,111
19.38333,110
19.39167,108
19.40000,107
19.40833,106
19.41667,104
19.42500,103
19.43333,102
19.44167,102
19.45000,101
19.45833,100
19.46667,99
19.47500,98
19.48333,98
19.49167,97
19.50000,96
19.50833,96
19.51667,94
19.52500,93
19.53333,92
19.54167,92
19.55000,91
19.55833,90
19.56667,90
19.57500,89
19.58333,89
19.59167,89
19.60000,89
19.60833,89
19.61667,88
19.62500,88
19.63333,88
19.64167,87
19.65000,87
19.65833,86
19.66667,86
19.67500,86
19.68333,86
19.69167,86
19.70000,86
19.70833,86
19.71667,86
19.72500,86
19.73333,86
19.74167,85
19.75000,85
19.75833,85
19.76667,84
19.77500,85
19.78333,84
19.79167,84
19.80000,84
19.80833,84
19.81667,84
19.82500,83
19.83333,83
19.84167,84
19.85000,84
19.85833,84
19.86667,83
19.87500,83
19.88333,83
19.89167,83
19.90000,83
19.90833,83
19.91667,83
19.92500,83
19.93333,84
19.94167,84
19.95000,84
19.95833,84
19.96667,84
19.97500,83
19.98333,84
19.99167,84
20.00000,84
20.00833,84
20.01667,83
20.02500,83
20.03333,83
20.04167,84
20.05000,84
20.05833,85
20.06667,85
20.07500,85
20.08333,84
20.09167,84
20.10000,84
20.10833,84
20.11667,84
20.12500,84
20.13333,84
20.14167,83
20.15000,83
20.15833,83
20.16667,83
20.17500,83
20.18333,83
20.19167,83
20.20000,83
20.20833,83
20.21667,83
20.22500,84
20.23333,83
20.24167,83
20.25000,84
20.25833,84
20.26667,83
20.27500,84
20.28333,84
20.29167,84
20.30000,84
20.30833,84
20.31667,84
20.32500,84
20.33333,84
20.34167,84
20.35000,84
20.35833,84
20.36667,84
20.37500,84
20.38333,84
20.39167,84
20.40000,84
20.40833,83
20.41667,84
20.42500,83
20.43333,83
20.44167,84
20.45000,84
20.45833,84
20.46667,84
20.47500,84
20.48333,85
20.49167,84
20.50000,84
20.50833,84
20.51667,84
20.52500,84
20.53333,84
20.54167,84
20.55000,84
20.55833,84
20.56667,84
20.57500,85
20.58333,84
20.59167,85
20.60000,85
20.60833,85
20.61667,85
20.62500,85
20.63333,85
20.64167,85
20.65000,85
20.65833,85
20.66667,85
20.67500,85
20.68333,85
20.69167,85
20.70000,85
20.70833,85
20.71667,85
20.72500,85
20.73333,85
20.74167,86
20.75000,86
20.75833,86
20.76667,86
20.77500,86
20.78333,86
20.79167,86
20.80000,87
20.80833,87
20.81667,87
20.82500,87
20.83333,87
20.84167,87
20.85000,87
20.85833,87
20.86667,87
20.87500,87
20.88333,88
20.89167,88
20.90000,88
20.90833,88
20.91667,89
20.92500,89
20.93333,89
20.94167,89
20.95000,89
20.95833,89
20.96667,89
20.97500,90
20.98333,90
20.99167,90
21.00000,90
21.00833,90
21.01667,91
21.02500,92
21.03333,92
21.04167,93
21.05000,94
21.05833,95
21.06667,95
21.07500,96
21.08333,96
21.09167,97
21.10000,98
21.10833,98
21.11667,99
21.12500,100
21.13333,100
21.14167,101
21.15000,101
21.15833,102
21.16667,102
21.17500,103
21.18333,103
21.19167,104
21.20000,104
21.20833,104
21.21667,105
21.22500,106
21.23333,106
21.24167,107
21.25000,107
21.25833,107
21.26667,107
21.27500,108
21.28333,108
21.29167,108
21.30000,108
21.30833,108
21.31667,108
21.32500,109
21.33333,109
21.34167,108
21.35000,108
21.35833,108
21.36667,108
21.37500,107
21.38333,106
21.39167,106
21.40000,105
21.40833,104
21.41667,104
21.42500,104
21.43333,104
21.44167,103
21.45000,103
21.45833,102
21.46667,101
21.47500,100
21.48333,100
21.49167,99
21.50000,98
21.50833,98
21.51667,98
21.52500,97
21.53333,96
21.54167,96
21.55000,96
21.55833,96
21.56667,96
21.57500,95
21.58333,94
21.59167,94
21.60000,94
21.60833,94
21.61667,93
21.62500,93
21.63333,92
21.64167,91
21.65000,91
21.65833,91
21.66667,91
21.67500,90
21.68333,90
21.69167,90
21.70000,90
21.70833,90
21.71667,89
21.72500,89
21.73333,89
21.74167,88
21.75000,88
21.75833,89
21.76667,89
21.77500,89
21.78333,89
21.79167,88
21.80000,88
21.80833,88
21.81667,88
21.82500,88
21.83333,88
21.84167,88
21.85000,88
21.85833,88
21.86667,88
21.87500,87
21.88333,87
21.89167,87
21.90000,87
21.90833,87
21.91667,87
21.92500,87
21.93333,87
21.94167,87
21.95000,88
21.95833,88
21.96667,88
21.97500,88
21.98333,88
21.99167,88
22.00000,88
22.00833,88
22.01667,88
22.02500,88
22.03333,88
22.04167,88
22.05000,88
22.05833,88
22.06667,88
22.07500,88
22.08333,88
22.09167,88
22.10000,88
22.10833,88
22.11667,89
22.12500,88
22.13333,88
22.14167,88
22.15000,88
22.15833,88
22.16667,88
22.17500,88
22.18333,88
22.19167,88
22.20000,88
22.20833,88
22.21667,88
22.22500,89
22.23333,89
22.24167,89
22.25000,89
22.25833,88
22.26667,88
22.27500,88
22.28333,89
22.29167,89
22.30000,89
22.30833,89
22.31667,89
22.32500,89
22.33333,89
22.34167,89
22.35000,89
22.35833,89
22.36667,89
22.37500,89
22.38333,89
22.39167,89
22.40000,89
22.40833,89
22.41667,90
22.42500,90
22.43333,90
22.44167,90
22.45000,90
22.45833,90
22.46667,90
22.47500,90
22.48333,90
22.49167,90
22.50000,90
22.50833,90
22.51667,90
22.52500,91
22.53333,91
22.54167,91
22.55000,91
22.55833,91
22.56667,91
22.57500,92
22.58333,92
22.59167,91
22.60000,92
22.60833,92
22.61667,92
22.62500,92
22.63333,92
22.64167,91
22.65000,91
22.65833,91
22.66667,92
22.67500,92
22.68333,92
22.69167,92
22.70000,93
22.70833,93
22.71667,94
22.72500,94
22.73333,94
22.74167,94
22.75000,94
22.75833,94
22.76667,95
22.77500,95
22.78333,95
22.79167,96
22.80000,96
22.80833,96
22.81667,97
22.82500,97
22.83333,98
22.84167,98
22.85000,98
22.85833,99
22.86667,99
22.87500,100
22.88333,100
22.89167,101
22.90000,101
22.90833,101
22.91667,102
22.92500,103
22.93333,103
22.94167,103
22.95000,104
22.95833,104
22.96667,104
22.97500,105
22.98333,105
22.99167,105
23.00000,105
23.00833,105
23.01667,106
23.02500,106
23.03333,106
23.04167,106
23.05000,106
23.05833,106
23.06667,106
23.07500,106
23.08333,107
23.09167,106
23.10000,106
23.10833,106
23.11667,106
23.12500,106
23.13333,106
23.14167,106
23.15000,106
23.15833,106
23.16667,106
23.17500,106
23.18333,106
23.19167,106
23.20000,105
23.20833,105
23.21667,105
23.22500,104
23.23333,104
23.24167,103
23.25000,103
23.25833,103
23.26667,102
23.27500,101
23.28333,101
23.29167,101
23.30000,100
23.30833,100
23.31667,100
23.32500,100
23.33333,99
23.34167,99
23.35000,99
23.35833,99
23.36667,98
23.37500,98
23.38333,98
23.39167,98
23.40000,97
23.40833,97
23.41667,96
23.42500,96
23.43333,96
23.44167,95
23.45000,95
23.45833,95
23.46667,95
23.47500,95
23.48333,95
23.49167,95
23.50000,95
23.50833,95
23.51667,95
23.52500,95
23.53333,95
23.54167,95
23.55000,95
23.55833,95
23.56667,96
23.57500,96
23.58333,95
23.59167,96
23.60000,96
23.60833,95
23.61667,95
23.62500,95
23.63333,95
23.64167,95
23.65000,95
23.65833,95
23.66667,95
23.67500,95
23.68333,95
23.69167,96
23.70000,96
23.70833,96
23.71667,96
23.72500,96
23.73333,96
23.74167,96
23.75000,96
23.75833,96
23.76667,96
23.77500,96
23.78333,97
23.79167,97
23.80000,97
23.80833,97
23.81667,97
23.82500,97
23.83333,98
23.84167,97
23.85000,97
23.85833,97
23.86667,97
23.87500,97
23.88333,97
23.89167,98
23.90000,98
23.90833,98
23.91667,98
23.92500,98
23.93333,99
23.94167,99
23.95000,99
23.95833,99
23.96667,99
23.97500,99
23.98333,99
23.99167,99
24.00000,99
24.00833,99
24.01667,99
24.02500,99
24.03333,99
24.04167,99
24.05000,99
24.05833,99
24.06667,99
24.07500,100
24.08333,100
24.09167,100
24.10000,100
24.10833,100
24.11667,100
24.12500,100
24.13333,100
24.14167,100
24.15000,100
24.15833,100
24.16667,100
24.17500,100
24.18333,100
24.19167,100
24.20000,100
24.20833,100
24.21667,100
24.22500,99
24.23333,99
24.24167,100
24.25000,100
24.25833,100
24.26667,100
24.27500,100
24.28333,100
24.29167,100
24.30000,100
24.30833,100
24.31667,100
24.32500,100
24.33333,101
24.34167,101
24.35000,101
24.35833,101
24.36667,101
24.37500,101
24.38333,102
24.39167,102
24.40000,103
24.40833,104
24.41667,105
24.42500,106
24.43333,108
24.44167,109
24.45000,110
24.45833,112
24.46667,114
24.47500,117
24.48333,119
24.49167,122
24.50000,125
24.50833,128
24.51667,132
24.52500,137
24.53333,142
24.54167,148
24.55000,154
24.55833,161
24.56667,169
24.57500,179
24.58333,189
24.59167,200
24.60000,212
24.60833,226
24.61667,242
24.62500,260
24.63333,279
24.64167,301
24.65000,325
24.65833,351
24.66667,380
24.67500,412
24.68333,446
24.69167,485
24.70000,526
24.70833,572
24.71667,621
24.72500,675
24.73333,733
24.74167,796
24.75000,864
24.75833,937
24.76667,1015
24.77500,1098
24.78333,1187
24.79167,1281
24.80000,1381
24.80833,1487
24.81667,1599
24.82500,1717
24.83333,1840
24.84167,1969
24.85000,2103
24.85833,2243
24.86667,2387
24.87500,2535
24.88333,2689
24.89167,2846
24.90000,3007
24.90833,3170
24.91667,3336
24.92500,3504
24.93333,3672
24.94167,3842
24.95000,4011
24.95833,4179
24.96667,4346
24.97500,4510
24.98333,4671
24.99167,4828
25.00000,4980
25.00833,5127
25.01667,5268
25.02500,5401
25.03333,5527
25.04167,5645
25.05000,5753
25.05833,5852
25.06667,5942
25.07500,6020
25.08333,6088
25.09167,6145
25.10000,6190
25.10833,6224
25.11667,6246
25.12500,6256
25.13333,6255
25.14167,6242
25.15000,6218
25.15833,6183
25.16667,6136
25.17500,6079
25.18333,6012
25.19167,5935
25.20000,5848
25.20833,5753
25.21667,5649
25.22500,5538
25.23333,5420
25.24167,5295
25.25000,5165
25.25833,5029
25.26667,4890
25.27500,4746
25.28333,4600
25.29167,4451
25.30000,4301
25.30833,4150
25.31667,3998
25.32500,3845
25.33333,3693
25.34167,3542
25.35000,3392
25.35833,3245
25.36667,3099
25.37500,2957
25.38333,2817
25.39167,2681
25.40000,2548
25.40833,2419
25.41667,2293
25.42500,2172
25.43333,2056
25.44167,1943
25.45000,1836
25.45833,1732
25.46667,1633
25.47500,1539
25.48333,1449
25.49167,1363
25.50000,1282
25.50833,1205
25.51667,1132
25.52500,1063
25.53333,997
25.54167,936
25.55000,878
25.55833,824
25.56667,773
25.57500,725
25.58333,681
25.59167,639
25.60000,601
25.60833,565
25.61667,532
25.62500,501
25.63333,472
25.64167,445
25.65000,420
25.65833,398
25.66667,376
25.67500,357
25.68333,339
25.69167,323
25.70000,308
25.70833,294
25.71667,281
25.72500,269
25.73333,258
25.74167,247
25.75000,238
25.75833,230
25.76667,223
25.77500,215
25.78333,209
25.79167,203
25.80000,197
25.80833,192
25.81667,188
25.82500,183
25.83333,180
25.84167,176
25.85000,173
25.85833,170
25.86667,167
25.87500,165
25.88333,162
25.89167,160
25.90000,158
25.90833,156
25.91667,154
25.92500,152
25.93333,151
25.94167,150
25.95000,149
25.95833,147
25.96667,146
25.97500,145
25.98333,144
25.99167,143
26.00000,142
26.00833,141
26.01667,140
26.02500,140
26.03333,139
26.04167,139
26.05000,138
26.05833,137
26.06667,137
26.07500,137
26.08333,136
26.09167,136
26.10000,135
26.10833,135
26.11667,134
26.12500,134
26.13333,133
26.14167,132
26.15000,132
26.15833,131
26.16667,131
26.17500,131
26.18333,131
26.19167,131
26.20000,131
26.20833,130
26.21667,130
26.22500,130
26.23333,130
26.24167,129
26.25000,129
26.25833,129
26.26667,128
26.27500,128
26.28333,128
26.29167,127
26.30000,127
26.30833,127
26.31667,127
26.32500,127
26.33333,126
26.34167,126
26.35000,126
26.35833,126
26.36667,126
26.37500,126
26.38333,126
26.39167,126
26.40000,126
26.40833,125
26.41667,125
26.42500,125
26.43333,125
26.44167,125
26.45000,125
26.45833,125
26.46667,124
26.47500,124
26.48333,124
26.49167,123
26.50000,123
26.50833,123
26.51667,123
26.52500,123
26.53333,122
26.54167,122
26.55000,122
26.55833,122
26.56667,122
26.57500,122
26.58333,121
26.59167,121
26.60000,121
26.60833,121
26.61667,121
26.62500,121
26.63333,121
26.64167,120
26.65000,120
26.65833,120
26.66667,120
26.67500,120
26.68333,120
26.69167,120
26.70000,120
26.70833,120
26.71667,120
26.72500,120
26.73333,120
26.74167,120
26.75000,120
26.75833,120
26.76667,120
26.77500,119
26.78333,119
26.79167,119
26.80000,118
26.80833,118
26.81667,118
26.82500,117
26.83333,117
26.84167,117
26.85000,117
26.85833,117
26.86667,117
26.87500,117
26.88333,117
26.89167,117
26.90000,117
26.90833,117
26.91667,117
26.92500,117
26.93333,117
26.94167,117
26.95000,117
26.95833,117
26.96667,117
26.97500,117
26.98333,117
26.99167,117
27.00000,117
27.00833,117
27.01667,117
27.02500,117
27.03333,117
27.04167,117
27.05000,117
27.05833,117
27.06667,117
27.07500,117
27.08333,117
27.09167,117
27.10000,117
27.10833,117
27.11667,117
27.12500,117
27.13333,117
27.14167,117
27.15000,117
27.15833,116
27.16667,116
27.17500,116
27.18333,116
27.19167,116
27.20000,116
27.20833,116
27.21667,116
27.22500,116
27.23333,116
27.24167,116
27.25000,116
27.25833,116
27.26667,116
27.27500,116
27.28333,116
27.29167,116
27.30000,116
27.30833,116
27.31667,116
27.32500,116
27.33333,115
27.34167,115
27.35000,115
27.35833,115
27.36667,115
27.37500,115
27.38333,114
27.39167,115
27.40000,115
27.40833,114
27.41667,114
27.42500,114
27.43333,114
27.44167,114
27.45000,114
27.45833,114
27.46667,113
27.47500,113
27.48333,113
27.49167,112
27.50000,112
27.50833,112
27.51667,111
27.52500,110
27.53333,109
27.54167,109
27.55000,108
27.55833,107
27.56667,106
27.57500,105
27.58333,104
27.59167,104
27.60000,102
27.60833,101
27.61667,99
27.62500,97
27.63333,95
27.64167,93
27.65000,91
27.65833,89
27.66667,86
27.67500,83
27.68333,80
27.69167,76
27.70000,72
27.70833,68
27.71667,64
27.72500,59
27.73333,54
27.74167,48
27.75000,42
27.75833,36
27.76667,29
27.77500,22
27.78333,15
27.79167,7
27.80000,-1
27.80833,-10
27.81667,-19
27.82500,-29
27.83333,-39
27.84167,-50
27.85000,-62
27.85833,-74
27.86667,-87
27.87500,-101
27.88333,-114
27.89167,-129
27.90000,-144
27.90833,-159
27.91667,-176
27.92500,-193
27.93333,-211
27.94167,-229
27.95000,-248
27.95833,-267
27.96667,-287
27.97500,-307
27.98333,-327
27.99167,-348
28.00000,-369
28.00833,-391
28.01667,-414
28.02500,-436
28.03333,-459
28.04167,-482
28.05000,-505
28.05833,-529
28.06667,-552
28.07500,-576
28.08333,-600
28.09167,-623
28.10000,-647
28.10833,-670
28.11667,-693
28.12500,-716
28.13333,-738
28.14167,-761
28.15000,-782
28.15833,-804
28.16667,-824
28.17500,-844
28.18333,-864
28.19167,-883
28.20000,-901
28.20833,-918
28.21667,-935
28.22500,-951
28.23333,-965
28.24167,-980
28.25000,-993
28.25833,-1006
28.26667,-1018
28.27500,-1028
28.28333,-1038
28.29167,-1046
28.30000,-1054
28.30833,-1061
28.31667,-1067
28.32500,-1072
28.33333,-1076
28.34167,-1079
28.35000,-1081
28.35833,-1083
28.36667,-1083
28.37500,-1082
28.38333,-1081
28.39167,-1079
28.40000,-1076
28.40833,-1073
28.41667,-1068
28.42500,-1063
28.43333,-1058
28.44167,-1052
28.45000,-1046
28.45833,-1038
28.46667,-1031
28.47500,-1023
28.48333,-1015
28.49167,-1006
28.50000,-997
28.50833,-987
28.51667,-977
28.52500,-967
28.53333,-957
28.54167,-947
28.55000,-936
28.55833,-926
28.56667,-915
28.57500,-904
28.58333,-893
28.59167,-882
28.60000,-872
28.60833,-862
28.61667,-851
28.62500,-841
28.63333,-830
28.64167,-820
28.65000,-810
28.65833,-799
28.66667,-789
28.67500,-779
28.68333,-769
28.69167,-760
28.70000,-750
28.70833,-741
28.71667,-732
28.72500,-723
28.73333,-715
28.74167,-706
28.75000,-698
28.75833,-690
28.76667,-682
28.77500,-674
28.78333,-667
28.79167,-659
28.80000,-652
28.80833,-645
28.81667,-638
28.82500,-631
28.83333,-625
28.84167,-618
28.85000,-612
28.85833,-606
28.86667,-600
28.87500,-595
28.88333,-589
28.89167,-583
28.90000,-578
28.90833,-572
28.91667,-566
28.92500,-561
28.93333,-556
28.94167,-551
28.95000,-546
28.95833,-542
28.96667,-537
28.97500,-533
28.98333,-529
28.99167,-524
29.00000,-519
29.00833,-515
29.01667,-510
29.02500,-506
29.03333,-501
29.04167,-497
29.05000,-493
29.05833,-489
29.06667,-484
29.07500,-480
29.08333,-476
29.09167,-472
29.10000,-468
29.10833,-465
29.11667,-461
29.12500,-457
29.13333,-454
29.14167,-450
29.15000,-447
29.15833,-443
29.16667,-440
29.17500,-436
29.18333,-433
29.19167,-430
29.20000,-427
29.20833,-423
29.21667,-420
29.22500,-417
29.23333,-414
29.24167,-411
29.25000,-408
29.25833,-405
29.26667,-401
29.27500,-398
29.28333,-395
29.29167,-393
29.30000,-390
29.30833,-388
29.31667,-386
29.32500,-384
29.33333,-382
29.34167,-380
29.35000,-378
29.35833,-376
29.36667,-374
29.37500,-372
29.38333,-371
29.39167,-370
29.40000,-369
29.40833,-368
29.41667,-367
29.42500,-366
29.43333,-365
29.44167,-364
29.45000,-363
29.45833,-363
29.46667,-363
29.47500,-363
29.48333,-363
29.49167,-364
29.50000,-365
29.50833,-366
29.51667,-367
29.52500,-368
29.53333,-370
29.54167,-371
29.55000,-373
29.55833,-375
29.56667,-377
29.57500,-379
29.58333,-382
29.59167,-385
29.60000,-388
29.60833,-391
29.61667,-394
29.62500,-398
29.63333,-401
29.64167,-405
29.65000,-409
29.65833,-414
29.66667,-419
29.67500,-424
29.68333,-429
29.69167,-434
29.70000,-440
29.70833,-445
29.71667,-450
29.72500,-456
29.73333,-462
29.74167,-468
29.75000,-474
29.75833,-480
29.76667,-486
29.77500,-492
29.78333,-499
29.79167,-505
29.80000,-512
29.80833,-518
29.81667,-524
29.82500,-531
29.83333,-537
29.84167,-544
29.85000,-550
29.85833,-556
29.86667,-562
29.87500,-568
29.88333,-574
29.89167,-580
29.90000,-585
29.90833,-591
29.91667,-596
29.92500,-601
29.93333,-606
29.94167,-611
29.95000,-616
29.95833,-619
29.96667,-623
29.97500,-626
29.98333,-630
29.99167,-633
30.00000,-636
30.00833,-639
30.01667,-641
30.02500,-643
30.03333,-645
30.04167,-647
30.05000,-648
30.05833,-649
30.06667,-650
30.07500,-650
30.08333,-651
30.09167,-651
30.10000,-650
30.10833,-649
30.11667,-649
30.12500,-648
30.13333,-647
30.14167,-646
30.15000,-644
30.15833,-641
30.16667,-639
30.17500,-637
30.18333,-634
30.19167,-632
30.20000,-629
30.20833,-626
30.21667,-623
30.22500,-619
30.23333,-616
30.24167,-613
30.25000,-609
30.25833,-606
30.26667,-602
30.27500,-598
30.28333,-594
30.29167,-590
30.30000,-586
30.30833,-583
30.31667,-579
30.32500,-575
30.33333,-571
30.34167,-567
30.35000,-564
30.35833,-560
30.36667,-556
30.37500,-552
30.38333,-548
30.39167,-543
30.40000,-539
30.40833,-535
30.41667,-532
30.42500,-529
30.43333,-525
30.44167,-522
30.45000,-519
30.45833,-515
30.46667,-512
30.47500,-508
30.48333,-505
30.49167,-502
30.50000,-499
30.50833,-496
30.51667,-493
30.52500,-491
30.53333,-488
30.54167,-486
30.55000,-483
30.55833,-480
30.56667,-478
30.57500,-475
30.58333,-473
30.59167,-470
30.60000,-468
30.60833,-466
30.61667,-464
30.62500,-462
30.63333,-460
30.64167,-458
30.65000,-456
30.65833,-454
30.66667,-453
30.67500,-451
30.68333,-449
30.69167,-447
30.70000,-446
30.70833,-444
30.71667,-442
30.72500,-441
30.73333,-440
30.74167,-438
30.75000,-437
30.75833,-436
30.76667,-435
30.77500,-434
30.78333,-433
30.79167,-432
30.80000,-431
30.80833,-430
30.81667,-428
30.82500,-427
30.83333,-426
30.84167,-425
30.85000,-424
30.85833,-423
30.86667,-422
30.87500,-420
30.88333,-419
30.89167,-418
30.90000,-417
30.90833,-416
30.91667,-415
30.92500,-414
30.93333,-413
30.94167,-412
30.95000,-411
30.95833,-410
30.96667,-409
30.97500,-408
30.98333,-406
30.99167,-405
31.00000,-404
31.00833,-402
31.01667,-401
31.02500,-399
31.03333,-398
31.04167,-396
31.05000,-395
31.05833,-394
31.06667,-392
31.07500,-391
31.08333,-390
31.09167,-389
31.10000,-388
31.10833,-386
31.11667,-385
31.12500,-383
31.13333,-382
31.14167,-381
31.15000,-379
31.15833,-378
31.16667,-376
31.17500,-375
31.18333,-374
31.19167,-373
31.20000,-371
31.20833,-370
31.21667,-368
31.22500,-366
31.23333,-365
31.24167,-363
31.25000,-362
31.25833,-361
31.26667,-359
31.27500,-358
31.28333,-357
31.29167,-355
31.30000,-354
31.30833,-353
31.31667,-352
31.32500,-350
31.33333,-349
31.34167,-348
31.35000,-347
31.35833,-346
31.36667,-345
31.37500,-344
31.38333,-342
31.39167,-341
31.40000,-339
31.40833,-338
31.41667,-337
31.42500,-336
31.43333,-335
31.44167,-334
31.45000,-333
31.45833,-332
31.46667,-331
31.47500,-330
31.48333,-329
31.49167,-328
31.50000,-327
31.50833,-326
31.51667,-325
31.52500,-325
31.53333,-323
31.54167,-323
31.55000,-322
31.55833,-321
31.56667,-320
31.57500,-319
31.58333,-318
31.59167,-317
31.60000,-317
31.60833,-316
31.61667,-315
31.62500,-314
31.63333,-314
31.64167,-313
31.65000,-312
31.65833,-311
31.66667,-310
31.67500,-309
31.68333,-308
31.69167,-308
31.70000,-308
31.70833,-307
31.71667,-306
31.72500,-306
31.73333,-305
31.74167,-304
31.75000,-303
31.75833,-302
31.76667,-301
31.77500,-300
31.78333,-299
31.79167,-298
31.80000,-297
31.80833,-296
31.81667,-296
31.82500,-295
31.83333,-295
31.84167,-294
31.85000,-293
31.85833,-292
31.86667,-292
31.87500,-291
31.88333,-290
31.89167,-290
31.90000,-289
31.90833,-288
31.91667,-288
31.92500,-287
31.93333,-286
31.94167,-285
31.95000,-284
31.95833,-283
31.96667,-283
31.97500,-282
31.98333,-281
31.99167,-281
32.00000,-280
32.00833,-279
32.01667,-279
32.02500,-278
32.03333,-277
32.04167,-276
32.05000,-275
32.05833,-274
32.06667,-273
32.07500,-273
32.08333,-272
32.09167,-271
32.10000,-270
32.10833,-270
32.11667,-269
32.12500,-268
32.13333,-267
32.14167,-266
32.15000,-266
32.15833,-265
32.16667,-264
32.17500,-263
32.18333,-262
32.19167,-261
32.20000,-260
32.20833,-259
32.21667,-258
32.22500,-257
32.23333,-256
32.24167,-255
32.25000,-254
32.25833,-253
32.26667,-252
32.27500,-252
32.28333,-251
32.29167,-250
32.30000,-249
32.30833,-248
32.31667,-247
32.32500,-246
32.33333,-245
32.34167,-244
32.35000,-244
32.35833,-243
32.36667,-242
32.37500,-241
32.38333,-240
32.39167,-240
32.40000,-239
32.40833,-238
32.41667,-237
32.42500,-236
32.43333,-235
32.44167,-234
32.45000,-233
32.45833,-232
32.46667,-232
32.47500,-231
32.48333,-230
32.49167,-229
32.50000,-228
32.50833,-227
32.51667,-226
32.52500,-226
32.53333,-225
32.54167,-223
32.55000,-222
32.55833,-222
32.56667,-221
32.57500,-220
32.58333,-220
32.59167,-219
32.60000,-218
32.60833,-217
32.61667,-215
32.62500,-214
32.63333,-213
32.64167,-212
32.65000,-211
32.65833,-210
32.66667,-210
32.67500,-209
32.68333,-208
32.69167,-208
32.70000,-207
32.70833,-206
32.71667,-205
32.72500,-205
32.73333,-204
32.74167,-203
32.75000,-202
32.75833,-201
32.76667,-200
32.77500,-199
32.78333,-198
32.79167,-197
32.80000,-196
32.80833,-195
32.81667,-194
32.82500,-193
32.83333,-192
32.84167,-191
32.85000,-191
32.85833,-190
32.86667,-189
32.87500,-188
32.88333,-187
32.89167,-186
32.90000,-185
32.90833,-184
32.91667,-184
32.92500,-183
32.93333,-182
32.94167,-181
32.95000,-180
32.95833,-180
32.96667,-179
32.97500,-179
32.98333,-178
32.99167,-177
33.00000,-176
33.00833,-175
33.01667,-174
33.02500,-174
33.03333,-173
33.04167,-171
33.05000,-170
33.05833,-170
33.06667,-169
33.07500,-168
33.08333,-167
33.09167,-167
33.10000,-166
33.10833,-165
33.11667,-164
33.12500,-164
33.13333,-163
33.14167,-162
33.15000,-161
33.15833,-160
33.16667,-159
33.17500,-158
33.18333,-157
33.19167,-157
33.20000,-156
33.20833,-155
33.21667,-154
33.22500,-153
33.23333,-152
33.24167,-152
33.25000,-151
33.25833,-150
33.26667,-150
33.27500,-149
33.28333,-148
33.29167,-147
33.30000,-146
33.30833,-145
33.31667,-145
33.32500,-144
33.33333,-143
33.34167,-142
33.35000,-141
33.35833,-141
33.36667,-140
33.37500,-139
33.38333,-138
33.39167,-138
33.40000,-137
33.40833,-136
33.41667,-135
33.42500,-134
33.43333,-134
33.44167,-133
33.45000,-132
33.45833,-132
33.46667,-131
33.47500,-130
33.48333,-130
33.49167,-129
33.50000,-128
33.50833,-127
33.51667,-127
33.52500,-126
33.53333,-125
33.54167,-124
33.55000,-123
33.55833,-122
33.56667,-121
33.57500,-120
33.58333,-119
33.59167,-118
33.60000,-117
33.60833,-116
33.61667,-116
33.62500,-115
33.63333,-114
33.64167,-113
33.65000,-113
33.65833,-112
33.66667,-111
33.67500,-111
33.68333,-110
33.69167,-109
33.70000,-109
33.70833,-108
33.71667,-107
33.72500,-106
33.73333,-105
33.74167,-104
33.75000,-103
33.75833,-103
33.76667,-102
33.77500,-101
33.78333,-100
33.79167,-99
33.80000,-99
33.80833,-98
33.81667,-97
33.82500,-97
33.83333,-96
33.84167,-95
33.85000,-94
33.85833,-93
33.86667,-93
33.87500,-92
33.88333,-91
33.89167,-91
33.90000,-90
33.90833,-89
33.91667,-88
33.92500,-87
33.93333,-87
33.94167,-86
33.95000,-85
33.95833,-84
33.96667,-83
33.97500,-83
33.98333,-82
33.99167,-81
34.00000,-80
34.00833,-80
34.01667,-79
34.02500,-78
34.03333,-78
34.04167,-77
34.05000,-76
34.05833,-75
34.06667,-74
34.07500,-74
34.08333,-73
34.09167,-72
34.10000,-72
34.10833,-71
34.11667,-70
34.12500,-69
34.13333,-69
34.14167,-68
34.15000,-68
34.15833,-67
34.16667,-66
34.17500,-65
34.18333,-64
34.19167,-64
34.20000,-63
34.20833,-62
34.21667,-61
34.22500,-60
34.23333,-59
34.24167,-58
34.25000,-58
34.25833,-58
34.26667,-57
34.27500,-57
34.28333,-56
34.29167,-56
34.30000,-55
34.30833,-54
34.31667,-53
34.32500,-52
34.33333,-52
34.34167,-50
34.35000,-50
34.35833,-49
34.36667,-49
34.37500,-48
34.38333,-48
34.39167,-47
34.40000,-47
34.40833,-47
34.41667,-47
34.42500,-47
34.43333,-46
34.44167,-45
34.45000,-45
34.45833,-44
34.46667,-43
34.47500,-42
34.48333,-41
34.49167,-41
34.50000,-40
34.50833,-40
34.51667,-39
34.52500,-38
34.53333,-37
34.54167,-36
34.55000,-36
34.55833,-35
34.56667,-35
34.57500,-35
34.58333,-35
34.59167,-34
34.60000,-33
34.60833,-33
34.61667,-32
34.62500,-31
34.63333,-30
34.64167,-30
34.65000,-29
34.65833,-29
34.66667,-28
34.67500,-27
34.68333,-27
34.69167,-26
34.70000,-26
34.70833,-25
34.71667,-24
34.72500,-24
34.73333,-23
34.74167,-23
34.75000,-23
34.75833,-22
34.76667,-22
34.77500,-21
34.78333,-20
34.79167,-20
34.80000,-19
34.80833,-19
34.81667,-18
34.82500,-18
34.83333,-17
34.84167,-16
34.85000,-16
34.85833,-15
34.86667,-14
34.87500,-14
34.88333,-13
34.89167,-13
34.90000,-12
34.90833,-12
34.91667,-12
34.92500,-11
34.93333,-11
34.94167,-10
34.95000,-9
34.95833,-8
34.96667,-7
34.97500,-6
34.98333,-6
34.99167,-5
35.00000,-4
35.00833,-4
35.01667,-4
35.02500,-4
35.03333,-3
35.04167,-3
35.05000,-2
35.05833,-2
35.06667,-1
35.07500,-1
35.08333,-1
35.09167,-0
35.10000,0
35.10833,1
35.11667,2
35.12500,3
35.13333,3
35.14167,3
35.15000,4
35.15833,4
35.16667,5
35.17500,6
35.18333,6
35.19167,7
35.20000,7
35.20833,8
35.21667,8
35.22500,8
35.23333,9
35.24167,9
35.25000,10
35.25833,11
35.26667,11
35.27500,12
35.28333,12
35.29167,13
35.30000,13
35.30833,13
35.31667,14
35.32500,14
35.33333,15
35.34167,16
35.35000,16
35.35833,17
35.36667,18
35.37500,18
35.38333,19
35.39167,19
35.40000,20
35.40833,21
35.41667,21
35.42500,22
35.43333,22
35.44167,22
35.45000,23
35.45833,24
35.46667,24
35.47500,25
35.48333,25
35.49167,25
35.50000,26
35.50833,26
35.51667,27
35.52500,27
35.53333,27
35.54167,27
35.55000,28
35.55833,29
35.56667,30
35.57500,30
35.58333,31
35.59167,32
35.60000,33
35.60833,33
35.61667,34
35.62500,34
35.63333,35
35.64167,35
35.65000,36
35.65833,36
35.66667,37
35.67500,37
35.68333,38
35.69167,39
35.70000,39
35.70833,39
35.71667,40
35.72500,41
35.73333,42
35.74167,42
35.75000,43
35.75833,43
35.76667,44
35.77500,44
35.78333,45
35.79167,46
35.80000,46
35.80833,47
35.81667,47
35.82500,48
35.83333,48
35.84167,49
35.85000,49
35.85833,50
35.86667,50
35.87500,51
35.88333,52
35.89167,53
35.90000,53
35.90833,54
35.91667,55
35.92500,56
35.93333,56
35.94167,57
35.95000,58
35.95833,59
35.96667,59
35.97500,60
35.98333,60
35.99167,61
36.00000,61
36.00833,62
36.01667,63
36.02500,64
36.03333,65
36.04167,66
36.05000,67
36.05833,69
36.06667,70
36.07500,70
36.08333,71
36.09167,71
36.10000,72
36.10833,73
36.11667,74
36.12500,74
36.13333,75
36.14167,77
36.15000,78
36.15833,79
36.16667,80
36.17500,81
36.18333,82
36.19167,83
36.20000,84
36.20833,85
36.21667,86
36.22500,87
36.23333,89
36.24167,90
36.25000,91
36.25833,92
36.26667,92
36.27500,94
36.28333,95
36.29167,96
36.30000,97
36.30833,99
36.31667,100
36.32500,101
36.33333,102
36.34167,103
36.35000,104
36.35833,105
36.36667,106
36.37500,107
36.38333,109
36.39167,110
36.40000,112
36.40833,113
36.41667,114
36.42500,115
36.43333,116
36.44167,117
36.45000,118
36.45833,119
36.46667,120
36.47500,121
36.48333,122
36.49167,123
36.50000,124
36.50833,125
36.51667,126
36.52500,127
36.53333,128
36.54167,129
36.55000,130
36.55833,130
36.56667,131
36.57500,132
36.58333,132
36.59167,133
36.60000,134
36.60833,134
36.61667,135
36.62500,136
36.63333,137
36.64167,137
36.65000,138
36.65833,138
36.66667,138
36.67500,139
36.68333,139
36.69167,139
36.70000,140
36.70833,141
36.71667,141
36.72500,141
36.73333,141
36.74167,141
36.75000,141
36.75833,141
36.76667,140
36.77500,141
36.78333,141
36.79167,141
36.80000,140
36.80833,140
36.81667,140
36.82500,139
36.83333,139
36.84167,139
36.85000,139
36.85833,138
36.86667,138
36.87500,138
36.88333,138
36.89167,138
36.90000,138
36.90833,137
36.91667,136
36.92500,136
36.93333,135
36.94167,135
36.95000,135
36.95833,135
36.96667,135
36.97500,134
36.98333,134
36.99167,134
37.00000,133
37.00833,133
37.01667,132
37.02500,132
37.03333,132
37.04167,131
37.05000,131
37.05833,131
37.06667,131
37.07500,131
37.08333,131
37.09167,130
37.10000,130
37.10833,129
37.11667,129
37.12500,128
37.13333,128
37.14167,127
37.15000,127
37.15833,127
37.16667,126
37.17500,126
37.18333,125
37.19167,125
37.20000,125
37.20833,125
37.21667,124
37.22500,124
37.23333,123
37.24167,123
37.25000,123
37.25833,123
37.26667,123
37.27500,122
37.28333,122
37.29167,122
37.30000,121
37.30833,121
37.31667,122
37.32500,122
37.33333,122
37.34167,122
37.35000,122
37.35833,122
37.36667,121
37.37500,121
37.38333,121
37.39167,121
37.40000,121
37.40833,121
37.41667,121
37.42500,120
37.43333,120
37.44167,120
37.45000,120
37.45833,121
37.46667,121
37.47500,121
37.48333,121
37.49167,120
37.50000,120
37.50833,120
37.51667,120
37.52500,120
37.53333,120
37.54167,120
37.55000,120
37.55833,121
37.56667,121
37.57500,120
37.58333,120
37.59167,120
37.60000,120
37.60833,121
37.61667,121
37.62500,121
37.63333,122
37.64167,121
37.65000,121
37.65833,121
37.66667,121
37.67500,122
37.68333,122
37.69167,122
37.70000,122
37.70833,122
37.71667,121
37.72500,121
37.73333,121
37.74167,121
37.75000,122
37.75833,122
37.76667,122
37.77500,122
37.78333,123
37.79167,123
37.80000,123
37.80833,123
37.81667,123
37.82500,123
37.83333,123
37.84167,123
37.85000,123
37.85833,124
37.86667,124
37.87500,123
37.88333,123
37.89167,123
37.90000,123
37.90833,123
37.91667,124
37.92500,124
37.93333,124
37.94167,124
37.95000,124
37.95833,124
37.96667,124
37.97500,124
37.98333,124
37.99167,124
38.00000,124
38.00833,124
38.01667,125
38.02500,125
38.03333,125
38.04167,125
38.05000,126
38.05833,127
38.06667,127
38.07500,127
38.08333,127
38.09167,126
38.10000,126
38.10833,126
38.11667,126
38.12500,126
38.13333,125
38.14167,125
38.15000,125
38.15833,126
38.16667,125
38.17500,125
38.18333,125
38.19167,125
38.20000,126
38.20833,126
38.21667,127
38.22500,126
38.23333,127
38.24167,127
38.25000,127
38.25833,127
38.26667,128
38.27500,128
38.28333,127
38.29167,127
38.30000,128
38.30833,128
38.31667,128
38.32500,128
38.33333,128
38.34167,128
38.35000,128
38.35833,128
38.36667,128
38.37500,128
38.38333,128
38.39167,128
38.40000,128
38.40833,128
38.41667,129
38.42500,129
38.43333,129
38.44167,129
38.45000,128
38.45833,128
38.46667,128
38.47500,128
38.48333,128
38.49167,128
38.50000,128
38.50833,128
38.51667,128
38.52500,128
38.53333,128
38.54167,128
38.55000,128
38.55833,128
38.56667,129
38.57500,129
38.58333,129
38.59167,129
38.60000,129
38.60833,129
38.61667,129
38.62500,129
38.63333,130
38.64167,130
38.65000,130
38.65833,130
38.66667,130
38.67500,131
38.68333,131
38.69167,131
38.70000,131
38.70833,131
38.71667,131
38.72500,131
38.73333,130
38.74167,130
38.75000,130
38.75833,130
38.76667,130
38.77500,131
38.78333,131
38.79167,131
38.80000,131
38.80833,131
38.81667,131
38.82500,131
38.83333,131
38.84167,132
38.85000,132
38.85833,132
38.86667,132
38.87500,132
38.88333,132
38.89167,132
38.90000,132
38.90833,132
38.91667,132
38.92500,132
38.93333,132
38.94167,132
38.95000,133
38.95833,132
38.96667,132
38.97500,133
38.98333,133
38.99167,133
39.00000,133
39.00833,132
39.01667,132
39.02500,132
39.03333,132
39.04167,132
39.05000,133
39.05833,133
39.06667,133
39.07500,133
39.08333,132
39.09167,132
39.10000,133
39.10833,133
39.11667,133
39.12500,133
39.13333,133
39.14167,133
39.15000,134
39.15833,133
39.16667,133
39.17500,133
39.18333,133
39.19167,133
39.20000,133
39.20833,132
39.21667,132
39.22500,133
39.23333,133
39.24167,133
39.25000,133
39.25833,134
39.26667,134
39.27500,134
39.28333,134
39.29167,134
39.30000,134
39.30833,134
39.31667,133
39.32500,133
39.33333,134
39.34167,134
39.35000,134
39.35833,134
39.36667,134
39.37500,134
39.38333,134
39.39167,135
39.40000,135
39.40833,136
39.41667,136
39.42500,135
39.43333,135
39.44167,135
39.45000,135
39.45833,135
39.46667,135
39.47500,135
39.48333,135
39.49167,135
39.50000,135
39.50833,135
39.51667,135
39.52500,135
39.53333,135
39.54167,135
39.55000,136
39.55833,135
39.56667,135
39.57500,135
39.58333,135
39.59167,135
39.60000,135
39.60833,135
39.61667,135
39.62500,135
39.63333,136
39.64167,136
39.65000,136
39.65833,136
39.66667,137
39.67500,137
39.68333,137
39.69167,137
39.70000,137
39.70833,137
39.71667,137
39.72500,137
39.73333,137
39.74167,137
39.75000,137
39.75833,137
39.76667,137
39.77500,137
39.78333,137
39.79167,137
39.80000,137
39.80833,137
39.81667,137
39.82500,137
39.83333,137
39.84167,137
39.85000,137
39.85833,137
39.86667,137
39.87500,138
39.88333,138
39.89167,138
39.90000,138
39.90833,138
39.91667,138
39.92500,137
39.93333,137
39.94167,137
39.95000,137
39.95833,137
39.96667,138
39.97500,138
39.98333,138
39.99167,138
40.00000,138

