[Header]
Application Name,LabSolutions
Version,5.97 SP1
Data File Name,C:\Users\cremerlab\Desktop\griffin\2021-04-27_REL606_acetate_turnover_redux\2021-04-27_REL606_DM_acetate_turnover_4282021_003_011.lcd
Output Date,4/28/2021
Output Time,7:40:02 PM

[File Information]
Type,Data File
Generated,4/28/2021 6:59:43 PM
Generated by,System Administrator
Modified,4/28/2021 7:40:02 PM
Modified by,System Administrator

[Sample Information]
Operator Name,System Administrator
Acquired,4/28/2021 7:00:01 PM
Sample Type,0:Unknown
Level,0
Sample Name,2021-04-07_REL606_replicate_003_timepoint_003
Sample ID,003
ISTD Amount1,1
ISTD Amount2,1
ISTD Amount3,1
ISTD Amount4,1
ISTD Amount5,1
ISTD Amount6,1
ISTD Amount7,1
ISTD Amount8,1
ISTD Amount9,1
ISTD Amount10,1
ISTD Amount11,1
ISTD Amount12,1
ISTD Amount13,1
ISTD Amount14,1
ISTD Amount15,1
ISTD Amount16,1
ISTD Amount17,1
ISTD Amount18,1
ISTD Amount19,1
ISTD Amount20,1
ISTD Amount21,1
ISTD Amount22,1
ISTD Amount23,1
ISTD Amount24,1
ISTD Amount25,1
ISTD Amount26,1
ISTD Amount27,1
ISTD Amount28,1
ISTD Amount29,1
ISTD Amount30,1
ISTD Amount31,1
ISTD Amount32,1
Sample Amount,1
Dilution Factor,1
Vial#,21
Injection Volume,20

[Original Files]
Data File,C:\Users\cremerlab\Desktop\griffin\2021-04-27_REL606_acetate_turnover_redux\2021-04-27_REL606_DM_acetate_turnover_4282021_003_011.lcd
Method File,C:\Users\cremerlab\Desktop\griffin\2.5mM_H2SO4_mobile_phase.lcm
Batch File,C:\Users\cremerlab\Desktop\griffin\2021-04-27_REL606_acetate_turnover_redux\2021-04-27_REL606_DM_acetate_turnover.lcb
Report Format File,c:\LabSolutions\System\DEFAULT.lsr

[File Description]


[Configuration]
Instrument Name,HPLC-PC-Instrument1
Instrument #,1
Line #,1
# of Detectors,2
Detector ID,Detector A,Detector B
Detector Name,Detector A,Detector B
# of Channels,1,1

[Peak Table(Detector A)]
# of Peaks,0

[Peak Table(Detector B)]
# of Peaks,6
Peak#,R.Time,I.Time,F.Time,Area,Height,A/H,Conc.,Mark,ID#,Name,k',Plate #,Plate Ht.,Tailing,Resolution,Sep.Factor,Area Ratio,Height Ratio,Conc. %,Norm Conc.
1,10.927,10.467,11.567,228364,13590,16.804,0.000,   ,,,0.000,9584,15.651,1.032,0.000,0.000,0,0,0.000,0.000
2,13.954,12.608,14.267,1551021,42045,36.889,0.000,   ,,,0.277,3210,46.723,0.000,4.229,0.000,0,0,0.000,0.000
3,14.494,14.267,15.125,157698,7314,21.561,0.000, V ,,,0.326,9615,15.601,0.000,0.684,1.178,0,0,0.000,0.000
4,15.288,15.125,16.133,6027,232,26.011,0.000, V ,,,0.399,2432,61.676,0.000,0.868,1.223,0,0,0.000,0.000
5,19.228,18.917,19.742,2238,98,22.754,0.000,   ,,,0.760,15914,9.425,1.221,4.260,1.903,0,0,0.000,0.000
6,25.130,24.375,26.267,311658,10514,29.643,0.000,   ,,,1.300,16460,9.113,1.078,8.473,1.711,0,0,0.000,0.000

[LC Chromatogram(Detector B-Ch1)]
Interval(msec),500
# of Points,4801
Start Time(min),0.000
End Time(min),40.000
Intensity Units,mV
Intensity Multiplier,0.001
R.Time (min),Intensity
0.00000,1
0.00833,1
0.01667,0
0.02500,0
0.03333,0
0.04167,0
0.05000,0
0.05833,0
0.06667,1
0.07500,1
0.08333,1
0.09167,1
0.10000,1
0.10833,1
0.11667,1
0.12500,1
0.13333,1
0.14167,1
0.15000,1
0.15833,1
0.16667,2
0.17500,2
0.18333,2
0.19167,1
0.20000,1
0.20833,1
0.21667,1
0.22500,1
0.23333,1
0.24167,1
0.25000,1
0.25833,1
0.26667,2
0.27500,2
0.28333,2
0.29167,2
0.30000,2
0.30833,2
0.31667,2
0.32500,2
0.33333,2
0.34167,2
0.35000,2
0.35833,2
0.36667,2
0.37500,2
0.38333,2
0.39167,2
0.40000,2
0.40833,2
0.41667,2
0.42500,2
0.43333,2
0.44167,2
0.45000,2
0.45833,2
0.46667,2
0.47500,2
0.48333,2
0.49167,3
0.50000,3
0.50833,3
0.51667,3
0.52500,3
0.53333,3
0.54167,3
0.55000,3
0.55833,3
0.56667,3
0.57500,3
0.58333,4
0.59167,4
0.60000,4
0.60833,4
0.61667,4
0.62500,4
0.63333,4
0.64167,4
0.65000,4
0.65833,4
0.66667,4
0.67500,4
0.68333,4
0.69167,5
0.70000,5
0.70833,5
0.71667,5
0.72500,5
0.73333,5
0.74167,5
0.75000,5
0.75833,5
0.76667,5
0.77500,6
0.78333,6
0.79167,6
0.80000,6
0.80833,6
0.81667,6
0.82500,6
0.83333,6
0.84167,6
0.85000,6
0.85833,7
0.86667,7
0.87500,7
0.88333,7
0.89167,6
0.90000,7
0.90833,7
0.91667,7
0.92500,7
0.93333,7
0.94167,8
0.95000,8
0.95833,8
0.96667,8
0.97500,8
0.98333,8
0.99167,8
1.00000,8
1.00833,9
1.01667,9
1.02500,9
1.03333,9
1.04167,9
1.05000,9
1.05833,9
1.06667,9
1.07500,9
1.08333,9
1.09167,9
1.10000,9
1.10833,9
1.11667,9
1.12500,9
1.13333,9
1.14167,10
1.15000,10
1.15833,9
1.16667,9
1.17500,9
1.18333,10
1.19167,10
1.20000,10
1.20833,10
1.21667,10
1.22500,10
1.23333,10
1.24167,9
1.25000,9
1.25833,9
1.26667,8
1.27500,8
1.28333,8
1.29167,8
1.30000,8
1.30833,8
1.31667,8
1.32500,8
1.33333,8
1.34167,7
1.35000,7
1.35833,7
1.36667,7
1.37500,7
1.38333,7
1.39167,7
1.40000,7
1.40833,7
1.41667,7
1.42500,8
1.43333,8
1.44167,8
1.45000,7
1.45833,7
1.46667,7
1.47500,7
1.48333,7
1.49167,7
1.50000,7
1.50833,7
1.51667,7
1.52500,7
1.53333,7
1.54167,7
1.55000,7
1.55833,7
1.56667,6
1.57500,6
1.58333,6
1.59167,6
1.60000,6
1.60833,6
1.61667,6
1.62500,7
1.63333,7
1.64167,7
1.65000,6
1.65833,6
1.66667,6
1.67500,6
1.68333,6
1.69167,5
1.70000,5
1.70833,5
1.71667,5
1.72500,5
1.73333,6
1.74167,6
1.75000,6
1.75833,6
1.76667,6
1.77500,6
1.78333,6
1.79167,6
1.80000,6
1.80833,6
1.81667,6
1.82500,6
1.83333,6
1.84167,6
1.85000,6
1.85833,6
1.86667,6
1.87500,6
1.88333,6
1.89167,6
1.90000,6
1.90833,6
1.91667,6
1.92500,6
1.93333,6
1.94167,6
1.95000,7
1.95833,7
1.96667,7
1.97500,7
1.98333,7
1.99167,7
2.00000,7
2.00833,7
2.01667,7
2.02500,7
2.03333,7
2.04167,7
2.05000,6
2.05833,6
2.06667,6
2.07500,6
2.08333,6
2.09167,6
2.10000,7
2.10833,7
2.11667,7
2.12500,7
2.13333,7
2.14167,7
2.15000,7
2.15833,7
2.16667,7
2.17500,6
2.18333,6
2.19167,6
2.20000,6
2.20833,6
2.21667,6
2.22500,6
2.23333,6
2.24167,7
2.25000,7
2.25833,7
2.26667,7
2.27500,7
2.28333,7
2.29167,7
2.30000,7
2.30833,7
2.31667,7
2.32500,7
2.33333,7
2.34167,7
2.35000,7
2.35833,7
2.36667,7
2.37500,7
2.38333,7
2.39167,8
2.40000,8
2.40833,8
2.41667,8
2.42500,8
2.43333,8
2.44167,8
2.45000,8
2.45833,8
2.46667,8
2.47500,8
2.48333,8
2.49167,8
2.50000,8
2.50833,8
2.51667,8
2.52500,8
2.53333,8
2.54167,8
2.55000,7
2.55833,7
2.56667,7
2.57500,7
2.58333,8
2.59167,8
2.60000,8
2.60833,9
2.61667,9
2.62500,9
2.63333,9
2.64167,9
2.65000,9
2.65833,9
2.66667,8
2.67500,8
2.68333,8
2.69167,8
2.70000,8
2.70833,8
2.71667,8
2.72500,8
2.73333,8
2.74167,8
2.75000,8
2.75833,8
2.76667,8
2.77500,8
2.78333,8
2.79167,8
2.80000,8
2.80833,8
2.81667,8
2.82500,9
2.83333,9
2.84167,8
2.85000,9
2.85833,9
2.86667,9
2.87500,9
2.88333,10
2.89167,10
2.90000,10
2.90833,10
2.91667,10
2.92500,9
2.93333,9
2.94167,10
2.95000,10
2.95833,11
2.96667,11
2.97500,11
2.98333,11
2.99167,11
3.00000,11
3.00833,10
3.01667,10
3.02500,10
3.03333,10
3.04167,10
3.05000,10
3.05833,10
3.06667,10
3.07500,10
3.08333,10
3.09167,10
3.10000,10
3.10833,10
3.11667,10
3.12500,10
3.13333,11
3.14167,11
3.15000,11
3.15833,11
3.16667,11
3.17500,11
3.18333,11
3.19167,11
3.20000,11
3.20833,11
3.21667,11
3.22500,12
3.23333,12
3.24167,12
3.25000,12
3.25833,12
3.26667,12
3.27500,12
3.28333,12
3.29167,12
3.30000,12
3.30833,12
3.31667,11
3.32500,12
3.33333,12
3.34167,12
3.35000,12
3.35833,12
3.36667,12
3.37500,12
3.38333,12
3.39167,12
3.40000,12
3.40833,12
3.41667,13
3.42500,13
3.43333,13
3.44167,13
3.45000,13
3.45833,13
3.46667,13
3.47500,13
3.48333,13
3.49167,13
3.50000,13
3.50833,13
3.51667,13
3.52500,14
3.53333,14
3.54167,14
3.55000,14
3.55833,14
3.56667,13
3.57500,13
3.58333,13
3.59167,13
3.60000,13
3.60833,13
3.61667,13
3.62500,13
3.63333,13
3.64167,13
3.65000,13
3.65833,13
3.66667,13
3.67500,13
3.68333,13
3.69167,13
3.70000,13
3.70833,13
3.71667,14
3.72500,14
3.73333,14
3.74167,14
3.75000,14
3.75833,14
3.76667,15
3.77500,15
3.78333,15
3.79167,15
3.80000,15
3.80833,15
3.81667,15
3.82500,15
3.83333,15
3.84167,15
3.85000,15
3.85833,15
3.86667,15
3.87500,16
3.88333,16
3.89167,16
3.90000,15
3.90833,15
3.91667,15
3.92500,15
3.93333,15
3.94167,15
3.95000,15
3.95833,16
3.96667,16
3.97500,16
3.98333,16
3.99167,16
4.00000,16
4.00833,16
4.01667,16
4.02500,16
4.03333,16
4.04167,16
4.05000,16
4.05833,16
4.06667,16
4.07500,16
4.08333,16
4.09167,16
4.10000,16
4.10833,16
4.11667,17
4.12500,17
4.13333,17
4.14167,17
4.15000,17
4.15833,17
4.16667,17
4.17500,17
4.18333,17
4.19167,16
4.20000,16
4.20833,16
4.21667,16
4.22500,16
4.23333,17
4.24167,17
4.25000,17
4.25833,17
4.26667,17
4.27500,17
4.28333,17
4.29167,17
4.30000,16
4.30833,16
4.31667,16
4.32500,16
4.33333,16
4.34167,16
4.35000,16
4.35833,16
4.36667,16
4.37500,16
4.38333,16
4.39167,16
4.40000,16
4.40833,17
4.41667,17
4.42500,16
4.43333,16
4.44167,16
4.45000,16
4.45833,16
4.46667,16
4.47500,16
4.48333,15
4.49167,15
4.50000,15
4.50833,15
4.51667,15
4.52500,15
4.53333,15
4.54167,15
4.55000,15
4.55833,15
4.56667,15
4.57500,15
4.58333,15
4.59167,15
4.60000,14
4.60833,14
4.61667,15
4.62500,15
4.63333,15
4.64167,16
4.65000,16
4.65833,16
4.66667,16
4.67500,16
4.68333,16
4.69167,16
4.70000,16
4.70833,16
4.71667,16
4.72500,16
4.73333,16
4.74167,16
4.75000,16
4.75833,16
4.76667,16
4.77500,16
4.78333,16
4.79167,15
4.80000,15
4.80833,15
4.81667,15
4.82500,16
4.83333,15
4.84167,15
4.85000,15
4.85833,15
4.86667,16
4.87500,16
4.88333,16
4.89167,15
4.90000,15
4.90833,15
4.91667,16
4.92500,16
4.93333,16
4.94167,16
4.95000,16
4.95833,16
4.96667,16
4.97500,15
4.98333,15
4.99167,15
5.00000,15
5.00833,15
5.01667,15
5.02500,15
5.03333,15
5.04167,15
5.05000,15
5.05833,15
5.06667,15
5.07500,15
5.08333,16
5.09167,16
5.10000,15
5.10833,16
5.11667,16
5.12500,16
5.13333,16
5.14167,16
5.15000,16
5.15833,16
5.16667,16
5.17500,16
5.18333,16
5.19167,16
5.20000,16
5.20833,16
5.21667,16
5.22500,17
5.23333,17
5.24167,17
5.25000,17
5.25833,17
5.26667,17
5.27500,17
5.28333,17
5.29167,18
5.30000,18
5.30833,18
5.31667,17
5.32500,17
5.33333,17
5.34167,16
5.35000,16
5.35833,16
5.36667,16
5.37500,16
5.38333,16
5.39167,16
5.40000,16
5.40833,17
5.41667,17
5.42500,16
5.43333,16
5.44167,17
5.45000,17
5.45833,17
5.46667,17
5.47500,17
5.48333,17
5.49167,17
5.50000,17
5.50833,17
5.51667,17
5.52500,17
5.53333,17
5.54167,17
5.55000,17
5.55833,17
5.56667,17
5.57500,18
5.58333,18
5.59167,18
5.60000,18
5.60833,18
5.61667,18
5.62500,18
5.63333,18
5.64167,18
5.65000,18
5.65833,18
5.66667,18
5.67500,18
5.68333,18
5.69167,18
5.70000,18
5.70833,18
5.71667,18
5.72500,17
5.73333,17
5.74167,18
5.75000,18
5.75833,18
5.76667,18
5.77500,18
5.78333,18
5.79167,18
5.80000,18
5.80833,19
5.81667,19
5.82500,19
5.83333,19
5.84167,19
5.85000,18
5.85833,18
5.86667,18
5.87500,18
5.88333,19
5.89167,19
5.90000,19
5.90833,19
5.91667,19
5.92500,19
5.93333,19
5.94167,19
5.95000,19
5.95833,19
5.96667,19
5.97500,19
5.98333,19
5.99167,19
6.00000,19
6.00833,19
6.01667,19
6.02500,19
6.03333,19
6.04167,19
6.05000,19
6.05833,19
6.06667,18
6.07500,18
6.08333,19
6.09167,19
6.10000,19
6.10833,19
6.11667,19
6.12500,20
6.13333,20
6.14167,20
6.15000,20
6.15833,20
6.16667,20
6.17500,20
6.18333,20
6.19167,20
6.20000,20
6.20833,20
6.21667,20
6.22500,20
6.23333,20
6.24167,20
6.25000,20
6.25833,20
6.26667,20
6.27500,20
6.28333,20
6.29167,20
6.30000,21
6.30833,21
6.31667,21
6.32500,20
6.33333,20
6.34167,20
6.35000,20
6.35833,20
6.36667,20
6.37500,20
6.38333,20
6.39167,20
6.40000,20
6.40833,20
6.41667,20
6.42500,20
6.43333,21
6.44167,21
6.45000,21
6.45833,21
6.46667,21
6.47500,21
6.48333,21
6.49167,21
6.50000,21
6.50833,21
6.51667,21
6.52500,21
6.53333,21
6.54167,21
6.55000,21
6.55833,21
6.56667,21
6.57500,21
6.58333,21
6.59167,21
6.60000,21
6.60833,21
6.61667,21
6.62500,21
6.63333,21
6.64167,21
6.65000,21
6.65833,21
6.66667,21
6.67500,21
6.68333,21
6.69167,21
6.70000,21
6.70833,21
6.71667,21
6.72500,21
6.73333,21
6.74167,21
6.75000,21
6.75833,22
6.76667,22
6.77500,22
6.78333,22
6.79167,22
6.80000,22
6.80833,22
6.81667,22
6.82500,22
6.83333,22
6.84167,22
6.85000,22
6.85833,22
6.86667,22
6.87500,22
6.88333,22
6.89167,22
6.90000,23
6.90833,23
6.91667,23
6.92500,23
6.93333,23
6.94167,23
6.95000,22
6.95833,22
6.96667,22
6.97500,22
6.98333,23
6.99167,23
7.00000,23
7.00833,23
7.01667,23
7.02500,22
7.03333,22
7.04167,22
7.05000,22
7.05833,22
7.06667,22
7.07500,22
7.08333,22
7.09167,23
7.10000,23
7.10833,23
7.11667,23
7.12500,24
7.13333,23
7.14167,23
7.15000,23
7.15833,23
7.16667,23
7.17500,23
7.18333,22
7.19167,22
7.20000,23
7.20833,23
7.21667,23
7.22500,23
7.23333,23
7.24167,24
7.25000,24
7.25833,24
7.26667,24
7.27500,24
7.28333,24
7.29167,23
7.30000,23
7.30833,23
7.31667,23
7.32500,24
7.33333,24
7.34167,24
7.35000,24
7.35833,24
7.36667,24
7.37500,24
7.38333,24
7.39167,24
7.40000,24
7.40833,24
7.41667,24
7.42500,24
7.43333,24
7.44167,24
7.45000,24
7.45833,24
7.46667,24
7.47500,24
7.48333,24
7.49167,24
7.50000,25
7.50833,24
7.51667,25
7.52500,25
7.53333,25
7.54167,25
7.55000,25
7.55833,24
7.56667,24
7.57500,24
7.58333,24
7.59167,24
7.60000,24
7.60833,24
7.61667,24
7.62500,24
7.63333,24
7.64167,24
7.65000,24
7.65833,24
7.66667,24
7.67500,24
7.68333,24
7.69167,25
7.70000,25
7.70833,25
7.71667,25
7.72500,25
7.73333,25
7.74167,25
7.75000,25
7.75833,25
7.76667,25
7.77500,25
7.78333,25
7.79167,25
7.80000,25
7.80833,25
7.81667,25
7.82500,25
7.83333,26
7.84167,26
7.85000,26
7.85833,25
7.86667,25
7.87500,25
7.88333,25
7.89167,25
7.90000,25
7.90833,25
7.91667,25
7.92500,25
7.93333,25
7.94167,25
7.95000,25
7.95833,25
7.96667,25
7.97500,25
7.98333,25
7.99167,25
8.00000,25
8.00833,25
8.01667,26
8.02500,26
8.03333,26
8.04167,26
8.05000,26
8.05833,26
8.06667,25
8.07500,25
8.08333,25
8.09167,26
8.10000,26
8.10833,26
8.11667,26
8.12500,26
8.13333,25
8.14167,25
8.15000,25
8.15833,25
8.16667,25
8.17500,25
8.18333,25
8.19167,26
8.20000,26
8.20833,26
8.21667,26
8.22500,26
8.23333,26
8.24167,26
8.25000,27
8.25833,27
8.26667,27
8.27500,27
8.28333,27
8.29167,27
8.30000,27
8.30833,27
8.31667,27
8.32500,27
8.33333,27
8.34167,27
8.35000,27
8.35833,27
8.36667,27
8.37500,27
8.38333,27
8.39167,27
8.40000,27
8.40833,26
8.41667,26
8.42500,26
8.43333,27
8.44167,27
8.45000,27
8.45833,28
8.46667,28
8.47500,27
8.48333,28
8.49167,28
8.50000,28
8.50833,28
8.51667,28
8.52500,28
8.53333,28
8.54167,28
8.55000,28
8.55833,28
8.56667,28
8.57500,28
8.58333,28
8.59167,28
8.60000,28
8.60833,29
8.61667,29
8.62500,29
8.63333,29
8.64167,29
8.65000,29
8.65833,29
8.66667,28
8.67500,28
8.68333,28
8.69167,28
8.70000,28
8.70833,27
8.71667,28
8.72500,28
8.73333,28
8.74167,28
8.75000,28
8.75833,28
8.76667,28
8.77500,27
8.78333,27
8.79167,27
8.80000,28
8.80833,28
8.81667,28
8.82500,28
8.83333,28
8.84167,28
8.85000,29
8.85833,28
8.86667,28
8.87500,28
8.88333,28
8.89167,28
8.90000,28
8.90833,28
8.91667,28
8.92500,28
8.93333,28
8.94167,28
8.95000,28
8.95833,28
8.96667,28
8.97500,28
8.98333,29
8.99167,29
9.00000,29
9.00833,29
9.01667,29
9.02500,29
9.03333,29
9.04167,29
9.05000,29
9.05833,28
9.06667,28
9.07500,28
9.08333,28
9.09167,29
9.10000,29
9.10833,29
9.11667,29
9.12500,29
9.13333,29
9.14167,29
9.15000,29
9.15833,29
9.16667,29
9.17500,29
9.18333,29
9.19167,29
9.20000,29
9.20833,29
9.21667,29
9.22500,30
9.23333,30
9.24167,30
9.25000,30
9.25833,29
9.26667,29
9.27500,30
9.28333,30
9.29167,30
9.30000,30
9.30833,30
9.31667,30
9.32500,30
9.33333,30
9.34167,30
9.35000,30
9.35833,30
9.36667,30
9.37500,31
9.38333,31
9.39167,31
9.40000,31
9.40833,31
9.41667,31
9.42500,31
9.43333,31
9.44167,31
9.45000,30
9.45833,30
9.46667,30
9.47500,30
9.48333,30
9.49167,30
9.50000,30
9.50833,31
9.51667,31
9.52500,31
9.53333,31
9.54167,31
9.55000,31
9.55833,31
9.56667,31
9.57500,31
9.58333,31
9.59167,31
9.60000,31
9.60833,32
9.61667,32
9.62500,32
9.63333,32
9.64167,32
9.65000,32
9.65833,32
9.66667,32
9.67500,31
9.68333,31
9.69167,31
9.70000,31
9.70833,32
9.71667,32
9.72500,32
9.73333,32
9.74167,31
9.75000,31
9.75833,32
9.76667,32
9.77500,32
9.78333,32
9.79167,32
9.80000,33
9.80833,33
9.81667,33
9.82500,33
9.83333,33
9.84167,34
9.85000,34
9.85833,34
9.86667,33
9.87500,33
9.88333,33
9.89167,33
9.90000,33
9.90833,33
9.91667,33
9.92500,33
9.93333,33
9.94167,33
9.95000,33
9.95833,34
9.96667,34
9.97500,35
9.98333,35
9.99167,36
10.00000,36
10.00833,36
10.01667,36
10.02500,37
10.03333,37
10.04167,37
10.05000,37
10.05833,38
10.06667,39
10.07500,40
10.08333,41
10.09167,41
10.10000,42
10.10833,42
10.11667,43
10.12500,44
10.13333,45
10.14167,46
10.15000,47
10.15833,48
10.16667,49
10.17500,50
10.18333,51
10.19167,51
10.20000,52
10.20833,53
10.21667,54
10.22500,55
10.23333,56
10.24167,57
10.25000,57
10.25833,58
10.26667,59
10.27500,60
10.28333,60
10.29167,60
10.30000,60
10.30833,61
10.31667,61
10.32500,61
10.33333,61
10.34167,62
10.35000,62
10.35833,61
10.36667,61
10.37500,61
10.38333,60
10.39167,60
10.40000,60
10.40833,60
10.41667,59
10.42500,59
10.43333,59
10.44167,59
10.45000,59
10.45833,58
10.46667,58
10.47500,59
10.48333,59
10.49167,60
10.50000,62
10.50833,64
10.51667,67
10.52500,71
10.53333,76
10.54167,83
10.55000,92
10.55833,104
10.56667,120
10.57500,139
10.58333,164
10.59167,195
10.60000,233
10.60833,280
10.61667,337
10.62500,406
10.63333,488
10.64167,585
10.65000,699
10.65833,831
10.66667,984
10.67500,1159
10.68333,1358
10.69167,1582
10.70000,1834
10.70833,2114
10.71667,2424
10.72500,2764
10.73333,3135
10.74167,3536
10.75000,3969
10.75833,4431
10.76667,4922
10.77500,5440
10.78333,5981
10.79167,6543
10.80000,7122
10.80833,7714
10.81667,8313
10.82500,8914
10.83333,9509
10.84167,10093
10.85000,10657
10.85833,11194
10.86667,11696
10.87500,12155
10.88333,12564
10.89167,12914
10.90000,13201
10.90833,13416
10.91667,13557
10.92500,13619
10.93333,13600
10.94167,13499
10.95000,13319
10.95833,13060
10.96667,12729
10.97500,12330
10.98333,11871
10.99167,11360
11.00000,10805
11.00833,10217
11.01667,9605
11.02500,8978
11.03333,8346
11.04167,7718
11.05000,7100
11.05833,6501
11.06667,5924
11.07500,5376
11.08333,4859
11.09167,4376
11.10000,3928
11.10833,3516
11.11667,3139
11.12500,2796
11.13333,2486
11.14167,2207
11.15000,1956
11.15833,1732
11.16667,1532
11.17500,1355
11.18333,1197
11.19167,1057
11.20000,933
11.20833,823
11.21667,726
11.22500,640
11.23333,563
11.24167,495
11.25000,435
11.25833,382
11.26667,334
11.27500,292
11.28333,255
11.29167,222
11.30000,193
11.30833,167
11.31667,144
11.32500,124
11.33333,107
11.34167,92
11.35000,78
11.35833,66
11.36667,56
11.37500,47
11.38333,39
11.39167,32
11.40000,26
11.40833,21
11.41667,17
11.42500,13
11.43333,9
11.44167,7
11.45000,4
11.45833,2
11.46667,0
11.47500,-2
11.48333,-4
11.49167,-5
11.50000,-6
11.50833,-7
11.51667,-8
11.52500,-9
11.53333,-10
11.54167,-10
11.55000,-11
11.55833,-11
11.56667,-12
11.57500,-12
11.58333,-12
11.59167,-12
11.60000,-12
11.60833,-11
11.61667,-11
11.62500,-10
11.63333,-10
11.64167,-9
11.65000,-9
11.65833,-8
11.66667,-8
11.67500,-7
11.68333,-6
11.69167,-5
11.70000,-4
11.70833,-4
11.71667,-3
11.72500,-2
11.73333,-1
11.74167,0
11.75000,2
11.75833,3
11.76667,4
11.77500,6
11.78333,7
11.79167,8
11.80000,9
11.80833,10
11.81667,11
11.82500,12
11.83333,13
11.84167,14
11.85000,15
11.85833,15
11.86667,16
11.87500,17
11.88333,17
11.89167,18
11.90000,19
11.90833,19
11.91667,20
11.92500,20
11.93333,21
11.94167,22
11.95000,23
11.95833,24
11.96667,25
11.97500,25
11.98333,26
11.99167,26
12.00000,27
12.00833,27
12.01667,27
12.02500,28
12.03333,29
12.04167,29
12.05000,30
12.05833,30
12.06667,31
12.07500,31
12.08333,32
12.09167,33
12.10000,33
12.10833,34
12.11667,34
12.12500,35
12.13333,35
12.14167,36
12.15000,36
12.15833,36
12.16667,37
12.17500,37
12.18333,37
12.19167,38
12.20000,39
12.20833,40
12.21667,41
12.22500,41
12.23333,42
12.24167,43
12.25000,44
12.25833,45
12.26667,46
12.27500,48
12.28333,49
12.29167,50
12.30000,51
12.30833,52
12.31667,53
12.32500,54
12.33333,55
12.34167,56
12.35000,57
12.35833,58
12.36667,59
12.37500,60
12.38333,60
12.39167,61
12.40000,62
12.40833,63
12.41667,63
12.42500,64
12.43333,65
12.44167,66
12.45000,66
12.45833,67
12.46667,67
12.47500,68
12.48333,68
12.49167,69
12.50000,69
12.50833,69
12.51667,70
12.52500,70
12.53333,70
12.54167,71
12.55000,71
12.55833,71
12.56667,72
12.57500,72
12.58333,72
12.59167,72
12.60000,73
12.60833,73
12.61667,74
12.62500,75
12.63333,76
12.64167,77
12.65000,79
12.65833,82
12.66667,85
12.67500,89
12.68333,93
12.69167,99
12.70000,106
12.70833,114
12.71667,125
12.72500,137
12.73333,152
12.74167,170
12.75000,191
12.75833,216
12.76667,244
12.77500,277
12.78333,314
12.79167,356
12.80000,403
12.80833,456
12.81667,514
12.82500,579
12.83333,650
12.84167,727
12.85000,810
12.85833,901
12.86667,998
12.87500,1102
12.88333,1212
12.89167,1329
12.90000,1452
12.90833,1582
12.91667,1718
12.92500,1861
12.93333,2010
12.94167,2165
12.95000,2325
12.95833,2492
12.96667,2663
12.97500,2840
12.98333,3022
12.99167,3209
13.00000,3401
13.00833,3597
13.01667,3797
13.02500,4002
13.03333,4211
13.04167,4424
13.05000,4641
13.05833,4861
13.06667,5085
13.07500,5313
13.08333,5544
13.09167,5778
13.10000,6015
13.10833,6255
13.11667,6499
13.12500,6745
13.13333,6994
13.14167,7245
13.15000,7499
13.15833,7756
13.16667,8015
13.17500,8277
13.18333,8542
13.19167,8809
13.20000,9079
13.20833,9351
13.21667,9626
13.22500,9902
13.23333,10181
13.24167,10463
13.25000,10747
13.25833,11033
13.26667,11321
13.27500,11611
13.28333,11904
13.29167,12199
13.30000,12497
13.30833,12796
13.31667,13098
13.32500,13402
13.33333,13708
13.34167,14016
13.35000,14327
13.35833,14640
13.36667,14955
13.37500,15272
13.38333,15591
13.39167,15913
13.40000,16237
13.40833,16564
13.41667,16892
13.42500,17223
13.43333,17557
13.44167,17892
13.45000,18230
13.45833,18570
13.46667,18912
13.47500,19257
13.48333,19605
13.49167,19954
13.50000,20307
13.50833,20661
13.51667,21018
13.52500,21377
13.53333,21738
13.54167,22102
13.55000,22468
13.55833,22836
13.56667,23207
13.57500,23581
13.58333,23957
13.59167,24336
13.60000,24718
13.60833,25103
13.61667,25490
13.62500,25879
13.63333,26271
13.64167,26665
13.65000,27061
13.65833,27461
13.66667,27863
13.67500,28269
13.68333,28677
13.69167,29088
13.70000,29501
13.70833,29918
13.71667,30336
13.72500,30758
13.73333,31183
13.74167,31610
13.75000,32041
13.75833,32474
13.76667,32910
13.77500,33349
13.78333,33791
13.79167,34236
13.80000,34683
13.80833,35134
13.81667,35588
13.82500,36045
13.83333,36504
13.84167,36966
13.85000,37431
13.85833,37898
13.86667,38366
13.87500,38836
13.88333,39305
13.89167,39770
13.90000,40226
13.90833,40666
13.91667,41081
13.92500,41455
13.93333,41772
13.94167,42009
13.95000,42142
13.95833,42143
13.96667,41986
13.97500,41643
13.98333,41095
13.99167,40324
14.00000,39322
14.00833,38092
14.01667,36643
14.02500,34995
14.03333,33178
14.04167,31224
14.05000,29174
14.05833,27068
14.06667,24944
14.07500,22843
14.08333,20796
14.09167,18833
14.10000,16975
14.10833,15238
14.11667,13632
14.12500,12164
14.13333,10833
14.14167,9636
14.15000,8570
14.15833,7627
14.16667,6798
14.17500,6076
14.18333,5450
14.19167,4913
14.20000,4456
14.20833,4073
14.21667,3756
14.22500,3501
14.23333,3301
14.24167,3151
14.25000,3048
14.25833,2988
14.26667,2967
14.27500,2984
14.28333,3034
14.29167,3117
14.30000,3228
14.30833,3366
14.31667,3528
14.32500,3711
14.33333,3914
14.34167,4134
14.35000,4366
14.35833,4609
14.36667,4858
14.37500,5112
14.38333,5367
14.39167,5618
14.40000,5864
14.40833,6101
14.41667,6326
14.42500,6536
14.43333,6729
14.44167,6902
14.45000,7052
14.45833,7179
14.46667,7280
14.47500,7355
14.48333,7402
14.49167,7422
14.50000,7414
14.50833,7380
14.51667,7320
14.52500,7234
14.53333,7125
14.54167,6995
14.55000,6845
14.55833,6676
14.56667,6491
14.57500,6293
14.58333,6083
14.59167,5864
14.60000,5637
14.60833,5406
14.61667,5172
14.62500,4936
14.63333,4701
14.64167,4469
14.65000,4239
14.65833,4014
14.66667,3795
14.67500,3582
14.68333,3377
14.69167,3179
14.70000,2989
14.70833,2808
14.71667,2636
14.72500,2473
14.73333,2318
14.74167,2172
14.75000,2035
14.75833,1905
14.76667,1784
14.77500,1670
14.78333,1564
14.79167,1465
14.80000,1373
14.80833,1286
14.81667,1206
14.82500,1132
14.83333,1064
14.84167,999
14.85000,940
14.85833,885
14.86667,834
14.87500,787
14.88333,744
14.89167,704
14.90000,667
14.90833,633
14.91667,602
14.92500,573
14.93333,546
14.94167,522
14.95000,499
14.95833,478
14.96667,459
14.97500,441
14.98333,425
14.99167,411
15.00000,398
15.00833,386
15.01667,376
15.02500,366
15.03333,358
15.04167,350
15.05000,344
15.05833,338
15.06667,333
15.07500,329
15.08333,326
15.09167,323
15.10000,322
15.10833,321
15.11667,320
15.12500,319
15.13333,320
15.14167,321
15.15000,322
15.15833,323
15.16667,325
15.17500,327
15.18333,330
15.19167,332
15.20000,335
15.20833,338
15.21667,340
15.22500,343
15.23333,345
15.24167,347
15.25000,349
15.25833,351
15.26667,352
15.27500,353
15.28333,354
15.29167,354
15.30000,354
15.30833,353
15.31667,352
15.32500,351
15.33333,349
15.34167,346
15.35000,344
15.35833,341
15.36667,337
15.37500,333
15.38333,329
15.39167,324
15.40000,319
15.40833,314
15.41667,309
15.42500,304
15.43333,299
15.44167,294
15.45000,289
15.45833,283
15.46667,277
15.47500,272
15.48333,267
15.49167,262
15.50000,257
15.50833,252
15.51667,247
15.52500,242
15.53333,237
15.54167,232
15.55000,227
15.55833,223
15.56667,219
15.57500,216
15.58333,213
15.59167,209
15.60000,206
15.60833,203
15.61667,199
15.62500,197
15.63333,194
15.64167,192
15.65000,189
15.65833,187
15.66667,185
15.67500,183
15.68333,181
15.69167,179
15.70000,178
15.70833,176
15.71667,175
15.72500,174
15.73333,173
15.74167,172
15.75000,170
15.75833,169
15.76667,168
15.77500,166
15.78333,165
15.79167,164
15.80000,163
15.80833,162
15.81667,161
15.82500,160
15.83333,159
15.84167,159
15.85000,158
15.85833,157
15.86667,156
15.87500,155
15.88333,154
15.89167,154
15.90000,153
15.90833,153
15.91667,152
15.92500,152
15.93333,151
15.94167,150
15.95000,149
15.95833,148
15.96667,148
15.97500,147
15.98333,147
15.99167,146
16.00000,145
16.00833,145
16.01667,144
16.02500,144
16.03333,143
16.04167,143
16.05000,142
16.05833,142
16.06667,141
16.07500,141
16.08333,140
16.09167,140
16.10000,139
16.10833,139
16.11667,138
16.12500,138
16.13333,137
16.14167,137
16.15000,137
16.15833,136
16.16667,136
16.17500,135
16.18333,134
16.19167,134
16.20000,133
16.20833,133
16.21667,133
16.22500,133
16.23333,132
16.24167,132
16.25000,131
16.25833,130
16.26667,130
16.27500,130
16.28333,129
16.29167,129
16.30000,129
16.30833,129
16.31667,129
16.32500,129
16.33333,129
16.34167,128
16.35000,128
16.35833,127
16.36667,127
16.37500,127
16.38333,127
16.39167,126
16.40000,126
16.40833,126
16.41667,126
16.42500,126
16.43333,126
16.44167,126
16.45000,125
16.45833,125
16.46667,125
16.47500,124
16.48333,124
16.49167,123
16.50000,123
16.50833,123
16.51667,124
16.52500,124
16.53333,123
16.54167,123
16.55000,123
16.55833,123
16.56667,123
16.57500,122
16.58333,121
16.59167,120
16.60000,120
16.60833,119
16.61667,119
16.62500,118
16.63333,118
16.64167,118
16.65000,117
16.65833,117
16.66667,117
16.67500,116
16.68333,116
16.69167,116
16.70000,115
16.70833,115
16.71667,114
16.72500,114
16.73333,113
16.74167,113
16.75000,113
16.75833,112
16.76667,112
16.77500,112
16.78333,111
16.79167,111
16.80000,111
16.80833,110
16.81667,110
16.82500,110
16.83333,109
16.84167,109
16.85000,108
16.85833,108
16.86667,108
16.87500,108
16.88333,108
16.89167,108
16.90000,108
16.90833,108
16.91667,107
16.92500,106
16.93333,106
16.94167,106
16.95000,105
16.95833,105
16.96667,105
16.97500,105
16.98333,104
16.99167,104
17.00000,104
17.00833,104
17.01667,103
17.02500,103
17.03333,103
17.04167,102
17.05000,102
17.05833,102
17.06667,102
17.07500,101
17.08333,101
17.09167,101
17.10000,101
17.10833,100
17.11667,100
17.12500,100
17.13333,99
17.14167,99
17.15000,99
17.15833,99
17.16667,98
17.17500,98
17.18333,98
17.19167,98
17.20000,98
17.20833,97
17.21667,98
17.22500,97
17.23333,97
17.24167,97
17.25000,97
17.25833,97
17.26667,97
17.27500,97
17.28333,96
17.29167,96
17.30000,96
17.30833,96
17.31667,96
17.32500,96
17.33333,96
17.34167,96
17.35000,95
17.35833,95
17.36667,95
17.37500,95
17.38333,95
17.39167,95
17.40000,95
17.40833,94
17.41667,94
17.42500,94
17.43333,94
17.44167,94
17.45000,93
17.45833,93
17.46667,93
17.47500,93
17.48333,93
17.49167,93
17.50000,93
17.50833,93
17.51667,92
17.52500,92
17.53333,92
17.54167,91
17.55000,91
17.55833,91
17.56667,91
17.57500,91
17.58333,91
17.59167,91
17.60000,91
17.60833,91
17.61667,91
17.62500,91
17.63333,91
17.64167,91
17.65000,90
17.65833,90
17.66667,90
17.67500,90
17.68333,89
17.69167,89
17.70000,90
17.70833,90
17.71667,90
17.72500,90
17.73333,90
17.74167,90
17.75000,90
17.75833,90
17.76667,90
17.77500,90
17.78333,91
17.79167,91
17.80000,91
17.80833,91
17.81667,91
17.82500,91
17.83333,91
17.84167,91
17.85000,91
17.85833,91
17.86667,91
17.87500,91
17.88333,92
17.89167,92
17.90000,92
17.90833,92
17.91667,92
17.92500,92
17.93333,92
17.94167,92
17.95000,92
17.95833,92
17.96667,92
17.97500,92
17.98333,92
17.99167,92
18.00000,92
18.00833,92
18.01667,92
18.02500,92
18.03333,92
18.04167,92
18.05000,92
18.05833,92
18.06667,92
18.07500,92
18.08333,92
18.09167,91
18.10000,91
18.10833,91
18.11667,90
18.12500,90
18.13333,90
18.14167,90
18.15000,89
18.15833,89
18.16667,89
18.17500,88
18.18333,88
18.19167,87
18.20000,87
18.20833,87
18.21667,87
18.22500,86
18.23333,86
18.24167,86
18.25000,86
18.25833,86
18.26667,85
18.27500,85
18.28333,85
18.29167,85
18.30000,84
18.30833,84
18.31667,84
18.32500,84
18.33333,84
18.34167,84
18.35000,84
18.35833,84
18.36667,84
18.37500,83
18.38333,83
18.39167,83
18.40000,84
18.40833,84
18.41667,83
18.42500,83
18.43333,83
18.44167,83
18.45000,84
18.45833,84
18.46667,84
18.47500,84
18.48333,84
18.49167,84
18.50000,84
18.50833,84
18.51667,84
18.52500,84
18.53333,84
18.54167,84
18.55000,84
18.55833,85
18.56667,85
18.57500,85
18.58333,85
18.59167,86
18.60000,86
18.60833,86
18.61667,86
18.62500,86
18.63333,86
18.64167,86
18.65000,86
18.65833,86
18.66667,86
18.67500,86
18.68333,86
18.69167,86
18.70000,86
18.70833,86
18.71667,86
18.72500,86
18.73333,86
18.74167,87
18.75000,87
18.75833,87
18.76667,88
18.77500,88
18.78333,88
18.79167,88
18.80000,88
18.80833,88
18.81667,88
18.82500,88
18.83333,88
18.84167,89
18.85000,89
18.85833,89
18.86667,90
18.87500,90
18.88333,91
18.89167,92
18.90000,93
18.90833,94
18.91667,95
18.92500,96
18.93333,98
18.94167,99
18.95000,101
18.95833,103
18.96667,105
18.97500,106
18.98333,108
18.99167,111
19.00000,114
19.00833,116
19.01667,119
19.02500,122
19.03333,126
19.04167,129
19.05000,133
19.05833,136
19.06667,140
19.07500,143
19.08333,147
19.09167,151
19.10000,154
19.10833,157
19.11667,161
19.12500,164
19.13333,167
19.14167,170
19.15000,173
19.15833,176
19.16667,178
19.17500,181
19.18333,183
19.19167,185
19.20000,186
19.20833,187
19.21667,188
19.22500,188
19.23333,188
19.24167,188
19.25000,188
19.25833,187
19.26667,186
19.27500,186
19.28333,184
19.29167,183
19.30000,181
19.30833,179
19.31667,177
19.32500,175
19.33333,172
19.34167,170
19.35000,167
19.35833,164
19.36667,161
19.37500,158
19.38333,155
19.39167,152
19.40000,148
19.40833,145
19.41667,142
19.42500,139
19.43333,136
19.44167,133
19.45000,130
19.45833,127
19.46667,125
19.47500,122
19.48333,120
19.49167,117
19.50000,115
19.50833,113
19.51667,111
19.52500,109
19.53333,106
19.54167,104
19.55000,102
19.55833,101
19.56667,99
19.57500,98
19.58333,96
19.59167,95
19.60000,94
19.60833,92
19.61667,91
19.62500,89
19.63333,88
19.64167,87
19.65000,87
19.65833,86
19.66667,86
19.67500,85
19.68333,84
19.69167,84
19.70000,83
19.70833,82
19.71667,82
19.72500,82
19.73333,81
19.74167,81
19.75000,80
19.75833,80
19.76667,80
19.77500,79
19.78333,79
19.79167,78
19.80000,78
19.80833,78
19.81667,78
19.82500,77
19.83333,77
19.84167,77
19.85000,78
19.85833,78
19.86667,78
19.87500,77
19.88333,77
19.89167,76
19.90000,76
19.90833,76
19.91667,76
19.92500,76
19.93333,76
19.94167,76
19.95000,76
19.95833,76
19.96667,76
19.97500,76
19.98333,76
19.99167,76
20.00000,76
20.00833,76
20.01667,76
20.02500,75
20.03333,75
20.04167,75
20.05000,75
20.05833,75
20.06667,75
20.07500,75
20.08333,75
20.09167,75
20.10000,75
20.10833,75
20.11667,75
20.12500,75
20.13333,75
20.14167,75
20.15000,75
20.15833,76
20.16667,76
20.17500,76
20.18333,76
20.19167,76
20.20000,75
20.20833,75
20.21667,75
20.22500,75
20.23333,75
20.24167,75
20.25000,75
20.25833,75
20.26667,75
20.27500,75
20.28333,75
20.29167,75
20.30000,75
20.30833,75
20.31667,74
20.32500,75
20.33333,75
20.34167,74
20.35000,74
20.35833,74
20.36667,75
20.37500,75
20.38333,75
20.39167,75
20.40000,75
20.40833,75
20.41667,75
20.42500,75
20.43333,74
20.44167,74
20.45000,74
20.45833,74
20.46667,74
20.47500,74
20.48333,75
20.49167,75
20.50000,75
20.50833,75
20.51667,75
20.52500,75
20.53333,75
20.54167,75
20.55000,75
20.55833,75
20.56667,74
20.57500,74
20.58333,75
20.59167,75
20.60000,75
20.60833,75
20.61667,75
20.62500,75
20.63333,75
20.64167,76
20.65000,76
20.65833,76
20.66667,76
20.67500,77
20.68333,76
20.69167,76
20.70000,76
20.70833,76
20.71667,76
20.72500,77
20.73333,77
20.74167,77
20.75000,78
20.75833,78
20.76667,78
20.77500,78
20.78333,78
20.79167,78
20.80000,78
20.80833,79
20.81667,79
20.82500,79
20.83333,79
20.84167,79
20.85000,79
20.85833,79
20.86667,79
20.87500,80
20.88333,80
20.89167,80
20.90000,80
20.90833,80
20.91667,81
20.92500,81
20.93333,81
20.94167,82
20.95000,82
20.95833,82
20.96667,83
20.97500,84
20.98333,84
20.99167,85
21.00000,86
21.00833,87
21.01667,87
21.02500,88
21.03333,88
21.04167,89
21.05000,90
21.05833,90
21.06667,91
21.07500,92
21.08333,92
21.09167,93
21.10000,95
21.10833,96
21.11667,97
21.12500,98
21.13333,99
21.14167,100
21.15000,101
21.15833,102
21.16667,103
21.17500,104
21.18333,106
21.19167,107
21.20000,108
21.20833,109
21.21667,110
21.22500,111
21.23333,112
21.24167,113
21.25000,113
21.25833,114
21.26667,114
21.27500,115
21.28333,115
21.29167,115
21.30000,115
21.30833,115
21.31667,115
21.32500,114
21.33333,114
21.34167,114
21.35000,113
21.35833,113
21.36667,113
21.37500,113
21.38333,112
21.39167,112
21.40000,111
21.40833,110
21.41667,109
21.42500,109
21.43333,108
21.44167,107
21.45000,106
21.45833,105
21.46667,104
21.47500,103
21.48333,102
21.49167,101
21.50000,101
21.50833,100
21.51667,99
21.52500,97
21.53333,96
21.54167,95
21.55000,94
21.55833,93
21.56667,92
21.57500,92
21.58333,91
21.59167,90
21.60000,89
21.60833,88
21.61667,87
21.62500,87
21.63333,86
21.64167,86
21.65000,85
21.65833,85
21.66667,84
21.67500,83
21.68333,83
21.69167,83
21.70000,82
21.70833,82
21.71667,82
21.72500,82
21.73333,82
21.74167,81
21.75000,80
21.75833,80
21.76667,79
21.77500,79
21.78333,79
21.79167,78
21.80000,78
21.80833,78
21.81667,78
21.82500,78
21.83333,78
21.84167,78
21.85000,78
21.85833,78
21.86667,77
21.87500,77
21.88333,77
21.89167,77
21.90000,77
21.90833,77
21.91667,77
21.92500,77
21.93333,77
21.94167,77
21.95000,77
21.95833,78
21.96667,78
21.97500,78
21.98333,78
21.99167,78
22.00000,78
22.00833,78
22.01667,78
22.02500,77
22.03333,77
22.04167,76
22.05000,76
22.05833,76
22.06667,76
22.07500,76
22.08333,76
22.09167,76
22.10000,76
22.10833,76
22.11667,76
22.12500,76
22.13333,77
22.14167,77
22.15000,77
22.15833,77
22.16667,77
22.17500,77
22.18333,77
22.19167,77
22.20000,77
22.20833,77
22.21667,77
22.22500,77
22.23333,77
22.24167,77
22.25000,77
22.25833,77
22.26667,77
22.27500,78
22.28333,78
22.29167,78
22.30000,78
22.30833,78
22.31667,78
22.32500,78
22.33333,78
22.34167,78
22.35000,78
22.35833,78
22.36667,78
22.37500,78
22.38333,78
22.39167,78
22.40000,78
22.40833,78
22.41667,78
22.42500,78
22.43333,78
22.44167,78
22.45000,78
22.45833,78
22.46667,78
22.47500,79
22.48333,79
22.49167,79
22.50000,79
22.50833,79
22.51667,79
22.52500,79
22.53333,79
22.54167,79
22.55000,79
22.55833,79
22.56667,79
22.57500,79
22.58333,79
22.59167,80
22.60000,80
22.60833,79
22.61667,79
22.62500,79
22.63333,80
22.64167,80
22.65000,80
22.65833,80
22.66667,80
22.67500,80
22.68333,80
22.69167,80
22.70000,80
22.70833,81
22.71667,81
22.72500,82
22.73333,83
22.74167,83
22.75000,84
22.75833,84
22.76667,85
22.77500,85
22.78333,85
22.79167,86
22.80000,87
22.80833,87
22.81667,88
22.82500,88
22.83333,88
22.84167,89
22.85000,90
22.85833,90
22.86667,91
22.87500,92
22.88333,93
22.89167,94
22.90000,95
22.90833,96
22.91667,97
22.92500,97
22.93333,98
22.94167,99
22.95000,100
22.95833,101
22.96667,102
22.97500,102
22.98333,103
22.99167,103
23.00000,103
23.00833,104
23.01667,104
23.02500,104
23.03333,105
23.04167,105
23.05000,105
23.05833,105
23.06667,105
23.07500,105
23.08333,105
23.09167,105
23.10000,105
23.10833,105
23.11667,105
23.12500,105
23.13333,105
23.14167,105
23.15000,104
23.15833,103
23.16667,103
23.17500,103
23.18333,102
23.19167,102
23.20000,101
23.20833,100
23.21667,100
23.22500,99
23.23333,98
23.24167,98
23.25000,97
23.25833,96
23.26667,95
23.27500,94
23.28333,94
23.29167,93
23.30000,93
23.30833,92
23.31667,92
23.32500,91
23.33333,90
23.34167,90
23.35000,90
23.35833,89
23.36667,89
23.37500,89
23.38333,88
23.39167,88
23.40000,87
23.40833,86
23.41667,86
23.42500,85
23.43333,84
23.44167,84
23.45000,83
23.45833,83
23.46667,83
23.47500,82
23.48333,82
23.49167,82
23.50000,82
23.50833,82
23.51667,82
23.52500,82
23.53333,82
23.54167,82
23.55000,82
23.55833,82
23.56667,82
23.57500,82
23.58333,82
23.59167,82
23.60000,82
23.60833,82
23.61667,82
23.62500,82
23.63333,82
23.64167,82
23.65000,81
23.65833,81
23.66667,81
23.67500,81
23.68333,82
23.69167,82
23.70000,82
23.70833,82
23.71667,82
23.72500,82
23.73333,82
23.74167,82
23.75000,83
23.75833,83
23.76667,83
23.77500,83
23.78333,83
23.79167,83
23.80000,83
23.80833,83
23.81667,84
23.82500,84
23.83333,84
23.84167,84
23.85000,84
23.85833,84
23.86667,84
23.87500,84
23.88333,84
23.89167,84
23.90000,85
23.90833,85
23.91667,85
23.92500,86
23.93333,86
23.94167,87
23.95000,87
23.95833,87
23.96667,87
23.97500,88
23.98333,88
23.99167,88
24.00000,88
24.00833,88
24.01667,88
24.02500,88
24.03333,88
24.04167,88
24.05000,88
24.05833,88
24.06667,89
24.07500,89
24.08333,90
24.09167,90
24.10000,90
24.10833,90
24.11667,90
24.12500,89
24.13333,89
24.14167,89
24.15000,88
24.15833,88
24.16667,88
24.17500,89
24.18333,89
24.19167,89
24.20000,89
24.20833,90
24.21667,89
24.22500,89
24.23333,88
24.24167,88
24.25000,88
24.25833,88
24.26667,88
24.27500,88
24.28333,88
24.29167,88
24.30000,88
24.30833,89
24.31667,89
24.32500,90
24.33333,90
24.34167,90
24.35000,90
24.35833,91
24.36667,91
24.37500,92
24.38333,93
24.39167,94
24.40000,95
24.40833,97
24.41667,98
24.42500,100
24.43333,102
24.44167,105
24.45000,107
24.45833,110
24.46667,113
24.47500,117
24.48333,121
24.49167,126
24.50000,131
24.50833,138
24.51667,145
24.52500,152
24.53333,161
24.54167,170
24.55000,182
24.55833,195
24.56667,209
24.57500,225
24.58333,243
24.59167,263
24.60000,286
24.60833,310
24.61667,338
24.62500,368
24.63333,401
24.64167,438
24.65000,480
24.65833,525
24.66667,576
24.67500,631
24.68333,692
24.69167,758
24.70000,830
24.70833,909
24.71667,994
24.72500,1087
24.73333,1187
24.74167,1295
24.75000,1411
24.75833,1535
24.76667,1669
24.77500,1812
24.78333,1964
24.79167,2126
24.80000,2297
24.80833,2478
24.81667,2669
24.82500,2870
24.83333,3080
24.84167,3299
24.85000,3528
24.85833,3765
24.86667,4011
24.87500,4264
24.88333,4525
24.89167,4792
24.90000,5065
24.90833,5343
24.91667,5625
24.92500,5910
24.93333,6196
24.94167,6483
24.95000,6770
24.95833,7056
24.96667,7339
24.97500,7618
24.98333,7891
24.99167,8158
25.00000,8417
25.00833,8666
25.01667,8906
25.02500,9133
25.03333,9348
25.04167,9549
25.05000,9735
25.05833,9905
25.06667,10058
25.07500,10194
25.08333,10312
25.09167,10412
25.10000,10493
25.10833,10555
25.11667,10597
25.12500,10619
25.13333,10622
25.14167,10605
25.15000,10568
25.15833,10513
25.16667,10440
25.17500,10348
25.18333,10240
25.19167,10115
25.20000,9974
25.20833,9818
25.21667,9649
25.22500,9466
25.23333,9272
25.24167,9067
25.25000,8852
25.25833,8627
25.26667,8395
25.27500,8157
25.28333,7913
25.29167,7665
25.30000,7413
25.30833,7158
25.31667,6902
25.32500,6646
25.33333,6390
25.34167,6135
25.35000,5882
25.35833,5631
25.36667,5384
25.37500,5142
25.38333,4903
25.39167,4669
25.40000,4441
25.40833,4219
25.41667,4003
25.42500,3794
25.43333,3592
25.44167,3398
25.45000,3210
25.45833,3030
25.46667,2856
25.47500,2690
25.48333,2532
25.49167,2381
25.50000,2237
25.50833,2100
25.51667,1971
25.52500,1848
25.53333,1732
25.54167,1622
25.55000,1518
25.55833,1421
25.56667,1329
25.57500,1243
25.58333,1163
25.59167,1088
25.60000,1018
25.60833,952
25.61667,891
25.62500,834
25.63333,781
25.64167,731
25.65000,685
25.65833,643
25.66667,604
25.67500,568
25.68333,535
25.69167,504
25.70000,475
25.70833,449
25.71667,424
25.72500,402
25.73333,381
25.74167,362
25.75000,344
25.75833,328
25.76667,313
25.77500,299
25.78333,287
25.79167,276
25.80000,265
25.80833,256
25.81667,247
25.82500,238
25.83333,231
25.84167,224
25.85000,217
25.85833,211
25.86667,206
25.87500,201
25.88333,196
25.89167,192
25.90000,188
25.90833,185
25.91667,182
25.92500,178
25.93333,175
25.94167,172
25.95000,169
25.95833,167
25.96667,165
25.97500,163
25.98333,162
25.99167,160
26.00000,158
26.00833,157
26.01667,155
26.02500,154
26.03333,152
26.04167,151
26.05000,150
26.05833,148
26.06667,147
26.07500,147
26.08333,146
26.09167,145
26.10000,144
26.10833,143
26.11667,143
26.12500,142
26.13333,141
26.14167,140
26.15000,140
26.15833,139
26.16667,138
26.17500,138
26.18333,137
26.19167,137
26.20000,136
26.20833,136
26.21667,135
26.22500,135
26.23333,134
26.24167,133
26.25000,133
26.25833,133
26.26667,132
26.27500,132
26.28333,132
26.29167,132
26.30000,131
26.30833,131
26.31667,130
26.32500,129
26.33333,129
26.34167,129
26.35000,129
26.35833,129
26.36667,128
26.37500,128
26.38333,127
26.39167,127
26.40000,127
26.40833,127
26.41667,127
26.42500,126
26.43333,126
26.44167,126
26.45000,125
26.45833,125
26.46667,125
26.47500,124
26.48333,124
26.49167,124
26.50000,124
26.50833,123
26.51667,123
26.52500,123
26.53333,122
26.54167,123
26.55000,123
26.55833,123
26.56667,122
26.57500,122
26.58333,122
26.59167,122
26.60000,121
26.60833,121
26.61667,121
26.62500,120
26.63333,120
26.64167,120
26.65000,119
26.65833,119
26.66667,119
26.67500,118
26.68333,118
26.69167,118
26.70000,118
26.70833,118
26.71667,118
26.72500,118
26.73333,118
26.74167,118
26.75000,117
26.75833,117
26.76667,117
26.77500,117
26.78333,117
26.79167,117
26.80000,116
26.80833,116
26.81667,116
26.82500,116
26.83333,116
26.84167,116
26.85000,115
26.85833,115
26.86667,115
26.87500,115
26.88333,115
26.89167,115
26.90000,115
26.90833,115
26.91667,115
26.92500,115
26.93333,115
26.94167,115
26.95000,115
26.95833,115
26.96667,115
26.97500,114
26.98333,114
26.99167,114
27.00000,114
27.00833,114
27.01667,114
27.02500,114
27.03333,113
27.04167,113
27.05000,113
27.05833,113
27.06667,112
27.07500,113
27.08333,113
27.09167,113
27.10000,113
27.10833,113
27.11667,113
27.12500,113
27.13333,113
27.14167,113
27.15000,112
27.15833,112
27.16667,112
27.17500,112
27.18333,112
27.19167,112
27.20000,112
27.20833,112
27.21667,112
27.22500,113
27.23333,112
27.24167,112
27.25000,112
27.25833,112
27.26667,112
27.27500,112
27.28333,112
27.29167,112
27.30000,111
27.30833,111
27.31667,111
27.32500,111
27.33333,111
27.34167,111
27.35000,111
27.35833,111
27.36667,111
27.37500,111
27.38333,111
27.39167,111
27.40000,111
27.40833,110
27.41667,110
27.42500,110
27.43333,110
27.44167,110
27.45000,109
27.45833,110
27.46667,110
27.47500,109
27.48333,109
27.49167,109
27.50000,109
27.50833,109
27.51667,108
27.52500,108
27.53333,108
27.54167,107
27.55000,107
27.55833,107
27.56667,106
27.57500,106
27.58333,106
27.59167,105
27.60000,105
27.60833,105
27.61667,105
27.62500,104
27.63333,104
27.64167,103
27.65000,103
27.65833,102
27.66667,101
27.67500,101
27.68333,100
27.69167,99
27.70000,98
27.70833,97
27.71667,96
27.72500,95
27.73333,94
27.74167,93
27.75000,91
27.75833,89
27.76667,88
27.77500,86
27.78333,84
27.79167,83
27.80000,81
27.80833,79
27.81667,78
27.82500,76
27.83333,74
27.84167,72
27.85000,70
27.85833,68
27.86667,65
27.87500,62
27.88333,59
27.89167,56
27.90000,54
27.90833,51
27.91667,48
27.92500,45
27.93333,42
27.94167,39
27.95000,35
27.95833,32
27.96667,29
27.97500,26
27.98333,22
27.99167,19
28.00000,15
28.00833,11
28.01667,8
28.02500,4
28.03333,1
28.04167,-2
28.05000,-6
28.05833,-9
28.06667,-12
28.07500,-15
28.08333,-18
28.09167,-21
28.10000,-24
28.10833,-27
28.11667,-29
28.12500,-32
28.13333,-34
28.14167,-37
28.15000,-39
28.15833,-41
28.16667,-43
28.17500,-44
28.18333,-45
28.19167,-47
28.20000,-48
28.20833,-49
28.21667,-49
28.22500,-50
28.23333,-51
28.24167,-51
28.25000,-51
28.25833,-52
28.26667,-51
28.27500,-51
28.28333,-50
28.29167,-49
28.30000,-49
28.30833,-47
28.31667,-46
28.32500,-45
28.33333,-44
28.34167,-42
28.35000,-40
28.35833,-38
28.36667,-36
28.37500,-34
28.38333,-32
28.39167,-30
28.40000,-28
28.40833,-25
28.41667,-23
28.42500,-20
28.43333,-18
28.44167,-15
28.45000,-12
28.45833,-10
28.46667,-7
28.47500,-4
28.48333,-1
28.49167,2
28.50000,5
28.50833,8
28.51667,11
28.52500,13
28.53333,16
28.54167,19
28.55000,22
28.55833,24
28.56667,27
28.57500,29
28.58333,32
28.59167,34
28.60000,36
28.60833,39
28.61667,41
28.62500,44
28.63333,46
28.64167,48
28.65000,50
28.65833,52
28.66667,54
28.67500,56
28.68333,58
28.69167,60
28.70000,61
28.70833,63
28.71667,64
28.72500,66
28.73333,67
28.74167,69
28.75000,70
28.75833,71
28.76667,72
28.77500,74
28.78333,75
28.79167,76
28.80000,77
28.80833,78
28.81667,79
28.82500,80
28.83333,80
28.84167,81
28.85000,82
28.85833,83
28.86667,84
28.87500,84
28.88333,85
28.89167,85
28.90000,85
28.90833,86
28.91667,86
28.92500,87
28.93333,88
28.94167,89
28.95000,89
28.95833,90
28.96667,90
28.97500,90
28.98333,90
28.99167,91
29.00000,91
29.00833,92
29.01667,92
29.02500,92
29.03333,92
29.04167,93
29.05000,93
29.05833,93
29.06667,94
29.07500,94
29.08333,94
29.09167,94
29.10000,94
29.10833,95
29.11667,95
29.12500,95
29.13333,96
29.14167,96
29.15000,96
29.15833,96
29.16667,96
29.17500,97
29.18333,97
29.19167,97
29.20000,98
29.20833,98
29.21667,98
29.22500,98
29.23333,97
29.24167,97
29.25000,97
29.25833,97
29.26667,97
29.27500,97
29.28333,97
29.29167,97
29.30000,97
29.30833,97
29.31667,97
29.32500,97
29.33333,97
29.34167,97
29.35000,97
29.35833,97
29.36667,97
29.37500,96
29.38333,96
29.39167,96
29.40000,95
29.40833,95
29.41667,95
29.42500,94
29.43333,93
29.44167,92
29.45000,92
29.45833,92
29.46667,91
29.47500,91
29.48333,90
29.49167,90
29.50000,89
29.50833,88
29.51667,88
29.52500,87
29.53333,86
29.54167,86
29.55000,85
29.55833,84
29.56667,83
29.57500,82
29.58333,81
29.59167,80
29.60000,79
29.60833,78
29.61667,76
29.62500,75
29.63333,74
29.64167,72
29.65000,72
29.65833,71
29.66667,69
29.67500,68
29.68333,67
29.69167,66
29.70000,64
29.70833,63
29.71667,62
29.72500,60
29.73333,59
29.74167,58
29.75000,57
29.75833,56
29.76667,55
29.77500,54
29.78333,52
29.79167,51
29.80000,50
29.80833,49
29.81667,48
29.82500,47
29.83333,46
29.84167,45
29.85000,45
29.85833,44
29.86667,43
29.87500,42
29.88333,41
29.89167,41
29.90000,40
29.90833,39
29.91667,38
29.92500,38
29.93333,38
29.94167,37
29.95000,37
29.95833,37
29.96667,37
29.97500,36
29.98333,36
29.99167,36
30.00000,36
30.00833,36
30.01667,37
30.02500,37
30.03333,37
30.04167,38
30.05000,38
30.05833,39
30.06667,40
30.07500,40
30.08333,41
30.09167,42
30.10000,43
30.10833,43
30.11667,44
30.12500,45
30.13333,46
30.14167,47
30.15000,48
30.15833,49
30.16667,50
30.17500,51
30.18333,52
30.19167,53
30.20000,54
30.20833,55
30.21667,56
30.22500,57
30.23333,58
30.24167,59
30.25000,60
30.25833,61
30.26667,62
30.27500,63
30.28333,64
30.29167,65
30.30000,66
30.30833,67
30.31667,68
30.32500,69
30.33333,70
30.34167,70
30.35000,71
30.35833,72
30.36667,73
30.37500,74
30.38333,75
30.39167,75
30.40000,76
30.40833,76
30.41667,77
30.42500,77
30.43333,78
30.44167,78
30.45000,79
30.45833,79
30.46667,80
30.47500,80
30.48333,81
30.49167,82
30.50000,82
30.50833,82
30.51667,82
30.52500,82
30.53333,82
30.54167,83
30.55000,83
30.55833,83
30.56667,83
30.57500,83
30.58333,83
30.59167,83
30.60000,83
30.60833,82
30.61667,82
30.62500,82
30.63333,82
30.64167,82
30.65000,82
30.65833,81
30.66667,81
30.67500,81
30.68333,80
30.69167,80
30.70000,79
30.70833,79
30.71667,78
30.72500,78
30.73333,78
30.74167,77
30.75000,77
30.75833,76
30.76667,76
30.77500,75
30.78333,75
30.79167,75
30.80000,75
30.80833,75
30.81667,74
30.82500,74
30.83333,74
30.84167,74
30.85000,73
30.85833,73
30.86667,73
30.87500,73
30.88333,73
30.89167,73
30.90000,72
30.90833,72
30.91667,72
30.92500,72
30.93333,72
30.94167,72
30.95000,71
30.95833,71
30.96667,71
30.97500,71
30.98333,72
30.99167,72
31.00000,72
31.00833,72
31.01667,73
31.02500,73
31.03333,73
31.04167,74
31.05000,74
31.05833,75
31.06667,75
31.07500,76
31.08333,76
31.09167,77
31.10000,77
31.10833,78
31.11667,78
31.12500,78
31.13333,79
31.14167,79
31.15000,80
31.15833,81
31.16667,82
31.17500,83
31.18333,83
31.19167,84
31.20000,84
31.20833,84
31.21667,85
31.22500,86
31.23333,87
31.24167,87
31.25000,88
31.25833,89
31.26667,90
31.27500,91
31.28333,91
31.29167,92
31.30000,92
31.30833,92
31.31667,93
31.32500,93
31.33333,93
31.34167,94
31.35000,95
31.35833,95
31.36667,96
31.37500,97
31.38333,97
31.39167,98
31.40000,98
31.40833,98
31.41667,99
31.42500,99
31.43333,99
31.44167,100
31.45000,100
31.45833,100
31.46667,100
31.47500,101
31.48333,101
31.49167,102
31.50000,102
31.50833,102
31.51667,102
31.52500,102
31.53333,102
31.54167,102
31.55000,102
31.55833,102
31.56667,102
31.57500,102
31.58333,102
31.59167,102
31.60000,102
31.60833,103
31.61667,103
31.62500,102
31.63333,102
31.64167,102
31.65000,102
31.65833,102
31.66667,102
31.67500,102
31.68333,102
31.69167,102
31.70000,103
31.70833,103
31.71667,103
31.72500,103
31.73333,103
31.74167,103
31.75000,102
31.75833,102
31.76667,102
31.77500,102
31.78333,102
31.79167,102
31.80000,102
31.80833,103
31.81667,103
31.82500,102
31.83333,102
31.84167,102
31.85000,103
31.85833,103
31.86667,103
31.87500,103
31.88333,103
31.89167,103
31.90000,103
31.90833,103
31.91667,103
31.92500,103
31.93333,103
31.94167,103
31.95000,103
31.95833,103
31.96667,103
31.97500,103
31.98333,103
31.99167,103
32.00000,104
32.00833,104
32.01667,104
32.02500,104
32.03333,103
32.04167,103
32.05000,103
32.05833,103
32.06667,103
32.07500,103
32.08333,104
32.09167,104
32.10000,104
32.10833,104
32.11667,103
32.12500,103
32.13333,103
32.14167,103
32.15000,103
32.15833,103
32.16667,103
32.17500,103
32.18333,103
32.19167,103
32.20000,103
32.20833,104
32.21667,104
32.22500,104
32.23333,104
32.24167,104
32.25000,104
32.25833,104
32.26667,104
32.27500,104
32.28333,104
32.29167,104
32.30000,104
32.30833,103
32.31667,103
32.32500,103
32.33333,103
32.34167,103
32.35000,103
32.35833,103
32.36667,103
32.37500,103
32.38333,103
32.39167,104
32.40000,104
32.40833,105
32.41667,105
32.42500,105
32.43333,105
32.44167,105
32.45000,105
32.45833,105
32.46667,105
32.47500,105
32.48333,105
32.49167,105
32.50000,104
32.50833,104
32.51667,104
32.52500,104
32.53333,104
32.54167,105
32.55000,105
32.55833,105
32.56667,105
32.57500,105
32.58333,104
32.59167,104
32.60000,104
32.60833,104
32.61667,104
32.62500,104
32.63333,104
32.64167,105
32.65000,105
32.65833,105
32.66667,105
32.67500,105
32.68333,105
32.69167,105
32.70000,105
32.70833,105
32.71667,105
32.72500,106
32.73333,106
32.74167,106
32.75000,106
32.75833,106
32.76667,106
32.77500,106
32.78333,106
32.79167,106
32.80000,106
32.80833,106
32.81667,105
32.82500,105
32.83333,105
32.84167,106
32.85000,106
32.85833,106
32.86667,106
32.87500,106
32.88333,106
32.89167,106
32.90000,107
32.90833,106
32.91667,106
32.92500,107
32.93333,107
32.94167,107
32.95000,106
32.95833,106
32.96667,106
32.97500,107
32.98333,107
32.99167,107
33.00000,107
33.00833,107
33.01667,107
33.02500,107
33.03333,107
33.04167,108
33.05000,108
33.05833,107
33.06667,107
33.07500,107
33.08333,107
33.09167,107
33.10000,107
33.10833,108
33.11667,108
33.12500,108
33.13333,107
33.14167,107
33.15000,108
33.15833,108
33.16667,107
33.17500,108
33.18333,108
33.19167,108
33.20000,108
33.20833,107
33.21667,107
33.22500,107
33.23333,107
33.24167,107
33.25000,107
33.25833,107
33.26667,107
33.27500,107
33.28333,107
33.29167,107
33.30000,107
33.30833,107
33.31667,107
33.32500,107
33.33333,107
33.34167,107
33.35000,108
33.35833,108
33.36667,108
33.37500,107
33.38333,107
33.39167,107
33.40000,107
33.40833,107
33.41667,107
33.42500,107
33.43333,108
33.44167,108
33.45000,108
33.45833,107
33.46667,107
33.47500,107
33.48333,108
33.49167,108
33.50000,108
33.50833,108
33.51667,108
33.52500,108
33.53333,108
33.54167,108
33.55000,108
33.55833,108
33.56667,109
33.57500,109
33.58333,109
33.59167,109
33.60000,109
33.60833,109
33.61667,109
33.62500,109
33.63333,108
33.64167,108
33.65000,108
33.65833,108
33.66667,108
33.67500,108
33.68333,108
33.69167,108
33.70000,108
33.70833,108
33.71667,108
33.72500,108
33.73333,108
33.74167,109
33.75000,109
33.75833,109
33.76667,110
33.77500,109
33.78333,109
33.79167,109
33.80000,108
33.80833,108
33.81667,108
33.82500,108
33.83333,108
33.84167,108
33.85000,108
33.85833,109
33.86667,109
33.87500,109
33.88333,108
33.89167,108
33.90000,108
33.90833,107
33.91667,107
33.92500,108
33.93333,108
33.94167,108
33.95000,108
33.95833,108
33.96667,108
33.97500,108
33.98333,108
33.99167,109
34.00000,109
34.00833,109
34.01667,110
34.02500,110
34.03333,109
34.04167,109
34.05000,109
34.05833,109
34.06667,109
34.07500,109
34.08333,109
34.09167,109
34.10000,109
34.10833,109
34.11667,109
34.12500,109
34.13333,109
34.14167,109
34.15000,109
34.15833,110
34.16667,110
34.17500,110
34.18333,109
34.19167,109
34.20000,109
34.20833,109
34.21667,109
34.22500,109
34.23333,109
34.24167,109
34.25000,109
34.25833,109
34.26667,109
34.27500,109
34.28333,109
34.29167,109
34.30000,109
34.30833,109
34.31667,109
34.32500,109
34.33333,109
34.34167,109
34.35000,108
34.35833,108
34.36667,108
34.37500,108
34.38333,108
34.39167,109
34.40000,109
34.40833,110
34.41667,110
34.42500,110
34.43333,110
34.44167,110
34.45000,110
34.45833,110
34.46667,110
34.47500,110
34.48333,110
34.49167,110
34.50000,110
34.50833,110
34.51667,110
34.52500,110
34.53333,110
34.54167,110
34.55000,110
34.55833,110
34.56667,110
34.57500,110
34.58333,110
34.59167,110
34.60000,110
34.60833,110
34.61667,110
34.62500,110
34.63333,110
34.64167,111
34.65000,111
34.65833,111
34.66667,110
34.67500,110
34.68333,110
34.69167,110
34.70000,110
34.70833,110
34.71667,110
34.72500,110
34.73333,110
34.74167,110
34.75000,110
34.75833,110
34.76667,110
34.77500,110
34.78333,110
34.79167,109
34.80000,109
34.80833,109
34.81667,110
34.82500,110
34.83333,110
34.84167,110
34.85000,110
34.85833,111
34.86667,111
34.87500,111
34.88333,111
34.89167,111
34.90000,110
34.90833,111
34.91667,111
34.92500,111
34.93333,111
34.94167,111
34.95000,111
34.95833,111
34.96667,111
34.97500,111
34.98333,111
34.99167,111
35.00000,111
35.00833,111
35.01667,111
35.02500,111
35.03333,111
35.04167,111
35.05000,111
35.05833,111
35.06667,112
35.07500,112
35.08333,111
35.09167,111
35.10000,111
35.10833,111
35.11667,111
35.12500,111
35.13333,111
35.14167,111
35.15000,111
35.15833,111
35.16667,111
35.17500,111
35.18333,112
35.19167,112
35.20000,112
35.20833,113
35.21667,112
35.22500,112
35.23333,113
35.24167,113
35.25000,113
35.25833,113
35.26667,113
35.27500,113
35.28333,113
35.29167,113
35.30000,113
35.30833,113
35.31667,113
35.32500,113
35.33333,113
35.34167,113
35.35000,113
35.35833,113
35.36667,113
35.37500,113
35.38333,113
35.39167,113
35.40000,113
35.40833,113
35.41667,113
35.42500,114
35.43333,113
35.44167,114
35.45000,114
35.45833,114
35.46667,114
35.47500,114
35.48333,114
35.49167,114
35.50000,114
35.50833,113
35.51667,113
35.52500,113
35.53333,114
35.54167,114
35.55000,114
35.55833,114
35.56667,114
35.57500,115
35.58333,115
35.59167,115
35.60000,114
35.60833,114
35.61667,114
35.62500,114
35.63333,114
35.64167,115
35.65000,115
35.65833,115
35.66667,115
35.67500,115
35.68333,115
35.69167,115
35.70000,115
35.70833,115
35.71667,115
35.72500,115
35.73333,114
35.74167,114
35.75000,114
35.75833,114
35.76667,114
35.77500,114
35.78333,114
35.79167,115
35.80000,115
35.80833,115
35.81667,114
35.82500,114
35.83333,114
35.84167,114
35.85000,115
35.85833,115
35.86667,115
35.87500,115
35.88333,115
35.89167,115
35.90000,115
35.90833,115
35.91667,115
35.92500,116
35.93333,116
35.94167,116
35.95000,116
35.95833,115
35.96667,115
35.97500,115
35.98333,115
35.99167,115
36.00000,115
36.00833,115
36.01667,116
36.02500,116
36.03333,116
36.04167,115
36.05000,115
36.05833,115
36.06667,115
36.07500,115
36.08333,116
36.09167,116
36.10000,116
36.10833,116
36.11667,116
36.12500,116
36.13333,115
36.14167,115
36.15000,115
36.15833,115
36.16667,116
36.17500,116
36.18333,116
36.19167,116
36.20000,116
36.20833,116
36.21667,116
36.22500,116
36.23333,116
36.24167,116
36.25000,116
36.25833,116
36.26667,116
36.27500,116
36.28333,116
36.29167,116
36.30000,116
36.30833,116
36.31667,116
36.32500,116
36.33333,116
36.34167,116
36.35000,117
36.35833,116
36.36667,116
36.37500,116
36.38333,116
36.39167,117
36.40000,117
36.40833,116
36.41667,116
36.42500,116
36.43333,116
36.44167,117
36.45000,117
36.45833,117
36.46667,117
36.47500,116
36.48333,116
36.49167,116
36.50000,116
36.50833,116
36.51667,116
36.52500,116
36.53333,116
36.54167,117
36.55000,117
36.55833,117
36.56667,117
36.57500,117
36.58333,117
36.59167,117
36.60000,117
36.60833,118
36.61667,118
36.62500,118
36.63333,117
36.64167,117
36.65000,117
36.65833,117
36.66667,117
36.67500,117
36.68333,118
36.69167,117
36.70000,117
36.70833,117
36.71667,117
36.72500,118
36.73333,118
36.74167,118
36.75000,118
36.75833,118
36.76667,118
36.77500,118
36.78333,117
36.79167,117
36.80000,117
36.80833,117
36.81667,117
36.82500,117
36.83333,117
36.84167,118
36.85000,117
36.85833,117
36.86667,117
36.87500,118
36.88333,118
36.89167,117
36.90000,117
36.90833,117
36.91667,117
36.92500,117
36.93333,117
36.94167,117
36.95000,117
36.95833,117
36.96667,117
36.97500,117
36.98333,117
36.99167,117
37.00000,117
37.00833,117
37.01667,117
37.02500,117
37.03333,117
37.04167,117
37.05000,117
37.05833,117
37.06667,118
37.07500,118
37.08333,119
37.09167,119
37.10000,119
37.10833,118
37.11667,118
37.12500,118
37.13333,118
37.14167,118
37.15000,118
37.15833,118
37.16667,118
37.17500,118
37.18333,118
37.19167,118
37.20000,118
37.20833,119
37.21667,119
37.22500,119
37.23333,118
37.24167,119
37.25000,119
37.25833,119
37.26667,118
37.27500,119
37.28333,119
37.29167,119
37.30000,119
37.30833,119
37.31667,118
37.32500,118
37.33333,119
37.34167,119
37.35000,119
37.35833,119
37.36667,119
37.37500,119
37.38333,118
37.39167,118
37.40000,119
37.40833,119
37.41667,119
37.42500,119
37.43333,119
37.44167,119
37.45000,119
37.45833,119
37.46667,119
37.47500,119
37.48333,119
37.49167,119
37.50000,119
37.50833,120
37.51667,120
37.52500,120
37.53333,120
37.54167,120
37.55000,120
37.55833,120
37.56667,120
37.57500,119
37.58333,119
37.59167,119
37.60000,119
37.60833,120
37.61667,120
37.62500,120
37.63333,120
37.64167,120
37.65000,121
37.65833,121
37.66667,121
37.67500,121
37.68333,121
37.69167,121
37.70000,121
37.70833,121
37.71667,121
37.72500,120
37.73333,121
37.74167,121
37.75000,121
37.75833,121
37.76667,121
37.77500,121
37.78333,121
37.79167,121
37.80000,121
37.80833,121
37.81667,121
37.82500,121
37.83333,121
37.84167,121
37.85000,121
37.85833,121
37.86667,121
37.87500,121
37.88333,121
37.89167,121
37.90000,121
37.90833,121
37.91667,121
37.92500,121
37.93333,121
37.94167,121
37.95000,121
37.95833,121
37.96667,121
37.97500,121
37.98333,121
37.99167,121
38.00000,121
38.00833,121
38.01667,121
38.02500,121
38.03333,122
38.04167,122
38.05000,121
38.05833,121
38.06667,121
38.07500,122
38.08333,122
38.09167,122
38.10000,122
38.10833,122
38.11667,122
38.12500,122
38.13333,122
38.14167,122
38.15000,122
38.15833,122
38.16667,122
38.17500,121
38.18333,121
38.19167,121
38.20000,121
38.20833,120
38.21667,120
38.22500,121
38.23333,121
38.24167,121
38.25000,121
38.25833,121
38.26667,121
38.27500,121
38.28333,121
38.29167,121
38.30000,121
38.30833,121
38.31667,121
38.32500,121
38.33333,122
38.34167,122
38.35000,122
38.35833,122
38.36667,122
38.37500,121
38.38333,122
38.39167,122
38.40000,121
38.40833,121
38.41667,121
38.42500,121
38.43333,121
38.44167,121
38.45000,121
38.45833,121
38.46667,122
38.47500,122
38.48333,122
38.49167,122
38.50000,122
38.50833,122
38.51667,122
38.52500,122
38.53333,121
38.54167,121
38.55000,122
38.55833,122
38.56667,122
38.57500,122
38.58333,122
38.59167,122
38.60000,122
38.60833,122
38.61667,122
38.62500,122
38.63333,122
38.64167,122
38.65000,122
38.65833,122
38.66667,122
38.67500,122
38.68333,122
38.69167,122
38.70000,122
38.70833,122
38.71667,122
38.72500,122
38.73333,122
38.74167,122
38.75000,122
38.75833,122
38.76667,122
38.77500,122
38.78333,123
38.79167,123
38.80000,123
38.80833,123
38.81667,122
38.82500,122
38.83333,122
38.84167,122
38.85000,122
38.85833,122
38.86667,123
38.87500,123
38.88333,122
38.89167,122
38.90000,122
38.90833,122
38.91667,122
38.92500,122
38.93333,122
38.94167,123
38.95000,123
38.95833,123
38.96667,123
38.97500,123
38.98333,123
38.99167,123
39.00000,123
39.00833,124
39.01667,124
39.02500,124
39.03333,123
39.04167,123
39.05000,123
39.05833,123
39.06667,123
39.07500,123
39.08333,123
39.09167,124
39.10000,124
39.10833,124
39.11667,124
39.12500,124
39.13333,123
39.14167,123
39.15000,123
39.15833,124
39.16667,124
39.17500,124
39.18333,124
39.19167,124
39.20000,124
39.20833,124
39.21667,124
39.22500,124
39.23333,124
39.24167,123
39.25000,123
39.25833,123
39.26667,123
39.27500,124
39.28333,124
39.29167,124
39.30000,124
39.30833,124
39.31667,124
39.32500,124
39.33333,124
39.34167,124
39.35000,125
39.35833,125
39.36667,125
39.37500,125
39.38333,125
39.39167,124
39.40000,125
39.40833,124
39.41667,124
39.42500,125
39.43333,125
39.44167,125
39.45000,125
39.45833,125
39.46667,125
39.47500,125
39.48333,125
39.49167,125
39.50000,124
39.50833,124
39.51667,124
39.52500,124
39.53333,124
39.54167,124
39.55000,124
39.55833,124
39.56667,124
39.57500,124
39.58333,125
39.59167,125
39.60000,125
39.60833,125
39.61667,125
39.62500,125
39.63333,126
39.64167,126
39.65000,126
39.65833,126
39.66667,125
39.67500,125
39.68333,125
39.69167,125
39.70000,126
39.70833,126
39.71667,126
39.72500,127
39.73333,127
39.74167,127
39.75000,126
39.75833,126
39.76667,126
39.77500,126
39.78333,126
39.79167,125
39.80000,125
39.80833,125
39.81667,126
39.82500,126
39.83333,126
39.84167,126
39.85000,126
39.85833,126
39.86667,126
39.87500,126
39.88333,126
39.89167,126
39.90000,126
39.90833,126
39.91667,126
39.92500,127
39.93333,127
39.94167,127
39.95000,127
39.95833,127
39.96667,127
39.97500,127
39.98333,127
39.99167,127
40.00000,127

