[Header]
Application Name,LabSolutions
Version,5.97 SP1
Data File Name,C:\Users\cremerlab\Desktop\griffin\2021-04-27_REL606_acetate_turnover_redux\2021-04-27_REL606_DM_acetate_turnover_4282021_002_006.lcd
Output Date,4/28/2021
Output Time,3:37:42 PM

[File Information]
Type,Data File
Generated,4/28/2021 2:57:23 PM
Generated by,System Administrator
Modified,4/28/2021 3:37:42 PM
Modified by,System Administrator

[Sample Information]
Operator Name,System Administrator
Acquired,4/28/2021 2:57:42 PM
Sample Type,0:Unknown
Level,0
Sample Name,2021-04-07_REL606_replicate_002_timepoint_002
Sample ID,002
ISTD Amount1,1
ISTD Amount2,1
ISTD Amount3,1
ISTD Amount4,1
ISTD Amount5,1
ISTD Amount6,1
ISTD Amount7,1
ISTD Amount8,1
ISTD Amount9,1
ISTD Amount10,1
ISTD Amount11,1
ISTD Amount12,1
ISTD Amount13,1
ISTD Amount14,1
ISTD Amount15,1
ISTD Amount16,1
ISTD Amount17,1
ISTD Amount18,1
ISTD Amount19,1
ISTD Amount20,1
ISTD Amount21,1
ISTD Amount22,1
ISTD Amount23,1
ISTD Amount24,1
ISTD Amount25,1
ISTD Amount26,1
ISTD Amount27,1
ISTD Amount28,1
ISTD Amount29,1
ISTD Amount30,1
ISTD Amount31,1
ISTD Amount32,1
Sample Amount,1
Dilution Factor,1
Vial#,11
Injection Volume,20

[Original Files]
Data File,C:\Users\cremerlab\Desktop\griffin\2021-04-27_REL606_acetate_turnover_redux\2021-04-27_REL606_DM_acetate_turnover_4282021_002_006.lcd
Method File,C:\Users\cremerlab\Desktop\griffin\2.5mM_H2SO4_mobile_phase.lcm
Batch File,C:\Users\cremerlab\Desktop\griffin\2021-04-27_REL606_acetate_turnover_redux\2021-04-27_REL606_DM_acetate_turnover.lcb
Report Format File,c:\LabSolutions\System\DEFAULT.lsr

[File Description]


[Configuration]
Instrument Name,HPLC-PC-Instrument1
Instrument #,1
Line #,1
# of Detectors,2
Detector ID,Detector A,Detector B
Detector Name,Detector A,Detector B
# of Channels,1,1

[Peak Table(Detector A)]
# of Peaks,0

[Peak Table(Detector B)]
# of Peaks,6
Peak#,R.Time,I.Time,F.Time,Area,Height,A/H,Conc.,Mark,ID#,Name,k',Plate #,Plate Ht.,Tailing,Resolution,Sep.Factor,Area Ratio,Height Ratio,Conc. %,Norm Conc.
1,10.925,10.467,11.550,228307,13555,16.843,0.000,   ,,,0.000,9520,15.756,1.034,0.000,0.000,0,0,0.000,0.000
2,13.950,12.608,14.267,1551747,42025,36.924,0.000,   ,,,0.277,3202,46.846,0.000,4.219,0.000,0,0,0.000,0.000
3,14.488,14.267,15.125,156241,7260,21.519,0.000, V ,,,0.326,9466,15.846,0.000,0.679,1.178,0,0,0.000,0.000
4,15.286,15.125,15.992,5057,204,24.739,0.000, V ,,,0.399,1482,101.224,0.000,0.731,1.224,0,0,0.000,0.000
5,19.241,18.900,19.700,2077,91,22.781,0.000,   ,,,0.761,15692,9.559,1.121,3.591,1.907,0,0,0.000,0.000
6,25.121,24.375,26.225,327474,11046,29.646,0.000,   ,,,1.299,16448,9.119,1.079,8.413,1.707,0,0,0.000,0.000

[LC Chromatogram(Detector B-Ch1)]
Interval(msec),500
# of Points,4801
Start Time(min),0.000
End Time(min),40.000
Intensity Units,mV
Intensity Multiplier,0.001
R.Time (min),Intensity
0.00000,0
0.00833,0
0.01667,0
0.02500,1
0.03333,1
0.04167,1
0.05000,1
0.05833,1
0.06667,0
0.07500,1
0.08333,1
0.09167,2
0.10000,2
0.10833,2
0.11667,2
0.12500,2
0.13333,2
0.14167,2
0.15000,2
0.15833,3
0.16667,3
0.17500,3
0.18333,3
0.19167,3
0.20000,3
0.20833,3
0.21667,2
0.22500,2
0.23333,3
0.24167,3
0.25000,3
0.25833,3
0.26667,2
0.27500,2
0.28333,2
0.29167,2
0.30000,3
0.30833,3
0.31667,3
0.32500,3
0.33333,3
0.34167,3
0.35000,3
0.35833,3
0.36667,3
0.37500,3
0.38333,4
0.39167,4
0.40000,4
0.40833,4
0.41667,4
0.42500,4
0.43333,4
0.44167,4
0.45000,4
0.45833,4
0.46667,4
0.47500,4
0.48333,5
0.49167,5
0.50000,5
0.50833,5
0.51667,5
0.52500,5
0.53333,5
0.54167,5
0.55000,4
0.55833,4
0.56667,5
0.57500,5
0.58333,5
0.59167,5
0.60000,6
0.60833,6
0.61667,6
0.62500,6
0.63333,6
0.64167,5
0.65000,5
0.65833,6
0.66667,6
0.67500,6
0.68333,6
0.69167,7
0.70000,7
0.70833,7
0.71667,7
0.72500,7
0.73333,8
0.74167,8
0.75000,8
0.75833,8
0.76667,8
0.77500,8
0.78333,8
0.79167,8
0.80000,8
0.80833,9
0.81667,9
0.82500,9
0.83333,9
0.84167,9
0.85000,9
0.85833,9
0.86667,9
0.87500,9
0.88333,9
0.89167,9
0.90000,9
0.90833,9
0.91667,9
0.92500,9
0.93333,9
0.94167,9
0.95000,9
0.95833,9
0.96667,9
0.97500,9
0.98333,10
0.99167,10
1.00000,10
1.00833,10
1.01667,10
1.02500,10
1.03333,10
1.04167,10
1.05000,10
1.05833,10
1.06667,10
1.07500,10
1.08333,10
1.09167,10
1.10000,10
1.10833,10
1.11667,10
1.12500,10
1.13333,10
1.14167,11
1.15000,11
1.15833,11
1.16667,11
1.17500,11
1.18333,11
1.19167,11
1.20000,11
1.20833,10
1.21667,10
1.22500,11
1.23333,10
1.24167,10
1.25000,10
1.25833,10
1.26667,10
1.27500,10
1.28333,10
1.29167,10
1.30000,10
1.30833,10
1.31667,10
1.32500,10
1.33333,10
1.34167,10
1.35000,10
1.35833,10
1.36667,9
1.37500,9
1.38333,9
1.39167,10
1.40000,10
1.40833,10
1.41667,10
1.42500,10
1.43333,9
1.44167,9
1.45000,9
1.45833,9
1.46667,9
1.47500,9
1.48333,9
1.49167,9
1.50000,9
1.50833,9
1.51667,9
1.52500,9
1.53333,9
1.54167,8
1.55000,8
1.55833,8
1.56667,8
1.57500,8
1.58333,8
1.59167,8
1.60000,8
1.60833,8
1.61667,8
1.62500,8
1.63333,8
1.64167,8
1.65000,8
1.65833,9
1.66667,9
1.67500,9
1.68333,9
1.69167,9
1.70000,9
1.70833,9
1.71667,9
1.72500,9
1.73333,9
1.74167,9
1.75000,9
1.75833,9
1.76667,9
1.77500,9
1.78333,9
1.79167,9
1.80000,8
1.80833,8
1.81667,8
1.82500,8
1.83333,8
1.84167,8
1.85000,8
1.85833,8
1.86667,7
1.87500,7
1.88333,7
1.89167,7
1.90000,8
1.90833,8
1.91667,8
1.92500,8
1.93333,8
1.94167,8
1.95000,8
1.95833,8
1.96667,8
1.97500,8
1.98333,8
1.99167,8
2.00000,9
2.00833,9
2.01667,8
2.02500,8
2.03333,8
2.04167,8
2.05000,8
2.05833,8
2.06667,8
2.07500,8
2.08333,8
2.09167,8
2.10000,8
2.10833,9
2.11667,9
2.12500,9
2.13333,9
2.14167,9
2.15000,9
2.15833,9
2.16667,9
2.17500,9
2.18333,9
2.19167,9
2.20000,9
2.20833,9
2.21667,9
2.22500,9
2.23333,9
2.24167,9
2.25000,9
2.25833,9
2.26667,9
2.27500,9
2.28333,9
2.29167,9
2.30000,8
2.30833,8
2.31667,8
2.32500,8
2.33333,8
2.34167,8
2.35000,8
2.35833,9
2.36667,9
2.37500,9
2.38333,9
2.39167,9
2.40000,9
2.40833,8
2.41667,9
2.42500,9
2.43333,9
2.44167,9
2.45000,9
2.45833,9
2.46667,9
2.47500,9
2.48333,9
2.49167,9
2.50000,9
2.50833,10
2.51667,10
2.52500,10
2.53333,10
2.54167,10
2.55000,10
2.55833,10
2.56667,10
2.57500,10
2.58333,10
2.59167,10
2.60000,9
2.60833,10
2.61667,10
2.62500,10
2.63333,10
2.64167,10
2.65000,11
2.65833,11
2.66667,11
2.67500,11
2.68333,11
2.69167,11
2.70000,11
2.70833,10
2.71667,11
2.72500,11
2.73333,11
2.74167,11
2.75000,11
2.75833,11
2.76667,11
2.77500,11
2.78333,11
2.79167,10
2.80000,10
2.80833,10
2.81667,10
2.82500,11
2.83333,11
2.84167,11
2.85000,11
2.85833,11
2.86667,11
2.87500,11
2.88333,11
2.89167,11
2.90000,11
2.90833,11
2.91667,11
2.92500,10
2.93333,11
2.94167,11
2.95000,11
2.95833,11
2.96667,11
2.97500,12
2.98333,12
2.99167,12
3.00000,12
3.00833,12
3.01667,11
3.02500,12
3.03333,12
3.04167,12
3.05000,12
3.05833,12
3.06667,12
3.07500,12
3.08333,12
3.09167,12
3.10000,12
3.10833,13
3.11667,13
3.12500,13
3.13333,13
3.14167,13
3.15000,13
3.15833,13
3.16667,13
3.17500,13
3.18333,13
3.19167,13
3.20000,13
3.20833,13
3.21667,13
3.22500,13
3.23333,13
3.24167,13
3.25000,13
3.25833,13
3.26667,13
3.27500,13
3.28333,14
3.29167,14
3.30000,14
3.30833,14
3.31667,14
3.32500,14
3.33333,14
3.34167,14
3.35000,14
3.35833,14
3.36667,14
3.37500,14
3.38333,14
3.39167,14
3.40000,14
3.40833,14
3.41667,14
3.42500,14
3.43333,15
3.44167,15
3.45000,15
3.45833,15
3.46667,15
3.47500,15
3.48333,15
3.49167,15
3.50000,15
3.50833,15
3.51667,14
3.52500,14
3.53333,14
3.54167,14
3.55000,15
3.55833,15
3.56667,15
3.57500,16
3.58333,16
3.59167,15
3.60000,15
3.60833,15
3.61667,15
3.62500,15
3.63333,15
3.64167,16
3.65000,16
3.65833,16
3.66667,16
3.67500,16
3.68333,16
3.69167,16
3.70000,16
3.70833,17
3.71667,17
3.72500,17
3.73333,16
3.74167,16
3.75000,16
3.75833,16
3.76667,16
3.77500,16
3.78333,16
3.79167,16
3.80000,16
3.80833,16
3.81667,16
3.82500,15
3.83333,15
3.84167,16
3.85000,16
3.85833,16
3.86667,17
3.87500,17
3.88333,17
3.89167,17
3.90000,18
3.90833,18
3.91667,18
3.92500,18
3.93333,18
3.94167,18
3.95000,18
3.95833,18
3.96667,18
3.97500,17
3.98333,17
3.99167,17
4.00000,17
4.00833,17
4.01667,17
4.02500,17
4.03333,18
4.04167,18
4.05000,18
4.05833,18
4.06667,18
4.07500,18
4.08333,18
4.09167,18
4.10000,18
4.10833,18
4.11667,18
4.12500,18
4.13333,18
4.14167,18
4.15000,18
4.15833,18
4.16667,18
4.17500,18
4.18333,18
4.19167,18
4.20000,18
4.20833,18
4.21667,18
4.22500,18
4.23333,18
4.24167,18
4.25000,18
4.25833,18
4.26667,18
4.27500,18
4.28333,18
4.29167,18
4.30000,19
4.30833,19
4.31667,19
4.32500,19
4.33333,19
4.34167,19
4.35000,19
4.35833,19
4.36667,18
4.37500,18
4.38333,18
4.39167,18
4.40000,18
4.40833,18
4.41667,18
4.42500,18
4.43333,18
4.44167,18
4.45000,18
4.45833,18
4.46667,18
4.47500,18
4.48333,18
4.49167,18
4.50000,18
4.50833,17
4.51667,17
4.52500,17
4.53333,17
4.54167,17
4.55000,17
4.55833,17
4.56667,17
4.57500,17
4.58333,17
4.59167,17
4.60000,17
4.60833,17
4.61667,17
4.62500,17
4.63333,17
4.64167,17
4.65000,17
4.65833,17
4.66667,17
4.67500,17
4.68333,17
4.69167,18
4.70000,18
4.70833,18
4.71667,17
4.72500,17
4.73333,17
4.74167,17
4.75000,17
4.75833,17
4.76667,17
4.77500,17
4.78333,17
4.79167,17
4.80000,17
4.80833,16
4.81667,16
4.82500,17
4.83333,17
4.84167,17
4.85000,17
4.85833,17
4.86667,17
4.87500,17
4.88333,17
4.89167,17
4.90000,17
4.90833,17
4.91667,17
4.92500,17
4.93333,17
4.94167,17
4.95000,17
4.95833,17
4.96667,17
4.97500,17
4.98333,17
4.99167,17
5.00000,17
5.00833,17
5.01667,17
5.02500,17
5.03333,18
5.04167,18
5.05000,18
5.05833,18
5.06667,18
5.07500,18
5.08333,18
5.09167,18
5.10000,18
5.10833,18
5.11667,17
5.12500,17
5.13333,17
5.14167,17
5.15000,18
5.15833,18
5.16667,18
5.17500,19
5.18333,19
5.19167,19
5.20000,18
5.20833,18
5.21667,18
5.22500,18
5.23333,18
5.24167,18
5.25000,17
5.25833,17
5.26667,18
5.27500,17
5.28333,18
5.29167,18
5.30000,18
5.30833,19
5.31667,18
5.32500,18
5.33333,18
5.34167,19
5.35000,19
5.35833,18
5.36667,18
5.37500,19
5.38333,19
5.39167,19
5.40000,19
5.40833,19
5.41667,19
5.42500,19
5.43333,19
5.44167,19
5.45000,19
5.45833,19
5.46667,19
5.47500,20
5.48333,20
5.49167,20
5.50000,20
5.50833,20
5.51667,20
5.52500,19
5.53333,19
5.54167,19
5.55000,19
5.55833,19
5.56667,19
5.57500,19
5.58333,19
5.59167,19
5.60000,19
5.60833,19
5.61667,20
5.62500,20
5.63333,20
5.64167,20
5.65000,20
5.65833,20
5.66667,20
5.67500,20
5.68333,20
5.69167,20
5.70000,20
5.70833,20
5.71667,20
5.72500,19
5.73333,19
5.74167,19
5.75000,19
5.75833,20
5.76667,20
5.77500,20
5.78333,20
5.79167,20
5.80000,21
5.80833,21
5.81667,21
5.82500,21
5.83333,21
5.84167,21
5.85000,21
5.85833,21
5.86667,21
5.87500,21
5.88333,21
5.89167,21
5.90000,21
5.90833,21
5.91667,21
5.92500,22
5.93333,22
5.94167,22
5.95000,21
5.95833,21
5.96667,21
5.97500,22
5.98333,22
5.99167,21
6.00000,21
6.00833,21
6.01667,21
6.02500,21
6.03333,21
6.04167,21
6.05000,21
6.05833,21
6.06667,21
6.07500,21
6.08333,21
6.09167,22
6.10000,22
6.10833,22
6.11667,22
6.12500,22
6.13333,22
6.14167,22
6.15000,22
6.15833,22
6.16667,22
6.17500,22
6.18333,22
6.19167,22
6.20000,22
6.20833,22
6.21667,22
6.22500,22
6.23333,22
6.24167,22
6.25000,22
6.25833,21
6.26667,21
6.27500,21
6.28333,21
6.29167,21
6.30000,22
6.30833,22
6.31667,22
6.32500,22
6.33333,22
6.34167,22
6.35000,22
6.35833,22
6.36667,22
6.37500,22
6.38333,22
6.39167,22
6.40000,22
6.40833,22
6.41667,22
6.42500,22
6.43333,22
6.44167,22
6.45000,22
6.45833,23
6.46667,23
6.47500,23
6.48333,23
6.49167,23
6.50000,23
6.50833,23
6.51667,23
6.52500,23
6.53333,23
6.54167,23
6.55000,22
6.55833,22
6.56667,22
6.57500,22
6.58333,22
6.59167,22
6.60000,22
6.60833,22
6.61667,22
6.62500,23
6.63333,23
6.64167,23
6.65000,23
6.65833,23
6.66667,23
6.67500,23
6.68333,23
6.69167,23
6.70000,24
6.70833,24
6.71667,23
6.72500,23
6.73333,24
6.74167,24
6.75000,24
6.75833,24
6.76667,24
6.77500,24
6.78333,24
6.79167,24
6.80000,24
6.80833,24
6.81667,24
6.82500,24
6.83333,24
6.84167,24
6.85000,24
6.85833,24
6.86667,24
6.87500,25
6.88333,25
6.89167,25
6.90000,25
6.90833,25
6.91667,25
6.92500,25
6.93333,25
6.94167,25
6.95000,25
6.95833,26
6.96667,26
6.97500,26
6.98333,26
6.99167,26
7.00000,26
7.00833,25
7.01667,25
7.02500,25
7.03333,26
7.04167,26
7.05000,25
7.05833,25
7.06667,25
7.07500,25
7.08333,25
7.09167,26
7.10000,26
7.10833,26
7.11667,27
7.12500,26
7.13333,26
7.14167,26
7.15000,26
7.15833,26
7.16667,26
7.17500,26
7.18333,26
7.19167,26
7.20000,25
7.20833,25
7.21667,25
7.22500,26
7.23333,26
7.24167,26
7.25000,26
7.25833,26
7.26667,26
7.27500,26
7.28333,26
7.29167,26
7.30000,26
7.30833,26
7.31667,26
7.32500,26
7.33333,26
7.34167,26
7.35000,26
7.35833,26
7.36667,26
7.37500,26
7.38333,26
7.39167,27
7.40000,27
7.40833,27
7.41667,27
7.42500,26
7.43333,26
7.44167,26
7.45000,26
7.45833,26
7.46667,26
7.47500,26
7.48333,26
7.49167,26
7.50000,26
7.50833,27
7.51667,27
7.52500,26
7.53333,27
7.54167,27
7.55000,27
7.55833,27
7.56667,27
7.57500,27
7.58333,27
7.59167,27
7.60000,27
7.60833,27
7.61667,27
7.62500,27
7.63333,27
7.64167,27
7.65000,27
7.65833,26
7.66667,26
7.67500,26
7.68333,26
7.69167,26
7.70000,27
7.70833,27
7.71667,27
7.72500,27
7.73333,27
7.74167,27
7.75000,27
7.75833,27
7.76667,27
7.77500,27
7.78333,27
7.79167,27
7.80000,28
7.80833,28
7.81667,28
7.82500,28
7.83333,28
7.84167,28
7.85000,28
7.85833,28
7.86667,28
7.87500,28
7.88333,28
7.89167,28
7.90000,28
7.90833,29
7.91667,29
7.92500,28
7.93333,28
7.94167,28
7.95000,29
7.95833,29
7.96667,28
7.97500,28
7.98333,28
7.99167,28
8.00000,28
8.00833,28
8.01667,28
8.02500,28
8.03333,28
8.04167,28
8.05000,28
8.05833,28
8.06667,28
8.07500,28
8.08333,29
8.09167,29
8.10000,29
8.10833,29
8.11667,29
8.12500,29
8.13333,29
8.14167,29
8.15000,29
8.15833,29
8.16667,29
8.17500,29
8.18333,29
8.19167,29
8.20000,29
8.20833,29
8.21667,29
8.22500,29
8.23333,29
8.24167,29
8.25000,30
8.25833,30
8.26667,29
8.27500,29
8.28333,29
8.29167,29
8.30000,29
8.30833,29
8.31667,29
8.32500,30
8.33333,30
8.34167,29
8.35000,30
8.35833,30
8.36667,30
8.37500,30
8.38333,30
8.39167,31
8.40000,31
8.40833,30
8.41667,30
8.42500,30
8.43333,30
8.44167,30
8.45000,30
8.45833,30
8.46667,30
8.47500,30
8.48333,30
8.49167,30
8.50000,30
8.50833,30
8.51667,30
8.52500,30
8.53333,30
8.54167,30
8.55000,31
8.55833,31
8.56667,31
8.57500,31
8.58333,31
8.59167,32
8.60000,32
8.60833,31
8.61667,31
8.62500,31
8.63333,32
8.64167,32
8.65000,32
8.65833,32
8.66667,31
8.67500,31
8.68333,31
8.69167,31
8.70000,31
8.70833,31
8.71667,31
8.72500,31
8.73333,31
8.74167,31
8.75000,31
8.75833,31
8.76667,31
8.77500,31
8.78333,31
8.79167,31
8.80000,31
8.80833,31
8.81667,31
8.82500,31
8.83333,31
8.84167,32
8.85000,32
8.85833,32
8.86667,31
8.87500,32
8.88333,32
8.89167,32
8.90000,32
8.90833,32
8.91667,32
8.92500,32
8.93333,32
8.94167,32
8.95000,33
8.95833,33
8.96667,32
8.97500,32
8.98333,32
8.99167,32
9.00000,32
9.00833,32
9.01667,32
9.02500,32
9.03333,32
9.04167,32
9.05000,32
9.05833,32
9.06667,32
9.07500,32
9.08333,32
9.09167,32
9.10000,32
9.10833,32
9.11667,32
9.12500,33
9.13333,33
9.14167,33
9.15000,33
9.15833,33
9.16667,33
9.17500,34
9.18333,34
9.19167,34
9.20000,34
9.20833,34
9.21667,34
9.22500,34
9.23333,34
9.24167,34
9.25000,34
9.25833,34
9.26667,34
9.27500,34
9.28333,34
9.29167,34
9.30000,34
9.30833,34
9.31667,34
9.32500,34
9.33333,34
9.34167,34
9.35000,34
9.35833,34
9.36667,34
9.37500,33
9.38333,33
9.39167,33
9.40000,33
9.40833,33
9.41667,33
9.42500,34
9.43333,33
9.44167,33
9.45000,33
9.45833,34
9.46667,34
9.47500,34
9.48333,34
9.49167,34
9.50000,35
9.50833,35
9.51667,34
9.52500,34
9.53333,34
9.54167,35
9.55000,35
9.55833,35
9.56667,35
9.57500,34
9.58333,34
9.59167,34
9.60000,35
9.60833,35
9.61667,35
9.62500,35
9.63333,35
9.64167,34
9.65000,34
9.65833,34
9.66667,34
9.67500,34
9.68333,34
9.69167,35
9.70000,35
9.70833,35
9.71667,35
9.72500,35
9.73333,35
9.74167,36
9.75000,36
9.75833,36
9.76667,35
9.77500,35
9.78333,36
9.79167,35
9.80000,36
9.80833,36
9.81667,36
9.82500,36
9.83333,36
9.84167,36
9.85000,36
9.85833,37
9.86667,37
9.87500,37
9.88333,37
9.89167,37
9.90000,37
9.90833,37
9.91667,37
9.92500,37
9.93333,37
9.94167,37
9.95000,37
9.95833,37
9.96667,37
9.97500,38
9.98333,38
9.99167,38
10.00000,39
10.00833,39
10.01667,39
10.02500,39
10.03333,40
10.04167,40
10.05000,40
10.05833,40
10.06667,41
10.07500,41
10.08333,42
10.09167,42
10.10000,43
10.10833,43
10.11667,44
10.12500,44
10.13333,45
10.14167,45
10.15000,46
10.15833,47
10.16667,48
10.17500,48
10.18333,49
10.19167,50
10.20000,51
10.20833,51
10.21667,52
10.22500,53
10.23333,54
10.24167,55
10.25000,55
10.25833,56
10.26667,56
10.27500,56
10.28333,56
10.29167,57
10.30000,57
10.30833,57
10.31667,56
10.32500,57
10.33333,57
10.34167,57
10.35000,58
10.35833,58
10.36667,58
10.37500,58
10.38333,58
10.39167,57
10.40000,57
10.40833,57
10.41667,57
10.42500,57
10.43333,57
10.44167,57
10.45000,57
10.45833,58
10.46667,58
10.47500,58
10.48333,59
10.49167,60
10.50000,62
10.50833,64
10.51667,67
10.52500,71
10.53333,77
10.54167,85
10.55000,95
10.55833,108
10.56667,124
10.57500,145
10.58333,172
10.59167,205
10.60000,245
10.60833,295
10.61667,355
10.62500,428
10.63333,513
10.64167,615
10.65000,733
10.65833,871
10.66667,1030
10.67500,1211
10.68333,1417
10.69167,1648
10.70000,1907
10.70833,2195
10.71667,2512
10.72500,2860
10.73333,3238
10.74167,3648
10.75000,4087
10.75833,4556
10.76667,5053
10.77500,5575
10.78333,6120
10.79167,6685
10.80000,7266
10.80833,7858
10.81667,8455
10.82500,9053
10.83333,9643
10.84167,10219
10.85000,10774
10.85833,11300
10.86667,11790
10.87500,12234
10.88333,12627
10.89167,12960
10.90000,13227
10.90833,13422
10.91667,13542
10.92500,13583
10.93333,13544
10.94167,13424
10.95000,13225
10.95833,12950
10.96667,12604
10.97500,12192
10.98333,11723
10.99167,11204
11.00000,10645
11.00833,10054
11.01667,9442
11.02500,8817
11.03333,8190
11.04167,7567
11.05000,6957
11.05833,6365
11.06667,5798
11.07500,5259
11.08333,4752
11.09167,4279
11.10000,3841
11.10833,3438
11.11667,3070
11.12500,2735
11.13333,2432
11.14167,2160
11.15000,1916
11.15833,1697
11.16667,1503
11.17500,1330
11.18333,1176
11.19167,1039
11.20000,918
11.20833,810
11.21667,715
11.22500,630
11.23333,555
11.24167,488
11.25000,429
11.25833,376
11.26667,330
11.27500,288
11.28333,252
11.29167,219
11.30000,190
11.30833,164
11.31667,142
11.32500,122
11.33333,105
11.34167,90
11.35000,76
11.35833,64
11.36667,54
11.37500,45
11.38333,36
11.39167,30
11.40000,24
11.40833,19
11.41667,15
11.42500,11
11.43333,7
11.44167,4
11.45000,1
11.45833,-1
11.46667,-3
11.47500,-4
11.48333,-6
11.49167,-7
11.50000,-8
11.50833,-9
11.51667,-10
11.52500,-10
11.53333,-11
11.54167,-11
11.55000,-11
11.55833,-12
11.56667,-12
11.57500,-12
11.58333,-12
11.59167,-12
11.60000,-12
11.60833,-12
11.61667,-12
11.62500,-11
11.63333,-11
11.64167,-10
11.65000,-9
11.65833,-9
11.66667,-8
11.67500,-7
11.68333,-6
11.69167,-5
11.70000,-4
11.70833,-3
11.71667,-2
11.72500,-0
11.73333,1
11.74167,2
11.75000,3
11.75833,4
11.76667,5
11.77500,7
11.78333,8
11.79167,9
11.80000,10
11.80833,10
11.81667,12
11.82500,13
11.83333,14
11.84167,15
11.85000,16
11.85833,17
11.86667,18
11.87500,19
11.88333,20
11.89167,21
11.90000,22
11.90833,22
11.91667,23
11.92500,24
11.93333,24
11.94167,25
11.95000,26
11.95833,27
11.96667,28
11.97500,28
11.98333,29
11.99167,30
12.00000,30
12.00833,31
12.01667,31
12.02500,32
12.03333,32
12.04167,33
12.05000,34
12.05833,34
12.06667,35
12.07500,35
12.08333,36
12.09167,37
12.10000,38
12.10833,38
12.11667,39
12.12500,39
12.13333,40
12.14167,41
12.15000,41
12.15833,42
12.16667,42
12.17500,43
12.18333,44
12.19167,45
12.20000,45
12.20833,46
12.21667,46
12.22500,47
12.23333,48
12.24167,48
12.25000,49
12.25833,50
12.26667,50
12.27500,51
12.28333,52
12.29167,52
12.30000,53
12.30833,54
12.31667,55
12.32500,56
12.33333,56
12.34167,57
12.35000,58
12.35833,58
12.36667,59
12.37500,60
12.38333,61
12.39167,61
12.40000,62
12.40833,63
12.41667,63
12.42500,64
12.43333,64
12.44167,65
12.45000,65
12.45833,65
12.46667,66
12.47500,67
12.48333,68
12.49167,68
12.50000,68
12.50833,69
12.51667,69
12.52500,70
12.53333,70
12.54167,70
12.55000,70
12.55833,70
12.56667,70
12.57500,71
12.58333,72
12.59167,72
12.60000,73
12.60833,74
12.61667,74
12.62500,75
12.63333,77
12.64167,78
12.65000,80
12.65833,83
12.66667,86
12.67500,91
12.68333,96
12.69167,103
12.70000,110
12.70833,119
12.71667,130
12.72500,144
12.73333,160
12.74167,179
12.75000,201
12.75833,227
12.76667,257
12.77500,292
12.78333,331
12.79167,374
12.80000,424
12.80833,479
12.81667,540
12.82500,606
12.83333,680
12.84167,759
12.85000,845
12.85833,938
12.86667,1038
12.87500,1144
12.88333,1257
12.89167,1377
12.90000,1503
12.90833,1636
12.91667,1774
12.92500,1919
12.93333,2070
12.94167,2227
12.95000,2389
12.95833,2558
12.96667,2731
12.97500,2910
12.98333,3093
12.99167,3282
13.00000,3476
13.00833,3673
13.01667,3875
13.02500,4082
13.03333,4292
13.04167,4506
13.05000,4724
13.05833,4946
13.06667,5171
13.07500,5400
13.08333,5632
13.09167,5867
13.10000,6105
13.10833,6347
13.11667,6592
13.12500,6839
13.13333,7090
13.14167,7342
13.15000,7598
13.15833,7856
13.16667,8116
13.17500,8379
13.18333,8645
13.19167,8913
13.20000,9184
13.20833,9457
13.21667,9733
13.22500,10011
13.23333,10291
13.24167,10573
13.25000,10857
13.25833,11143
13.26667,11432
13.27500,11724
13.28333,12018
13.29167,12314
13.30000,12612
13.30833,12913
13.31667,13215
13.32500,13520
13.33333,13827
13.34167,14136
13.35000,14448
13.35833,14762
13.36667,15079
13.37500,15397
13.38333,15718
13.39167,16041
13.40000,16366
13.40833,16693
13.41667,17023
13.42500,17355
13.43333,17689
13.44167,18025
13.45000,18364
13.45833,18705
13.46667,19048
13.47500,19394
13.48333,19742
13.49167,20093
13.50000,20445
13.50833,20801
13.51667,21158
13.52500,21518
13.53333,21880
13.54167,22246
13.55000,22613
13.55833,22984
13.56667,23356
13.57500,23731
13.58333,24108
13.59167,24488
13.60000,24870
13.60833,25255
13.61667,25642
13.62500,26032
13.63333,26425
13.64167,26820
13.65000,27219
13.65833,27619
13.66667,28023
13.67500,28429
13.68333,28838
13.69167,29250
13.70000,29665
13.70833,30083
13.71667,30503
13.72500,30926
13.73333,31352
13.74167,31781
13.75000,32212
13.75833,32647
13.76667,33084
13.77500,33524
13.78333,33967
13.79167,34413
13.80000,34862
13.80833,35314
13.81667,35769
13.82500,36227
13.83333,36688
13.84167,37151
13.85000,37617
13.85833,38085
13.86667,38553
13.87500,39022
13.88333,39489
13.89167,39950
13.90000,40400
13.90833,40829
13.91667,41227
13.92500,41577
13.93333,41860
13.94167,42054
13.95000,42132
13.95833,42067
13.96667,41833
13.97500,41405
13.98333,40765
13.99167,39900
14.00000,38807
14.00833,37491
14.01667,35967
14.02500,34256
14.03333,32391
14.04167,30407
14.05000,28343
14.05833,26241
14.06667,24136
14.07500,22067
14.08333,20064
14.09167,18151
14.10000,16348
14.10833,14670
14.11667,13124
14.12500,11713
14.13333,10438
14.14167,9296
14.15000,8279
14.15833,7382
14.16667,6595
14.17500,5910
14.18333,5319
14.19167,4813
14.20000,4385
14.20833,4027
14.21667,3734
14.22500,3500
14.23333,3320
14.24167,3188
14.25000,3103
14.25833,3059
14.26667,3054
14.27500,3085
14.28333,3149
14.29167,3244
14.30000,3367
14.30833,3515
14.31667,3686
14.32500,3878
14.33333,4087
14.34167,4310
14.35000,4545
14.35833,4788
14.36667,5036
14.37500,5286
14.38333,5535
14.39167,5779
14.40000,6015
14.40833,6240
14.41667,6452
14.42500,6647
14.43333,6823
14.44167,6978
14.45000,7109
14.45833,7216
14.46667,7297
14.47500,7352
14.48333,7379
14.49167,7380
14.50000,7354
14.50833,7302
14.51667,7225
14.52500,7124
14.53333,7001
14.54167,6858
14.55000,6696
14.55833,6517
14.56667,6325
14.57500,6120
14.58333,5906
14.59167,5685
14.60000,5457
14.60833,5226
14.61667,4994
14.62500,4762
14.63333,4531
14.64167,4303
14.65000,4079
14.65833,3860
14.66667,3647
14.67500,3442
14.68333,3244
14.69167,3054
14.70000,2873
14.70833,2699
14.71667,2534
14.72500,2378
14.73333,2230
14.74167,2091
14.75000,1960
14.75833,1837
14.76667,1722
14.77500,1615
14.78333,1514
14.79167,1420
14.80000,1332
14.80833,1251
14.81667,1175
14.82500,1105
14.83333,1039
14.84167,978
14.85000,922
14.85833,869
14.86667,821
14.87500,776
14.88333,735
14.89167,697
14.90000,662
14.90833,630
14.91667,599
14.92500,571
14.93333,546
14.94167,522
14.95000,500
14.95833,480
14.96667,461
14.97500,445
14.98333,430
14.99167,416
15.00000,403
15.00833,392
15.01667,381
15.02500,372
15.03333,363
15.04167,356
15.05000,349
15.05833,343
15.06667,338
15.07500,333
15.08333,330
15.09167,327
15.10000,325
15.10833,323
15.11667,322
15.12500,322
15.13333,322
15.14167,323
15.15000,323
15.15833,324
15.16667,326
15.17500,327
15.18333,329
15.19167,331
15.20000,333
15.20833,334
15.21667,336
15.22500,337
15.23333,339
15.24167,340
15.25000,341
15.25833,342
15.26667,343
15.27500,343
15.28333,343
15.29167,343
15.30000,343
15.30833,342
15.31667,341
15.32500,339
15.33333,337
15.34167,334
15.35000,332
15.35833,329
15.36667,326
15.37500,322
15.38333,319
15.39167,315
15.40000,310
15.40833,306
15.41667,301
15.42500,297
15.43333,292
15.44167,287
15.45000,282
15.45833,277
15.46667,272
15.47500,267
15.48333,262
15.49167,258
15.50000,253
15.50833,249
15.51667,245
15.52500,241
15.53333,237
15.54167,233
15.55000,229
15.55833,225
15.56667,222
15.57500,218
15.58333,215
15.59167,213
15.60000,210
15.60833,208
15.61667,205
15.62500,202
15.63333,200
15.64167,198
15.65000,196
15.65833,194
15.66667,191
15.67500,189
15.68333,188
15.69167,186
15.70000,184
15.70833,183
15.71667,182
15.72500,181
15.73333,179
15.74167,178
15.75000,177
15.75833,175
15.76667,174
15.77500,173
15.78333,172
15.79167,171
15.80000,170
15.80833,170
15.81667,170
15.82500,169
15.83333,168
15.84167,167
15.85000,166
15.85833,165
15.86667,164
15.87500,164
15.88333,163
15.89167,162
15.90000,161
15.90833,161
15.91667,161
15.92500,160
15.93333,160
15.94167,159
15.95000,158
15.95833,158
15.96667,157
15.97500,157
15.98333,156
15.99167,156
16.00000,156
16.00833,156
16.01667,155
16.02500,154
16.03333,154
16.04167,153
16.05000,152
16.05833,152
16.06667,151
16.07500,151
16.08333,150
16.09167,150
16.10000,149
16.10833,149
16.11667,148
16.12500,147
16.13333,146
16.14167,145
16.15000,145
16.15833,145
16.16667,144
16.17500,144
16.18333,144
16.19167,144
16.20000,143
16.20833,143
16.21667,143
16.22500,142
16.23333,142
16.24167,141
16.25000,141
16.25833,141
16.26667,141
16.27500,140
16.28333,140
16.29167,140
16.30000,140
16.30833,139
16.31667,139
16.32500,139
16.33333,138
16.34167,138
16.35000,138
16.35833,138
16.36667,138
16.37500,137
16.38333,137
16.39167,136
16.40000,136
16.40833,135
16.41667,135
16.42500,135
16.43333,134
16.44167,134
16.45000,135
16.45833,135
16.46667,135
16.47500,134
16.48333,134
16.49167,134
16.50000,133
16.50833,133
16.51667,132
16.52500,132
16.53333,131
16.54167,131
16.55000,131
16.55833,131
16.56667,130
16.57500,130
16.58333,129
16.59167,129
16.60000,129
16.60833,128
16.61667,128
16.62500,127
16.63333,127
16.64167,127
16.65000,127
16.65833,127
16.66667,126
16.67500,126
16.68333,125
16.69167,125
16.70000,125
16.70833,124
16.71667,124
16.72500,124
16.73333,123
16.74167,123
16.75000,122
16.75833,122
16.76667,121
16.77500,121
16.78333,121
16.79167,121
16.80000,120
16.80833,119
16.81667,119
16.82500,118
16.83333,118
16.84167,118
16.85000,118
16.85833,118
16.86667,118
16.87500,117
16.88333,117
16.89167,117
16.90000,117
16.90833,116
16.91667,116
16.92500,116
16.93333,116
16.94167,115
16.95000,115
16.95833,114
16.96667,114
16.97500,113
16.98333,113
16.99167,113
17.00000,113
17.00833,113
17.01667,113
17.02500,112
17.03333,112
17.04167,112
17.05000,111
17.05833,111
17.06667,110
17.07500,110
17.08333,109
17.09167,109
17.10000,110
17.10833,110
17.11667,110
17.12500,110
17.13333,109
17.14167,109
17.15000,109
17.15833,108
17.16667,108
17.17500,108
17.18333,107
17.19167,107
17.20000,106
17.20833,106
17.21667,106
17.22500,106
17.23333,106
17.24167,106
17.25000,106
17.25833,106
17.26667,105
17.27500,105
17.28333,104
17.29167,104
17.30000,104
17.30833,104
17.31667,104
17.32500,104
17.33333,104
17.34167,104
17.35000,104
17.35833,103
17.36667,103
17.37500,102
17.38333,102
17.39167,102
17.40000,102
17.40833,102
17.41667,102
17.42500,101
17.43333,102
17.44167,102
17.45000,101
17.45833,101
17.46667,100
17.47500,100
17.48333,100
17.49167,101
17.50000,101
17.50833,101
17.51667,101
17.52500,101
17.53333,101
17.54167,101
17.55000,101
17.55833,100
17.56667,100
17.57500,100
17.58333,100
17.59167,101
17.60000,100
17.60833,100
17.61667,100
17.62500,99
17.63333,99
17.64167,99
17.65000,98
17.65833,99
17.66667,99
17.67500,99
17.68333,99
17.69167,98
17.70000,98
17.70833,98
17.71667,98
17.72500,98
17.73333,98
17.74167,99
17.75000,99
17.75833,99
17.76667,98
17.77500,98
17.78333,98
17.79167,98
17.80000,98
17.80833,98
17.81667,99
17.82500,99
17.83333,99
17.84167,99
17.85000,99
17.85833,99
17.86667,99
17.87500,98
17.88333,98
17.89167,98
17.90000,98
17.90833,98
17.91667,99
17.92500,99
17.93333,99
17.94167,99
17.95000,99
17.95833,99
17.96667,99
17.97500,99
17.98333,98
17.99167,98
18.00000,99
18.00833,99
18.01667,99
18.02500,99
18.03333,98
18.04167,99
18.05000,99
18.05833,99
18.06667,98
18.07500,98
18.08333,98
18.09167,98
18.10000,98
18.10833,98
18.11667,98
18.12500,98
18.13333,98
18.14167,97
18.15000,97
18.15833,97
18.16667,96
18.17500,96
18.18333,96
18.19167,95
18.20000,95
18.20833,95
18.21667,94
18.22500,94
18.23333,94
18.24167,94
18.25000,93
18.25833,93
18.26667,93
18.27500,93
18.28333,92
18.29167,92
18.30000,92
18.30833,92
18.31667,92
18.32500,92
18.33333,91
18.34167,91
18.35000,91
18.35833,91
18.36667,91
18.37500,91
18.38333,90
18.39167,90
18.40000,89
18.40833,89
18.41667,89
18.42500,90
18.43333,90
18.44167,90
18.45000,91
18.45833,91
18.46667,91
18.47500,91
18.48333,91
18.49167,91
18.50000,91
18.50833,91
18.51667,91
18.52500,91
18.53333,91
18.54167,91
18.55000,91
18.55833,91
18.56667,91
18.57500,92
18.58333,92
18.59167,92
18.60000,92
18.60833,92
18.61667,92
18.62500,92
18.63333,92
18.64167,92
18.65000,92
18.65833,91
18.66667,91
18.67500,91
18.68333,91
18.69167,91
18.70000,92
18.70833,92
18.71667,92
18.72500,92
18.73333,92
18.74167,93
18.75000,93
18.75833,93
18.76667,93
18.77500,93
18.78333,93
18.79167,93
18.80000,93
18.80833,93
18.81667,93
18.82500,94
18.83333,94
18.84167,94
18.85000,94
18.85833,94
18.86667,95
18.87500,96
18.88333,97
18.89167,97
18.90000,99
18.90833,100
18.91667,101
18.92500,102
18.93333,104
18.94167,106
18.95000,108
18.95833,109
18.96667,111
18.97500,113
18.98333,116
18.99167,118
19.00000,121
19.00833,124
19.01667,126
19.02500,129
19.03333,132
19.04167,134
19.05000,137
19.05833,140
19.06667,144
19.07500,147
19.08333,150
19.09167,153
19.10000,157
19.10833,160
19.11667,164
19.12500,167
19.13333,170
19.14167,172
19.15000,175
19.15833,177
19.16667,178
19.17500,180
19.18333,181
19.19167,183
19.20000,184
19.20833,185
19.21667,186
19.22500,186
19.23333,186
19.24167,186
19.25000,186
19.25833,186
19.26667,185
19.27500,184
19.28333,182
19.29167,181
19.30000,180
19.30833,178
19.31667,176
19.32500,173
19.33333,171
19.34167,168
19.35000,165
19.35833,163
19.36667,161
19.37500,158
19.38333,155
19.39167,152
19.40000,149
19.40833,146
19.41667,143
19.42500,141
19.43333,138
19.44167,135
19.45000,132
19.45833,130
19.46667,127
19.47500,125
19.48333,123
19.49167,121
19.50000,119
19.50833,116
19.51667,114
19.52500,112
19.53333,110
19.54167,109
19.55000,107
19.55833,106
19.56667,105
19.57500,103
19.58333,102
19.59167,101
19.60000,100
19.60833,99
19.61667,98
19.62500,97
19.63333,96
19.64167,95
19.65000,94
19.65833,93
19.66667,92
19.67500,92
19.68333,91
19.69167,91
19.70000,91
19.70833,91
19.71667,90
19.72500,90
19.73333,89
19.74167,89
19.75000,89
19.75833,89
19.76667,89
19.77500,89
19.78333,89
19.79167,89
19.80000,89
19.80833,88
19.81667,88
19.82500,88
19.83333,87
19.84167,87
19.85000,87
19.85833,87
19.86667,87
19.87500,87
19.88333,87
19.89167,87
19.90000,87
19.90833,87
19.91667,87
19.92500,87
19.93333,87
19.94167,86
19.95000,86
19.95833,86
19.96667,85
19.97500,85
19.98333,85
19.99167,85
20.00000,85
20.00833,85
20.01667,85
20.02500,86
20.03333,86
20.04167,86
20.05000,85
20.05833,85
20.06667,85
20.07500,85
20.08333,85
20.09167,85
20.10000,85
20.10833,85
20.11667,85
20.12500,85
20.13333,85
20.14167,85
20.15000,85
20.15833,85
20.16667,85
20.17500,85
20.18333,85
20.19167,85
20.20000,85
20.20833,85
20.21667,85
20.22500,85
20.23333,85
20.24167,84
20.25000,85
20.25833,85
20.26667,85
20.27500,85
20.28333,85
20.29167,85
20.30000,84
20.30833,84
20.31667,84
20.32500,85
20.33333,85
20.34167,86
20.35000,86
20.35833,86
20.36667,86
20.37500,86
20.38333,86
20.39167,86
20.40000,86
20.40833,86
20.41667,85
20.42500,85
20.43333,84
20.44167,84
20.45000,85
20.45833,85
20.46667,85
20.47500,85
20.48333,85
20.49167,85
20.50000,85
20.50833,85
20.51667,86
20.52500,86
20.53333,86
20.54167,85
20.55000,85
20.55833,85
20.56667,85
20.57500,85
20.58333,85
20.59167,85
20.60000,86
20.60833,86
20.61667,86
20.62500,87
20.63333,87
20.64167,87
20.65000,87
20.65833,87
20.66667,87
20.67500,87
20.68333,87
20.69167,87
20.70000,87
20.70833,87
20.71667,87
20.72500,87
20.73333,88
20.74167,88
20.75000,88
20.75833,88
20.76667,88
20.77500,89
20.78333,89
20.79167,89
20.80000,89
20.80833,89
20.81667,89
20.82500,89
20.83333,90
20.84167,90
20.85000,90
20.85833,90
20.86667,91
20.87500,91
20.88333,91
20.89167,92
20.90000,92
20.90833,92
20.91667,93
20.92500,93
20.93333,93
20.94167,93
20.95000,93
20.95833,93
20.96667,94
20.97500,94
20.98333,95
20.99167,95
21.00000,96
21.00833,96
21.01667,97
21.02500,97
21.03333,97
21.04167,98
21.05000,98
21.05833,99
21.06667,99
21.07500,100
21.08333,101
21.09167,102
21.10000,103
21.10833,104
21.11667,104
21.12500,105
21.13333,106
21.14167,106
21.15000,107
21.15833,108
21.16667,109
21.17500,110
21.18333,111
21.19167,112
21.20000,113
21.20833,114
21.21667,114
21.22500,114
21.23333,115
21.24167,115
21.25000,116
21.25833,116
21.26667,117
21.27500,118
21.28333,118
21.29167,118
21.30000,118
21.30833,118
21.31667,118
21.32500,118
21.33333,118
21.34167,117
21.35000,117
21.35833,117
21.36667,116
21.37500,116
21.38333,115
21.39167,115
21.40000,114
21.40833,114
21.41667,114
21.42500,113
21.43333,113
21.44167,112
21.45000,111
21.45833,110
21.46667,109
21.47500,108
21.48333,108
21.49167,107
21.50000,106
21.50833,105
21.51667,104
21.52500,104
21.53333,103
21.54167,102
21.55000,102
21.55833,101
21.56667,100
21.57500,100
21.58333,99
21.59167,99
21.60000,98
21.60833,97
21.61667,96
21.62500,96
21.63333,95
21.64167,95
21.65000,94
21.65833,94
21.66667,93
21.67500,93
21.68333,92
21.69167,92
21.70000,91
21.70833,91
21.71667,91
21.72500,90
21.73333,90
21.74167,90
21.75000,90
21.75833,90
21.76667,90
21.77500,89
21.78333,89
21.79167,89
21.80000,89
21.80833,89
21.81667,89
21.82500,89
21.83333,88
21.84167,88
21.85000,88
21.85833,88
21.86667,88
21.87500,88
21.88333,88
21.89167,88
21.90000,88
21.90833,88
21.91667,88
21.92500,89
21.93333,89
21.94167,89
21.95000,88
21.95833,88
21.96667,88
21.97500,88
21.98333,88
21.99167,88
22.00000,88
22.00833,88
22.01667,88
22.02500,88
22.03333,88
22.04167,88
22.05000,88
22.05833,88
22.06667,89
22.07500,89
22.08333,88
22.09167,88
22.10000,88
22.10833,88
22.11667,88
22.12500,88
22.13333,88
22.14167,89
22.15000,89
22.15833,89
22.16667,89
22.17500,89
22.18333,89
22.19167,89
22.20000,89
22.20833,89
22.21667,89
22.22500,89
22.23333,90
22.24167,90
22.25000,90
22.25833,90
22.26667,90
22.27500,90
22.28333,90
22.29167,90
22.30000,90
22.30833,89
22.31667,89
22.32500,89
22.33333,89
22.34167,89
22.35000,89
22.35833,89
22.36667,89
22.37500,89
22.38333,89
22.39167,90
22.40000,90
22.40833,90
22.41667,90
22.42500,90
22.43333,90
22.44167,90
22.45000,90
22.45833,90
22.46667,90
22.47500,90
22.48333,90
22.49167,90
22.50000,90
22.50833,91
22.51667,90
22.52500,90
22.53333,90
22.54167,90
22.55000,91
22.55833,91
22.56667,91
22.57500,91
22.58333,91
22.59167,90
22.60000,91
22.60833,91
22.61667,91
22.62500,91
22.63333,91
22.64167,91
22.65000,91
22.65833,92
22.66667,92
22.67500,92
22.68333,93
22.69167,93
22.70000,93
22.70833,94
22.71667,94
22.72500,94
22.73333,94
22.74167,95
22.75000,95
22.75833,96
22.76667,96
22.77500,97
22.78333,97
22.79167,98
22.80000,99
22.80833,99
22.81667,100
22.82500,100
22.83333,101
22.84167,102
22.85000,102
22.85833,103
22.86667,105
22.87500,105
22.88333,106
22.89167,107
22.90000,107
22.90833,108
22.91667,108
22.92500,108
22.93333,109
22.94167,110
22.95000,110
22.95833,111
22.96667,112
22.97500,113
22.98333,114
22.99167,115
23.00000,115
23.00833,116
23.01667,116
23.02500,116
23.03333,117
23.04167,117
23.05000,117
23.05833,117
23.06667,117
23.07500,117
23.08333,117
23.09167,117
23.10000,117
23.10833,116
23.11667,116
23.12500,115
23.13333,115
23.14167,115
23.15000,114
23.15833,114
23.16667,113
23.17500,113
23.18333,112
23.19167,112
23.20000,111
23.20833,110
23.21667,110
23.22500,109
23.23333,109
23.24167,108
23.25000,107
23.25833,107
23.26667,106
23.27500,106
23.28333,105
23.29167,104
23.30000,104
23.30833,103
23.31667,102
23.32500,102
23.33333,102
23.34167,101
23.35000,101
23.35833,100
23.36667,100
23.37500,99
23.38333,99
23.39167,98
23.40000,98
23.40833,98
23.41667,98
23.42500,98
23.43333,97
23.44167,97
23.45000,97
23.45833,96
23.46667,96
23.47500,96
23.48333,95
23.49167,95
23.50000,95
23.50833,95
23.51667,95
23.52500,95
23.53333,95
23.54167,95
23.55000,95
23.55833,95
23.56667,94
23.57500,94
23.58333,95
23.59167,94
23.60000,94
23.60833,94
23.61667,93
23.62500,93
23.63333,94
23.64167,94
23.65000,94
23.65833,95
23.66667,95
23.67500,95
23.68333,95
23.69167,96
23.70000,95
23.70833,95
23.71667,95
23.72500,95
23.73333,95
23.74167,95
23.75000,95
23.75833,95
23.76667,95
23.77500,95
23.78333,95
23.79167,95
23.80000,95
23.80833,96
23.81667,96
23.82500,96
23.83333,97
23.84167,98
23.85000,98
23.85833,98
23.86667,98
23.87500,98
23.88333,98
23.89167,98
23.90000,98
23.90833,99
23.91667,99
23.92500,99
23.93333,99
23.94167,99
23.95000,100
23.95833,100
23.96667,100
23.97500,100
23.98333,100
23.99167,100
24.00000,100
24.00833,100
24.01667,101
24.02500,101
24.03333,101
24.04167,101
24.05000,101
24.05833,101
24.06667,102
24.07500,102
24.08333,101
24.09167,101
24.10000,101
24.10833,101
24.11667,101
24.12500,101
24.13333,101
24.14167,101
24.15000,102
24.15833,102
24.16667,102
24.17500,101
24.18333,101
24.19167,101
24.20000,101
24.20833,101
24.21667,101
24.22500,100
24.23333,100
24.24167,100
24.25000,101
24.25833,101
24.26667,102
24.27500,102
24.28333,102
24.29167,102
24.30000,103
24.30833,103
24.31667,103
24.32500,103
24.33333,104
24.34167,104
24.35000,105
24.35833,105
24.36667,106
24.37500,107
24.38333,108
24.39167,109
24.40000,110
24.40833,112
24.41667,114
24.42500,115
24.43333,117
24.44167,120
24.45000,123
24.45833,127
24.46667,130
24.47500,135
24.48333,140
24.49167,146
24.50000,152
24.50833,160
24.51667,168
24.52500,178
24.53333,189
24.54167,201
24.55000,215
24.55833,230
24.56667,247
24.57500,266
24.58333,287
24.59167,311
24.60000,337
24.60833,366
24.61667,399
24.62500,434
24.63333,474
24.64167,517
24.65000,565
24.65833,618
24.66667,676
24.67500,740
24.68333,810
24.69167,886
24.70000,969
24.70833,1060
24.71667,1158
24.72500,1264
24.73333,1378
24.74167,1501
24.75000,1633
24.75833,1774
24.76667,1925
24.77500,2086
24.78333,2256
24.79167,2437
24.80000,2628
24.80833,2829
24.81667,3041
24.82500,3263
24.83333,3495
24.84167,3735
24.85000,3985
24.85833,4244
24.86667,4511
24.87500,4785
24.88333,5067
24.89167,5354
24.90000,5646
24.90833,5943
24.91667,6243
24.92500,6544
24.93333,6847
24.94167,7149
24.95000,7449
24.95833,7746
24.96667,8038
24.97500,8325
24.98333,8605
24.99167,8876
25.00000,9137
25.00833,9387
25.01667,9625
25.02500,9850
25.03333,10060
25.04167,10254
25.05000,10431
25.05833,10591
25.06667,10733
25.07500,10856
25.08333,10959
25.09167,11042
25.10000,11105
25.10833,11147
25.11667,11169
25.12500,11170
25.13333,11151
25.14167,11111
25.15000,11052
25.15833,10973
25.16667,10876
25.17500,10761
25.18333,10628
25.19167,10480
25.20000,10315
25.20833,10136
25.21667,9944
25.22500,9739
25.23333,9523
25.24167,9297
25.25000,9061
25.25833,8817
25.26667,8566
25.27500,8310
25.28333,8048
25.29167,7784
25.30000,7516
25.30833,7247
25.31667,6978
25.32500,6709
25.33333,6442
25.34167,6176
25.35000,5913
25.35833,5653
25.36667,5399
25.37500,5148
25.38333,4903
25.39167,4665
25.40000,4432
25.40833,4206
25.41667,3987
25.42500,3775
25.43333,3570
25.44167,3373
25.45000,3184
25.45833,3003
25.46667,2829
25.47500,2663
25.48333,2505
25.49167,2354
25.50000,2212
25.50833,2076
25.51667,1947
25.52500,1825
25.53333,1710
25.54167,1601
25.55000,1499
25.55833,1403
25.56667,1313
25.57500,1229
25.58333,1151
25.59167,1077
25.60000,1008
25.60833,944
25.61667,884
25.62500,829
25.63333,777
25.64167,729
25.65000,685
25.65833,644
25.66667,606
25.67500,571
25.68333,538
25.69167,508
25.70000,480
25.70833,454
25.71667,430
25.72500,409
25.73333,389
25.74167,371
25.75000,355
25.75833,339
25.76667,325
25.77500,312
25.78333,300
25.79167,289
25.80000,278
25.80833,268
25.81667,260
25.82500,252
25.83333,245
25.84167,238
25.85000,232
25.85833,226
25.86667,220
25.87500,215
25.88333,211
25.89167,206
25.90000,202
25.90833,199
25.91667,195
25.92500,192
25.93333,189
25.94167,186
25.95000,184
25.95833,182
25.96667,180
25.97500,178
25.98333,176
25.99167,174
26.00000,172
26.00833,170
26.01667,169
26.02500,168
26.03333,167
26.04167,166
26.05000,165
26.05833,163
26.06667,162
26.07500,161
26.08333,160
26.09167,159
26.10000,158
26.10833,157
26.11667,156
26.12500,155
26.13333,155
26.14167,154
26.15000,154
26.15833,154
26.16667,153
26.17500,152
26.18333,152
26.19167,151
26.20000,151
26.20833,150
26.21667,150
26.22500,149
26.23333,149
26.24167,149
26.25000,148
26.25833,148
26.26667,148
26.27500,147
26.28333,146
26.29167,145
26.30000,145
26.30833,145
26.31667,145
26.32500,144
26.33333,144
26.34167,144
26.35000,144
26.35833,144
26.36667,143
26.37500,143
26.38333,143
26.39167,143
26.40000,142
26.40833,142
26.41667,141
26.42500,141
26.43333,140
26.44167,140
26.45000,139
26.45833,138
26.46667,138
26.47500,138
26.48333,138
26.49167,138
26.50000,138
26.50833,138
26.51667,138
26.52500,137
26.53333,137
26.54167,137
26.55000,136
26.55833,136
26.56667,136
26.57500,135
26.58333,135
26.59167,135
26.60000,135
26.60833,135
26.61667,135
26.62500,134
26.63333,134
26.64167,134
26.65000,134
26.65833,134
26.66667,134
26.67500,133
26.68333,133
26.69167,133
26.70000,133
26.70833,132
26.71667,132
26.72500,132
26.73333,131
26.74167,131
26.75000,131
26.75833,131
26.76667,130
26.77500,130
26.78333,130
26.79167,130
26.80000,130
26.80833,130
26.81667,130
26.82500,130
26.83333,130
26.84167,130
26.85000,130
26.85833,130
26.86667,129
26.87500,129
26.88333,129
26.89167,129
26.90000,129
26.90833,129
26.91667,129
26.92500,129
26.93333,129
26.94167,129
26.95000,129
26.95833,129
26.96667,129
26.97500,128
26.98333,128
26.99167,128
27.00000,128
27.00833,129
27.01667,129
27.02500,128
27.03333,128
27.04167,128
27.05000,127
27.05833,127
27.06667,127
27.07500,127
27.08333,127
27.09167,127
27.10000,127
27.10833,126
27.11667,126
27.12500,126
27.13333,126
27.14167,126
27.15000,126
27.15833,126
27.16667,126
27.17500,126
27.18333,126
27.19167,126
27.20000,126
27.20833,126
27.21667,126
27.22500,126
27.23333,125
27.24167,125
27.25000,126
27.25833,126
27.26667,126
27.27500,125
27.28333,125
27.29167,125
27.30000,125
27.30833,124
27.31667,123
27.32500,123
27.33333,124
27.34167,124
27.35000,124
27.35833,124
27.36667,124
27.37500,125
27.38333,125
27.39167,125
27.40000,125
27.40833,125
27.41667,125
27.42500,124
27.43333,124
27.44167,124
27.45000,124
27.45833,123
27.46667,123
27.47500,123
27.48333,122
27.49167,122
27.50000,123
27.50833,123
27.51667,123
27.52500,123
27.53333,123
27.54167,122
27.55000,122
27.55833,121
27.56667,121
27.57500,120
27.58333,120
27.59167,119
27.60000,118
27.60833,117
27.61667,117
27.62500,117
27.63333,117
27.64167,116
27.65000,115
27.65833,114
27.66667,113
27.67500,112
27.68333,112
27.69167,111
27.70000,111
27.70833,110
27.71667,109
27.72500,108
27.73333,107
27.74167,105
27.75000,104
27.75833,103
27.76667,101
27.77500,100
27.78333,98
27.79167,96
27.80000,95
27.80833,93
27.81667,91
27.82500,89
27.83333,87
27.84167,85
27.85000,83
27.85833,81
27.86667,78
27.87500,75
27.88333,73
27.89167,70
27.90000,67
27.90833,64
27.91667,61
27.92500,58
27.93333,54
27.94167,51
27.95000,48
27.95833,45
27.96667,42
27.97500,39
27.98333,36
27.99167,33
28.00000,30
28.00833,26
28.01667,23
28.02500,19
28.03333,16
28.04167,12
28.05000,9
28.05833,6
28.06667,3
28.07500,-0
28.08333,-3
28.09167,-6
28.10000,-8
28.10833,-11
28.11667,-14
28.12500,-16
28.13333,-18
28.14167,-21
28.15000,-23
28.15833,-24
28.16667,-26
28.17500,-27
28.18333,-29
28.19167,-30
28.20000,-31
28.20833,-32
28.21667,-33
28.22500,-34
28.23333,-34
28.24167,-35
28.25000,-35
28.25833,-35
28.26667,-35
28.27500,-34
28.28333,-33
28.29167,-32
28.30000,-31
28.30833,-30
28.31667,-29
28.32500,-27
28.33333,-26
28.34167,-24
28.35000,-22
28.35833,-21
28.36667,-19
28.37500,-17
28.38333,-14
28.39167,-12
28.40000,-9
28.40833,-7
28.41667,-4
28.42500,-2
28.43333,0
28.44167,3
28.45000,5
28.45833,8
28.46667,11
28.47500,14
28.48333,17
28.49167,20
28.50000,23
28.50833,26
28.51667,28
28.52500,32
28.53333,35
28.54167,37
28.55000,40
28.55833,42
28.56667,45
28.57500,47
28.58333,49
28.59167,52
28.60000,54
28.60833,56
28.61667,59
28.62500,60
28.63333,63
28.64167,65
28.65000,67
28.65833,69
28.66667,70
28.67500,72
28.68333,74
28.69167,76
28.70000,77
28.70833,78
28.71667,80
28.72500,82
28.73333,84
28.74167,85
28.75000,86
28.75833,88
28.76667,89
28.77500,90
28.78333,91
28.79167,92
28.80000,93
28.80833,94
28.81667,95
28.82500,96
28.83333,97
28.84167,98
28.85000,98
28.85833,98
28.86667,99
28.87500,100
28.88333,101
28.89167,101
28.90000,102
28.90833,102
28.91667,103
28.92500,103
28.93333,103
28.94167,104
28.95000,104
28.95833,104
28.96667,105
28.97500,105
28.98333,105
28.99167,105
29.00000,106
29.00833,106
29.01667,106
29.02500,107
29.03333,107
29.04167,107
29.05000,108
29.05833,108
29.06667,109
29.07500,109
29.08333,110
29.09167,110
29.10000,110
29.10833,110
29.11667,110
29.12500,110
29.13333,110
29.14167,110
29.15000,110
29.15833,110
29.16667,110
29.17500,110
29.18333,111
29.19167,111
29.20000,111
29.20833,111
29.21667,112
29.22500,112
29.23333,112
29.24167,112
29.25000,112
29.25833,112
29.26667,111
29.27500,111
29.28333,111
29.29167,110
29.30000,110
29.30833,110
29.31667,110
29.32500,110
29.33333,110
29.34167,110
29.35000,111
29.35833,111
29.36667,110
29.37500,110
29.38333,109
29.39167,109
29.40000,109
29.40833,108
29.41667,108
29.42500,107
29.43333,107
29.44167,106
29.45000,106
29.45833,105
29.46667,105
29.47500,104
29.48333,103
29.49167,103
29.50000,102
29.50833,102
29.51667,101
29.52500,101
29.53333,100
29.54167,99
29.55000,98
29.55833,98
29.56667,96
29.57500,95
29.58333,94
29.59167,93
29.60000,92
29.60833,91
29.61667,90
29.62500,89
29.63333,88
29.64167,87
29.65000,85
29.65833,84
29.66667,83
29.67500,81
29.68333,80
29.69167,79
29.70000,78
29.70833,77
29.71667,76
29.72500,75
29.73333,74
29.74167,73
29.75000,72
29.75833,71
29.76667,70
29.77500,69
29.78333,67
29.79167,66
29.80000,65
29.80833,64
29.81667,62
29.82500,61
29.83333,60
29.84167,59
29.85000,59
29.85833,58
29.86667,58
29.87500,57
29.88333,56
29.89167,56
29.90000,55
29.90833,54
29.91667,54
29.92500,54
29.93333,53
29.94167,53
29.95000,53
29.95833,53
29.96667,53
29.97500,52
29.98333,52
29.99167,53
30.00000,53
30.00833,53
30.01667,53
30.02500,53
30.03333,54
30.04167,54
30.05000,54
30.05833,55
30.06667,56
30.07500,57
30.08333,57
30.09167,58
30.10000,59
30.10833,59
30.11667,60
30.12500,61
30.13333,62
30.14167,63
30.15000,64
30.15833,65
30.16667,66
30.17500,67
30.18333,68
30.19167,69
30.20000,70
30.20833,71
30.21667,72
30.22500,73
30.23333,74
30.24167,75
30.25000,76
30.25833,77
30.26667,78
30.27500,79
30.28333,80
30.29167,81
30.30000,82
30.30833,83
30.31667,84
30.32500,85
30.33333,86
30.34167,87
30.35000,88
30.35833,89
30.36667,89
30.37500,90
30.38333,91
30.39167,91
30.40000,92
30.40833,93
30.41667,93
30.42500,94
30.43333,95
30.44167,95
30.45000,96
30.45833,96
30.46667,96
30.47500,97
30.48333,97
30.49167,97
30.50000,97
30.50833,98
30.51667,98
30.52500,99
30.53333,99
30.54167,99
30.55000,99
30.55833,100
30.56667,100
30.57500,100
30.58333,100
30.59167,100
30.60000,101
30.60833,101
30.61667,101
30.62500,100
30.63333,100
30.64167,100
30.65000,100
30.65833,100
30.66667,100
30.67500,100
30.68333,99
30.69167,99
30.70000,99
30.70833,99
30.71667,99
30.72500,98
30.73333,98
30.74167,97
30.75000,97
30.75833,97
30.76667,97
30.77500,97
30.78333,97
30.79167,97
30.80000,97
30.80833,97
30.81667,96
30.82500,96
30.83333,96
30.84167,96
30.85000,96
30.85833,96
30.86667,96
30.87500,96
30.88333,95
30.89167,95
30.90000,95
30.90833,95
30.91667,95
30.92500,95
30.93333,96
30.94167,96
30.95000,96
30.95833,96
30.96667,96
30.97500,96
30.98333,96
30.99167,97
31.00000,97
31.00833,97
31.01667,98
31.02500,98
31.03333,98
31.04167,99
31.05000,99
31.05833,99
31.06667,100
31.07500,100
31.08333,100
31.09167,100
31.10000,100
31.10833,101
31.11667,101
31.12500,102
31.13333,102
31.14167,102
31.15000,103
31.15833,104
31.16667,104
31.17500,105
31.18333,105
31.19167,106
31.20000,107
31.20833,107
31.21667,107
31.22500,108
31.23333,108
31.24167,109
31.25000,109
31.25833,110
31.26667,110
31.27500,111
31.28333,112
31.29167,112
31.30000,113
31.30833,113
31.31667,113
31.32500,113
31.33333,114
31.34167,114
31.35000,114
31.35833,114
31.36667,115
31.37500,115
31.38333,115
31.39167,115
31.40000,116
31.40833,116
31.41667,116
31.42500,116
31.43333,117
31.44167,117
31.45000,117
31.45833,117
31.46667,117
31.47500,118
31.48333,118
31.49167,118
31.50000,118
31.50833,118
31.51667,118
31.52500,118
31.53333,118
31.54167,118
31.55000,118
31.55833,118
31.56667,118
31.57500,118
31.58333,118
31.59167,118
31.60000,118
31.60833,118
31.61667,118
31.62500,118
31.63333,118
31.64167,118
31.65000,118
31.65833,118
31.66667,118
31.67500,118
31.68333,119
31.69167,119
31.70000,119
31.70833,119
31.71667,119
31.72500,119
31.73333,118
31.74167,118
31.75000,118
31.75833,118
31.76667,118
31.77500,118
31.78333,118
31.79167,118
31.80000,118
31.80833,118
31.81667,118
31.82500,118
31.83333,118
31.84167,119
31.85000,119
31.85833,118
31.86667,118
31.87500,118
31.88333,118
31.89167,118
31.90000,119
31.90833,119
31.91667,119
31.92500,119
31.93333,118
31.94167,118
31.95000,118
31.95833,118
31.96667,119
31.97500,119
31.98333,119
31.99167,119
32.00000,119
32.00833,119
32.01667,119
32.02500,119
32.03333,119
32.04167,119
32.05000,119
32.05833,118
32.06667,118
32.07500,118
32.08333,118
32.09167,119
32.10000,119
32.10833,119
32.11667,119
32.12500,118
32.13333,118
32.14167,118
32.15000,119
32.15833,119
32.16667,118
32.17500,118
32.18333,118
32.19167,118
32.20000,118
32.20833,118
32.21667,118
32.22500,118
32.23333,119
32.24167,119
32.25000,119
32.25833,119
32.26667,119
32.27500,119
32.28333,119
32.29167,119
32.30000,119
32.30833,119
32.31667,119
32.32500,119
32.33333,119
32.34167,120
32.35000,120
32.35833,119
32.36667,120
32.37500,120
32.38333,119
32.39167,119
32.40000,119
32.40833,120
32.41667,120
32.42500,120
32.43333,120
32.44167,120
32.45000,120
32.45833,119
32.46667,119
32.47500,119
32.48333,119
32.49167,119
32.50000,119
32.50833,120
32.51667,120
32.52500,120
32.53333,120
32.54167,120
32.55000,120
32.55833,120
32.56667,120
32.57500,120
32.58333,120
32.59167,120
32.60000,120
32.60833,121
32.61667,121
32.62500,121
32.63333,121
32.64167,121
32.65000,121
32.65833,121
32.66667,121
32.67500,121
32.68333,121
32.69167,121
32.70000,121
32.70833,121
32.71667,121
32.72500,121
32.73333,121
32.74167,122
32.75000,122
32.75833,121
32.76667,121
32.77500,121
32.78333,121
32.79167,121
32.80000,121
32.80833,121
32.81667,121
32.82500,121
32.83333,121
32.84167,121
32.85000,122
32.85833,122
32.86667,122
32.87500,122
32.88333,122
32.89167,122
32.90000,122
32.90833,122
32.91667,122
32.92500,122
32.93333,122
32.94167,121
32.95000,121
32.95833,121
32.96667,121
32.97500,121
32.98333,121
32.99167,121
33.00000,122
33.00833,122
33.01667,122
33.02500,122
33.03333,123
33.04167,123
33.05000,123
33.05833,123
33.06667,122
33.07500,122
33.08333,122
33.09167,122
33.10000,122
33.10833,122
33.11667,122
33.12500,122
33.13333,123
33.14167,123
33.15000,123
33.15833,122
33.16667,122
33.17500,122
33.18333,122
33.19167,122
33.20000,122
33.20833,122
33.21667,122
33.22500,122
33.23333,122
33.24167,122
33.25000,122
33.25833,122
33.26667,122
33.27500,123
33.28333,123
33.29167,123
33.30000,123
33.30833,123
33.31667,123
33.32500,123
33.33333,123
33.34167,123
33.35000,123
33.35833,123
33.36667,123
33.37500,124
33.38333,124
33.39167,124
33.40000,123
33.40833,123
33.41667,123
33.42500,123
33.43333,123
33.44167,123
33.45000,123
33.45833,123
33.46667,123
33.47500,123
33.48333,124
33.49167,124
33.50000,124
33.50833,123
33.51667,123
33.52500,123
33.53333,124
33.54167,124
33.55000,123
33.55833,123
33.56667,123
33.57500,123
33.58333,123
33.59167,123
33.60000,123
33.60833,124
33.61667,124
33.62500,124
33.63333,124
33.64167,124
33.65000,124
33.65833,124
33.66667,124
33.67500,124
33.68333,124
33.69167,124
33.70000,124
33.70833,124
33.71667,124
33.72500,124
33.73333,124
33.74167,124
33.75000,124
33.75833,124
33.76667,124
33.77500,124
33.78333,124
33.79167,124
33.80000,124
33.80833,124
33.81667,125
33.82500,125
33.83333,124
33.84167,124
33.85000,125
33.85833,125
33.86667,125
33.87500,125
33.88333,125
33.89167,125
33.90000,124
33.90833,124
33.91667,125
33.92500,125
33.93333,125
33.94167,125
33.95000,126
33.95833,126
33.96667,126
33.97500,126
33.98333,126
33.99167,125
34.00000,125
34.00833,125
34.01667,125
34.02500,125
34.03333,125
34.04167,125
34.05000,125
34.05833,125
34.06667,125
34.07500,125
34.08333,125
34.09167,125
34.10000,125
34.10833,125
34.11667,126
34.12500,126
34.13333,126
34.14167,126
34.15000,126
34.15833,126
34.16667,126
34.17500,125
34.18333,125
34.19167,126
34.20000,126
34.20833,126
34.21667,126
34.22500,126
34.23333,127
34.24167,127
34.25000,127
34.25833,126
34.26667,126
34.27500,126
34.28333,126
34.29167,126
34.30000,126
34.30833,126
34.31667,126
34.32500,126
34.33333,126
34.34167,126
34.35000,126
34.35833,126
34.36667,126
34.37500,126
34.38333,125
34.39167,125
34.40000,125
34.40833,126
34.41667,126
34.42500,127
34.43333,127
34.44167,127
34.45000,127
34.45833,127
34.46667,127
34.47500,127
34.48333,127
34.49167,126
34.50000,126
34.50833,127
34.51667,126
34.52500,126
34.53333,126
34.54167,126
34.55000,126
34.55833,126
34.56667,126
34.57500,127
34.58333,127
34.59167,127
34.60000,127
34.60833,127
34.61667,127
34.62500,127
34.63333,127
34.64167,127
34.65000,127
34.65833,126
34.66667,126
34.67500,126
34.68333,127
34.69167,127
34.70000,127
34.70833,127
34.71667,127
34.72500,127
34.73333,127
34.74167,127
34.75000,127
34.75833,127
34.76667,127
34.77500,127
34.78333,127
34.79167,127
34.80000,127
34.80833,127
34.81667,127
34.82500,127
34.83333,127
34.84167,127
34.85000,127
34.85833,127
34.86667,128
34.87500,128
34.88333,128
34.89167,128
34.90000,128
34.90833,128
34.91667,128
34.92500,128
34.93333,128
34.94167,128
34.95000,128
34.95833,128
34.96667,128
34.97500,128
34.98333,127
34.99167,127
35.00000,127
35.00833,127
35.01667,127
35.02500,128
35.03333,128
35.04167,128
35.05000,128
35.05833,128
35.06667,129
35.07500,129
35.08333,129
35.09167,129
35.10000,129
35.10833,129
35.11667,129
35.12500,129
35.13333,129
35.14167,129
35.15000,129
35.15833,129
35.16667,129
35.17500,129
35.18333,129
35.19167,129
35.20000,129
35.20833,129
35.21667,129
35.22500,129
35.23333,129
35.24167,129
35.25000,129
35.25833,129
35.26667,129
35.27500,129
35.28333,129
35.29167,129
35.30000,129
35.30833,129
35.31667,130
35.32500,130
35.33333,130
35.34167,130
35.35000,130
35.35833,130
35.36667,130
35.37500,130
35.38333,131
35.39167,131
35.40000,131
35.40833,130
35.41667,130
35.42500,131
35.43333,131
35.44167,131
35.45000,131
35.45833,131
35.46667,131
35.47500,131
35.48333,131
35.49167,131
35.50000,131
35.50833,131
35.51667,131
35.52500,131
35.53333,131
35.54167,130
35.55000,130
35.55833,130
35.56667,130
35.57500,131
35.58333,131
35.59167,131
35.60000,131
35.60833,131
35.61667,131
35.62500,131
35.63333,131
35.64167,131
35.65000,131
35.65833,131
35.66667,131
35.67500,131
35.68333,131
35.69167,131
35.70000,131
35.70833,131
35.71667,131
35.72500,132
35.73333,132
35.74167,132
35.75000,132
35.75833,132
35.76667,132
35.77500,132
35.78333,132
35.79167,132
35.80000,132
35.80833,132
35.81667,132
35.82500,132
35.83333,132
35.84167,132
35.85000,132
35.85833,132
35.86667,132
35.87500,132
35.88333,132
35.89167,132
35.90000,132
35.90833,132
35.91667,132
35.92500,132
35.93333,132
35.94167,132
35.95000,132
35.95833,132
35.96667,133
35.97500,133
35.98333,133
35.99167,133
36.00000,133
36.00833,133
36.01667,133
36.02500,134
36.03333,134
36.04167,134
36.05000,134
36.05833,134
36.06667,134
36.07500,134
36.08333,134
36.09167,134
36.10000,133
36.10833,133
36.11667,134
36.12500,134
36.13333,134
36.14167,134
36.15000,134
36.15833,134
36.16667,134
36.17500,134
36.18333,134
36.19167,134
36.20000,134
36.20833,134
36.21667,134
36.22500,134
36.23333,134
36.24167,134
36.25000,134
36.25833,133
36.26667,133
36.27500,133
36.28333,133
36.29167,133
36.30000,134
36.30833,134
36.31667,134
36.32500,134
36.33333,134
36.34167,134
36.35000,135
36.35833,135
36.36667,135
36.37500,135
36.38333,135
36.39167,135
36.40000,135
36.40833,135
36.41667,135
36.42500,135
36.43333,135
36.44167,135
36.45000,134
36.45833,135
36.46667,135
36.47500,135
36.48333,135
36.49167,135
36.50000,135
36.50833,136
36.51667,136
36.52500,136
36.53333,135
36.54167,135
36.55000,135
36.55833,135
36.56667,135
36.57500,135
36.58333,135
36.59167,135
36.60000,135
36.60833,135
36.61667,135
36.62500,135
36.63333,135
36.64167,135
36.65000,135
36.65833,135
36.66667,135
36.67500,135
36.68333,135
36.69167,136
36.70000,136
36.70833,136
36.71667,136
36.72500,136
36.73333,136
36.74167,136
36.75000,136
36.75833,135
36.76667,135
36.77500,135
36.78333,135
36.79167,135
36.80000,135
36.80833,135
36.81667,136
36.82500,136
36.83333,136
36.84167,136
36.85000,136
36.85833,136
36.86667,136
36.87500,136
36.88333,136
36.89167,136
36.90000,136
36.90833,136
36.91667,136
36.92500,136
36.93333,136
36.94167,136
36.95000,135
36.95833,135
36.96667,135
36.97500,136
36.98333,135
36.99167,135
37.00000,135
37.00833,135
37.01667,136
37.02500,136
37.03333,136
37.04167,136
37.05000,136
37.05833,136
37.06667,136
37.07500,136
37.08333,136
37.09167,137
37.10000,137
37.10833,137
37.11667,137
37.12500,137
37.13333,137
37.14167,137
37.15000,137
37.15833,137
37.16667,137
37.17500,137
37.18333,137
37.19167,137
37.20000,137
37.20833,137
37.21667,136
37.22500,136
37.23333,136
37.24167,136
37.25000,136
37.25833,137
37.26667,136
37.27500,136
37.28333,136
37.29167,136
37.30000,136
37.30833,137
37.31667,137
37.32500,137
37.33333,137
37.34167,137
37.35000,138
37.35833,138
37.36667,138
37.37500,139
37.38333,139
37.39167,139
37.40000,139
37.40833,139
37.41667,139
37.42500,139
37.43333,138
37.44167,138
37.45000,138
37.45833,138
37.46667,138
37.47500,138
37.48333,138
37.49167,138
37.50000,138
37.50833,138
37.51667,138
37.52500,138
37.53333,138
37.54167,138
37.55000,138
37.55833,139
37.56667,139
37.57500,139
37.58333,139
37.59167,139
37.60000,139
37.60833,139
37.61667,140
37.62500,140
37.63333,140
37.64167,140
37.65000,140
37.65833,140
37.66667,140
37.67500,140
37.68333,140
37.69167,139
37.70000,139
37.70833,139
37.71667,139
37.72500,139
37.73333,139
37.74167,140
37.75000,140
37.75833,140
37.76667,140
37.77500,140
37.78333,140
37.79167,139
37.80000,139
37.80833,139
37.81667,139
37.82500,139
37.83333,139
37.84167,140
37.85000,140
37.85833,140
37.86667,140
37.87500,141
37.88333,141
37.89167,141
37.90000,141
37.90833,141
37.91667,141
37.92500,141
37.93333,141
37.94167,141
37.95000,141
37.95833,141
37.96667,141
37.97500,140
37.98333,140
37.99167,140
38.00000,140
38.00833,140
38.01667,141
38.02500,141
38.03333,141
38.04167,141
38.05000,141
38.05833,141
38.06667,141
38.07500,141
38.08333,141
38.09167,141
38.10000,141
38.10833,141
38.11667,140
38.12500,140
38.13333,140
38.14167,141
38.15000,141
38.15833,142
38.16667,142
38.17500,142
38.18333,142
38.19167,142
38.20000,142
38.20833,142
38.21667,141
38.22500,141
38.23333,141
38.24167,141
38.25000,141
38.25833,141
38.26667,141
38.27500,141
38.28333,141
38.29167,141
38.30000,141
38.30833,141
38.31667,141
38.32500,142
38.33333,142
38.34167,142
38.35000,142
38.35833,142
38.36667,142
38.37500,141
38.38333,141
38.39167,141
38.40000,141
38.40833,141
38.41667,141
38.42500,142
38.43333,142
38.44167,142
38.45000,142
38.45833,142
38.46667,142
38.47500,142
38.48333,143
38.49167,142
38.50000,142
38.50833,142
38.51667,142
38.52500,143
38.53333,143
38.54167,142
38.55000,142
38.55833,142
38.56667,143
38.57500,142
38.58333,142
38.59167,142
38.60000,143
38.60833,143
38.61667,143
38.62500,142
38.63333,142
38.64167,142
38.65000,142
38.65833,142
38.66667,143
38.67500,143
38.68333,143
38.69167,143
38.70000,143
38.70833,143
38.71667,143
38.72500,142
38.73333,142
38.74167,143
38.75000,143
38.75833,143
38.76667,143
38.77500,143
38.78333,143
38.79167,143
38.80000,143
38.80833,143
38.81667,143
38.82500,143
38.83333,144
38.84167,144
38.85000,144
38.85833,144
38.86667,144
38.87500,144
38.88333,144
38.89167,144
38.90000,144
38.90833,144
38.91667,144
38.92500,145
38.93333,145
38.94167,145
38.95000,145
38.95833,145
38.96667,144
38.97500,144
38.98333,144
38.99167,144
39.00000,144
39.00833,144
39.01667,144
39.02500,144
39.03333,144
39.04167,144
39.05000,144
39.05833,144
39.06667,144
39.07500,144
39.08333,144
39.09167,144
39.10000,144
39.10833,145
39.11667,145
39.12500,145
39.13333,145
39.14167,145
39.15000,145
39.15833,145
39.16667,145
39.17500,144
39.18333,144
39.19167,145
39.20000,145
39.20833,145
39.21667,145
39.22500,145
39.23333,145
39.24167,145
39.25000,145
39.25833,145
39.26667,145
39.27500,145
39.28333,145
39.29167,145
39.30000,145
39.30833,145
39.31667,145
39.32500,145
39.33333,145
39.34167,146
39.35000,146
39.35833,145
39.36667,145
39.37500,146
39.38333,146
39.39167,146
39.40000,146
39.40833,146
39.41667,146
39.42500,146
39.43333,146
39.44167,146
39.45000,146
39.45833,146
39.46667,147
39.47500,147
39.48333,147
39.49167,147
39.50000,147
39.50833,147
39.51667,147
39.52500,147
39.53333,147
39.54167,147
39.55000,147
39.55833,147
39.56667,147
39.57500,147
39.58333,147
39.59167,147
39.60000,147
39.60833,146
39.61667,146
39.62500,146
39.63333,146
39.64167,145
39.65000,145
39.65833,146
39.66667,146
39.67500,146
39.68333,146
39.69167,146
39.70000,146
39.70833,146
39.71667,146
39.72500,147
39.73333,147
39.74167,147
39.75000,147
39.75833,146
39.76667,147
39.77500,147
39.78333,147
39.79167,147
39.80000,148
39.80833,148
39.81667,148
39.82500,148
39.83333,148
39.84167,148
39.85000,148
39.85833,148
39.86667,148
39.87500,148
39.88333,148
39.89167,148
39.90000,148
39.90833,148
39.91667,147
39.92500,148
39.93333,148
39.94167,148
39.95000,148
39.95833,148
39.96667,148
39.97500,148
39.98333,148
39.99167,148
40.00000,148

