[Header]
Application Name,LabSolutions
Version,5.97 SP1
Data File Name,C:\Users\cremerlab\Desktop\griffin\2021-04-27_REL606_acetate_turnover_redux\2021-04-27_REL606_DM_acetate_turnover_4282021_004_012.lcd
Output Date,4/28/2021
Output Time,8:20:23 PM

[File Information]
Type,Data File
Generated,4/28/2021 7:40:03 PM
Generated by,System Administrator
Modified,4/28/2021 8:20:23 PM
Modified by,System Administrator

[Sample Information]
Operator Name,System Administrator
Acquired,4/28/2021 7:40:22 PM
Sample Type,0:Unknown
Level,0
Sample Name,2021-04-07_REL606_replicate_003_timepoint_004
Sample ID,004
ISTD Amount1,1
ISTD Amount2,1
ISTD Amount3,1
ISTD Amount4,1
ISTD Amount5,1
ISTD Amount6,1
ISTD Amount7,1
ISTD Amount8,1
ISTD Amount9,1
ISTD Amount10,1
ISTD Amount11,1
ISTD Amount12,1
ISTD Amount13,1
ISTD Amount14,1
ISTD Amount15,1
ISTD Amount16,1
ISTD Amount17,1
ISTD Amount18,1
ISTD Amount19,1
ISTD Amount20,1
ISTD Amount21,1
ISTD Amount22,1
ISTD Amount23,1
ISTD Amount24,1
ISTD Amount25,1
ISTD Amount26,1
ISTD Amount27,1
ISTD Amount28,1
ISTD Amount29,1
ISTD Amount30,1
ISTD Amount31,1
ISTD Amount32,1
Sample Amount,1
Dilution Factor,1
Vial#,22
Injection Volume,20

[Original Files]
Data File,C:\Users\cremerlab\Desktop\griffin\2021-04-27_REL606_acetate_turnover_redux\2021-04-27_REL606_DM_acetate_turnover_4282021_004_012.lcd
Method File,C:\Users\cremerlab\Desktop\griffin\2.5mM_H2SO4_mobile_phase.lcm
Batch File,C:\Users\cremerlab\Desktop\griffin\2021-04-27_REL606_acetate_turnover_redux\2021-04-27_REL606_DM_acetate_turnover.lcb
Report Format File,c:\LabSolutions\System\DEFAULT.lsr

[File Description]


[Configuration]
Instrument Name,HPLC-PC-Instrument1
Instrument #,1
Line #,1
# of Detectors,2
Detector ID,Detector A,Detector B
Detector Name,Detector A,Detector B
# of Channels,1,1

[Peak Table(Detector A)]
# of Peaks,0

[Peak Table(Detector B)]
# of Peaks,6
Peak#,R.Time,I.Time,F.Time,Area,Height,A/H,Conc.,Mark,ID#,Name,k',Plate #,Plate Ht.,Tailing,Resolution,Sep.Factor,Area Ratio,Height Ratio,Conc. %,Norm Conc.
1,10.929,10.467,11.575,228923,13598,16.835,0.000,   ,,,0.000,9560,15.690,1.032,0.000,0.000,0,0,0.000,0.000
2,13.957,12.608,14.267,1552950,42089,36.896,0.000,   ,,,0.277,3210,46.732,0.000,4.227,0.000,0,0,0.000,0.000
3,14.497,14.267,15.125,158400,7321,21.638,0.000, V ,,,0.326,9582,15.654,0.000,0.684,1.178,0,0,0.000,0.000
4,15.292,15.125,16.042,5746,228,25.200,0.000, V ,,,0.399,2567,58.435,0.000,0.884,1.223,0,0,0.000,0.000
5,19.238,18.908,19.783,2352,102,23.056,0.000,   ,,,0.760,15363,9.764,1.245,4.318,1.905,0,0,0.000,0.000
6,25.133,24.383,26.158,306513,10349,29.618,0.000,   ,,,1.300,16455,9.116,1.077,8.394,1.709,0,0,0.000,0.000

[LC Chromatogram(Detector B-Ch1)]
Interval(msec),500
# of Points,4801
Start Time(min),0.000
End Time(min),40.000
Intensity Units,mV
Intensity Multiplier,0.001
R.Time (min),Intensity
0.00000,0
0.00833,0
0.01667,0
0.02500,0
0.03333,0
0.04167,-0
0.05000,-1
0.05833,-0
0.06667,-0
0.07500,-0
0.08333,-0
0.09167,-0
0.10000,0
0.10833,0
0.11667,0
0.12500,1
0.13333,1
0.14167,1
0.15000,1
0.15833,1
0.16667,0
0.17500,0
0.18333,1
0.19167,1
0.20000,1
0.20833,1
0.21667,1
0.22500,1
0.23333,1
0.24167,1
0.25000,2
0.25833,2
0.26667,2
0.27500,2
0.28333,1
0.29167,1
0.30000,1
0.30833,2
0.31667,2
0.32500,2
0.33333,2
0.34167,2
0.35000,2
0.35833,2
0.36667,2
0.37500,2
0.38333,2
0.39167,2
0.40000,2
0.40833,2
0.41667,2
0.42500,2
0.43333,2
0.44167,2
0.45000,2
0.45833,2
0.46667,2
0.47500,2
0.48333,2
0.49167,2
0.50000,2
0.50833,3
0.51667,3
0.52500,3
0.53333,3
0.54167,4
0.55000,4
0.55833,4
0.56667,4
0.57500,4
0.58333,4
0.59167,4
0.60000,4
0.60833,4
0.61667,4
0.62500,4
0.63333,4
0.64167,4
0.65000,4
0.65833,4
0.66667,4
0.67500,4
0.68333,4
0.69167,4
0.70000,4
0.70833,4
0.71667,4
0.72500,4
0.73333,4
0.74167,4
0.75000,4
0.75833,4
0.76667,4
0.77500,5
0.78333,5
0.79167,5
0.80000,5
0.80833,6
0.81667,6
0.82500,6
0.83333,6
0.84167,6
0.85000,6
0.85833,6
0.86667,6
0.87500,6
0.88333,6
0.89167,6
0.90000,6
0.90833,6
0.91667,6
0.92500,7
0.93333,7
0.94167,7
0.95000,7
0.95833,7
0.96667,7
0.97500,7
0.98333,7
0.99167,7
1.00000,7
1.00833,7
1.01667,7
1.02500,7
1.03333,7
1.04167,7
1.05000,7
1.05833,6
1.06667,7
1.07500,7
1.08333,7
1.09167,7
1.10000,7
1.10833,7
1.11667,7
1.12500,7
1.13333,8
1.14167,8
1.15000,9
1.15833,9
1.16667,9
1.17500,9
1.18333,9
1.19167,8
1.20000,8
1.20833,8
1.21667,8
1.22500,8
1.23333,8
1.24167,8
1.25000,8
1.25833,7
1.26667,7
1.27500,7
1.28333,7
1.29167,7
1.30000,7
1.30833,7
1.31667,7
1.32500,7
1.33333,7
1.34167,7
1.35000,7
1.35833,6
1.36667,7
1.37500,6
1.38333,6
1.39167,6
1.40000,6
1.40833,6
1.41667,6
1.42500,6
1.43333,6
1.44167,6
1.45000,6
1.45833,6
1.46667,6
1.47500,6
1.48333,5
1.49167,5
1.50000,5
1.50833,6
1.51667,6
1.52500,6
1.53333,6
1.54167,6
1.55000,6
1.55833,6
1.56667,6
1.57500,6
1.58333,6
1.59167,6
1.60000,6
1.60833,6
1.61667,6
1.62500,5
1.63333,5
1.64167,5
1.65000,5
1.65833,5
1.66667,5
1.67500,5
1.68333,5
1.69167,5
1.70000,5
1.70833,5
1.71667,5
1.72500,5
1.73333,5
1.74167,5
1.75000,5
1.75833,5
1.76667,5
1.77500,5
1.78333,5
1.79167,5
1.80000,4
1.80833,4
1.81667,4
1.82500,4
1.83333,5
1.84167,5
1.85000,5
1.85833,5
1.86667,5
1.87500,5
1.88333,5
1.89167,5
1.90000,5
1.90833,5
1.91667,5
1.92500,5
1.93333,5
1.94167,5
1.95000,5
1.95833,5
1.96667,5
1.97500,5
1.98333,5
1.99167,5
2.00000,5
2.00833,5
2.01667,5
2.02500,5
2.03333,5
2.04167,5
2.05000,5
2.05833,5
2.06667,5
2.07500,5
2.08333,5
2.09167,5
2.10000,5
2.10833,5
2.11667,5
2.12500,5
2.13333,5
2.14167,4
2.15000,5
2.15833,5
2.16667,6
2.17500,6
2.18333,6
2.19167,6
2.20000,6
2.20833,6
2.21667,6
2.22500,6
2.23333,6
2.24167,6
2.25000,6
2.25833,6
2.26667,6
2.27500,5
2.28333,5
2.29167,5
2.30000,5
2.30833,5
2.31667,5
2.32500,5
2.33333,5
2.34167,5
2.35000,6
2.35833,6
2.36667,6
2.37500,6
2.38333,6
2.39167,6
2.40000,6
2.40833,6
2.41667,6
2.42500,6
2.43333,6
2.44167,7
2.45000,7
2.45833,7
2.46667,7
2.47500,6
2.48333,6
2.49167,6
2.50000,6
2.50833,6
2.51667,6
2.52500,6
2.53333,6
2.54167,6
2.55000,6
2.55833,5
2.56667,5
2.57500,6
2.58333,6
2.59167,6
2.60000,6
2.60833,6
2.61667,6
2.62500,6
2.63333,6
2.64167,6
2.65000,6
2.65833,6
2.66667,6
2.67500,6
2.68333,6
2.69167,7
2.70000,6
2.70833,6
2.71667,6
2.72500,6
2.73333,6
2.74167,6
2.75000,6
2.75833,7
2.76667,7
2.77500,7
2.78333,8
2.79167,8
2.80000,8
2.80833,7
2.81667,7
2.82500,7
2.83333,7
2.84167,7
2.85000,7
2.85833,8
2.86667,8
2.87500,8
2.88333,8
2.89167,7
2.90000,7
2.90833,7
2.91667,7
2.92500,8
2.93333,8
2.94167,8
2.95000,8
2.95833,8
2.96667,8
2.97500,8
2.98333,8
2.99167,8
3.00000,8
3.00833,8
3.01667,8
3.02500,8
3.03333,9
3.04167,9
3.05000,9
3.05833,10
3.06667,10
3.07500,10
3.08333,10
3.09167,9
3.10000,9
3.10833,9
3.11667,8
3.12500,8
3.13333,8
3.14167,8
3.15000,8
3.15833,9
3.16667,9
3.17500,9
3.18333,9
3.19167,10
3.20000,10
3.20833,10
3.21667,10
3.22500,10
3.23333,10
3.24167,10
3.25000,10
3.25833,10
3.26667,10
3.27500,10
3.28333,10
3.29167,10
3.30000,10
3.30833,10
3.31667,10
3.32500,10
3.33333,10
3.34167,10
3.35000,10
3.35833,10
3.36667,10
3.37500,10
3.38333,10
3.39167,9
3.40000,9
3.40833,10
3.41667,10
3.42500,10
3.43333,10
3.44167,10
3.45000,10
3.45833,10
3.46667,11
3.47500,11
3.48333,11
3.49167,11
3.50000,12
3.50833,11
3.51667,11
3.52500,11
3.53333,11
3.54167,11
3.55000,11
3.55833,11
3.56667,12
3.57500,12
3.58333,12
3.59167,12
3.60000,12
3.60833,12
3.61667,12
3.62500,12
3.63333,12
3.64167,12
3.65000,12
3.65833,12
3.66667,12
3.67500,12
3.68333,12
3.69167,12
3.70000,12
3.70833,12
3.71667,12
3.72500,11
3.73333,11
3.74167,12
3.75000,12
3.75833,12
3.76667,12
3.77500,12
3.78333,12
3.79167,12
3.80000,12
3.80833,12
3.81667,12
3.82500,12
3.83333,12
3.84167,12
3.85000,12
3.85833,13
3.86667,13
3.87500,13
3.88333,13
3.89167,13
3.90000,13
3.90833,13
3.91667,13
3.92500,13
3.93333,14
3.94167,13
3.95000,13
3.95833,13
3.96667,13
3.97500,13
3.98333,13
3.99167,13
4.00000,13
4.00833,13
4.01667,13
4.02500,14
4.03333,14
4.04167,14
4.05000,13
4.05833,13
4.06667,13
4.07500,13
4.08333,13
4.09167,13
4.10000,13
4.10833,13
4.11667,14
4.12500,14
4.13333,14
4.14167,14
4.15000,14
4.15833,14
4.16667,14
4.17500,14
4.18333,14
4.19167,14
4.20000,13
4.20833,13
4.21667,14
4.22500,14
4.23333,14
4.24167,14
4.25000,14
4.25833,14
4.26667,14
4.27500,14
4.28333,14
4.29167,14
4.30000,13
4.30833,13
4.31667,13
4.32500,13
4.33333,13
4.34167,13
4.35000,13
4.35833,12
4.36667,13
4.37500,13
4.38333,13
4.39167,14
4.40000,14
4.40833,14
4.41667,14
4.42500,14
4.43333,14
4.44167,14
4.45000,14
4.45833,14
4.46667,13
4.47500,13
4.48333,14
4.49167,13
4.50000,14
4.50833,14
4.51667,14
4.52500,14
4.53333,13
4.54167,14
4.55000,13
4.55833,13
4.56667,13
4.57500,13
4.58333,13
4.59167,13
4.60000,13
4.60833,13
4.61667,13
4.62500,13
4.63333,13
4.64167,13
4.65000,13
4.65833,13
4.66667,13
4.67500,13
4.68333,13
4.69167,13
4.70000,13
4.70833,13
4.71667,13
4.72500,13
4.73333,13
4.74167,13
4.75000,13
4.75833,13
4.76667,12
4.77500,12
4.78333,12
4.79167,12
4.80000,12
4.80833,12
4.81667,12
4.82500,12
4.83333,12
4.84167,13
4.85000,13
4.85833,13
4.86667,13
4.87500,13
4.88333,13
4.89167,13
4.90000,13
4.90833,13
4.91667,14
4.92500,14
4.93333,14
4.94167,14
4.95000,13
4.95833,13
4.96667,12
4.97500,12
4.98333,13
4.99167,13
5.00000,12
5.00833,12
5.01667,12
5.02500,12
5.03333,12
5.04167,13
5.05000,13
5.05833,13
5.06667,13
5.07500,13
5.08333,14
5.09167,14
5.10000,14
5.10833,14
5.11667,14
5.12500,14
5.13333,14
5.14167,13
5.15000,13
5.15833,13
5.16667,13
5.17500,13
5.18333,13
5.19167,13
5.20000,13
5.20833,13
5.21667,13
5.22500,13
5.23333,13
5.24167,13
5.25000,13
5.25833,13
5.26667,14
5.27500,14
5.28333,14
5.29167,14
5.30000,14
5.30833,14
5.31667,14
5.32500,14
5.33333,14
5.34167,14
5.35000,14
5.35833,14
5.36667,14
5.37500,14
5.38333,14
5.39167,14
5.40000,14
5.40833,14
5.41667,14
5.42500,14
5.43333,14
5.44167,14
5.45000,14
5.45833,14
5.46667,14
5.47500,14
5.48333,14
5.49167,14
5.50000,15
5.50833,15
5.51667,15
5.52500,15
5.53333,15
5.54167,15
5.55000,15
5.55833,15
5.56667,15
5.57500,15
5.58333,15
5.59167,15
5.60000,15
5.60833,15
5.61667,15
5.62500,15
5.63333,15
5.64167,15
5.65000,15
5.65833,15
5.66667,15
5.67500,14
5.68333,14
5.69167,15
5.70000,15
5.70833,15
5.71667,15
5.72500,15
5.73333,16
5.74167,16
5.75000,16
5.75833,15
5.76667,15
5.77500,15
5.78333,15
5.79167,15
5.80000,15
5.80833,15
5.81667,15
5.82500,15
5.83333,15
5.84167,15
5.85000,15
5.85833,16
5.86667,16
5.87500,16
5.88333,15
5.89167,15
5.90000,16
5.90833,16
5.91667,16
5.92500,16
5.93333,16
5.94167,16
5.95000,16
5.95833,16
5.96667,16
5.97500,16
5.98333,16
5.99167,16
6.00000,16
6.00833,16
6.01667,16
6.02500,16
6.03333,17
6.04167,17
6.05000,17
6.05833,17
6.06667,17
6.07500,16
6.08333,16
6.09167,16
6.10000,16
6.10833,16
6.11667,17
6.12500,17
6.13333,17
6.14167,17
6.15000,17
6.15833,17
6.16667,17
6.17500,17
6.18333,17
6.19167,17
6.20000,18
6.20833,17
6.21667,17
6.22500,16
6.23333,16
6.24167,16
6.25000,16
6.25833,16
6.26667,16
6.27500,16
6.28333,16
6.29167,16
6.30000,17
6.30833,17
6.31667,17
6.32500,17
6.33333,16
6.34167,16
6.35000,16
6.35833,16
6.36667,16
6.37500,16
6.38333,16
6.39167,16
6.40000,16
6.40833,16
6.41667,16
6.42500,16
6.43333,16
6.44167,17
6.45000,17
6.45833,18
6.46667,18
6.47500,18
6.48333,18
6.49167,18
6.50000,18
6.50833,18
6.51667,18
6.52500,18
6.53333,18
6.54167,18
6.55000,18
6.55833,18
6.56667,18
6.57500,18
6.58333,18
6.59167,18
6.60000,18
6.60833,18
6.61667,18
6.62500,18
6.63333,19
6.64167,18
6.65000,18
6.65833,18
6.66667,18
6.67500,18
6.68333,18
6.69167,18
6.70000,18
6.70833,19
6.71667,19
6.72500,19
6.73333,19
6.74167,18
6.75000,18
6.75833,18
6.76667,19
6.77500,19
6.78333,18
6.79167,19
6.80000,19
6.80833,19
6.81667,19
6.82500,19
6.83333,19
6.84167,19
6.85000,19
6.85833,19
6.86667,19
6.87500,19
6.88333,20
6.89167,20
6.90000,20
6.90833,19
6.91667,19
6.92500,19
6.93333,19
6.94167,19
6.95000,19
6.95833,19
6.96667,19
6.97500,19
6.98333,19
6.99167,19
7.00000,20
7.00833,20
7.01667,20
7.02500,20
7.03333,20
7.04167,19
7.05000,20
7.05833,20
7.06667,20
7.07500,20
7.08333,20
7.09167,20
7.10000,20
7.10833,20
7.11667,20
7.12500,20
7.13333,20
7.14167,20
7.15000,20
7.15833,20
7.16667,21
7.17500,21
7.18333,21
7.19167,21
7.20000,21
7.20833,21
7.21667,21
7.22500,21
7.23333,20
7.24167,20
7.25000,20
7.25833,20
7.26667,20
7.27500,20
7.28333,21
7.29167,21
7.30000,21
7.30833,21
7.31667,20
7.32500,20
7.33333,20
7.34167,20
7.35000,20
7.35833,20
7.36667,20
7.37500,20
7.38333,20
7.39167,20
7.40000,20
7.40833,21
7.41667,21
7.42500,20
7.43333,20
7.44167,20
7.45000,21
7.45833,21
7.46667,21
7.47500,21
7.48333,21
7.49167,21
7.50000,20
7.50833,20
7.51667,20
7.52500,20
7.53333,20
7.54167,20
7.55000,21
7.55833,21
7.56667,21
7.57500,21
7.58333,20
7.59167,21
7.60000,21
7.60833,21
7.61667,21
7.62500,21
7.63333,21
7.64167,21
7.65000,21
7.65833,21
7.66667,21
7.67500,21
7.68333,21
7.69167,21
7.70000,21
7.70833,21
7.71667,21
7.72500,22
7.73333,22
7.74167,22
7.75000,21
7.75833,21
7.76667,21
7.77500,21
7.78333,21
7.79167,22
7.80000,22
7.80833,22
7.81667,22
7.82500,22
7.83333,22
7.84167,22
7.85000,22
7.85833,22
7.86667,22
7.87500,22
7.88333,22
7.89167,22
7.90000,22
7.90833,22
7.91667,22
7.92500,22
7.93333,21
7.94167,21
7.95000,21
7.95833,21
7.96667,21
7.97500,21
7.98333,21
7.99167,20
8.00000,21
8.00833,21
8.01667,21
8.02500,21
8.03333,21
8.04167,21
8.05000,22
8.05833,22
8.06667,22
8.07500,22
8.08333,22
8.09167,22
8.10000,22
8.10833,22
8.11667,21
8.12500,21
8.13333,22
8.14167,22
8.15000,22
8.15833,22
8.16667,22
8.17500,22
8.18333,22
8.19167,22
8.20000,23
8.20833,23
8.21667,23
8.22500,23
8.23333,22
8.24167,22
8.25000,22
8.25833,22
8.26667,21
8.27500,21
8.28333,21
8.29167,22
8.30000,22
8.30833,22
8.31667,22
8.32500,22
8.33333,22
8.34167,22
8.35000,22
8.35833,22
8.36667,22
8.37500,23
8.38333,23
8.39167,23
8.40000,23
8.40833,23
8.41667,22
8.42500,23
8.43333,23
8.44167,23
8.45000,23
8.45833,23
8.46667,23
8.47500,23
8.48333,23
8.49167,23
8.50000,23
8.50833,23
8.51667,23
8.52500,23
8.53333,23
8.54167,23
8.55000,23
8.55833,23
8.56667,23
8.57500,23
8.58333,23
8.59167,23
8.60000,23
8.60833,24
8.61667,24
8.62500,24
8.63333,24
8.64167,24
8.65000,23
8.65833,23
8.66667,23
8.67500,24
8.68333,24
8.69167,24
8.70000,24
8.70833,24
8.71667,24
8.72500,24
8.73333,24
8.74167,24
8.75000,25
8.75833,25
8.76667,24
8.77500,24
8.78333,24
8.79167,24
8.80000,24
8.80833,24
8.81667,24
8.82500,24
8.83333,24
8.84167,24
8.85000,23
8.85833,23
8.86667,23
8.87500,24
8.88333,24
8.89167,24
8.90000,24
8.90833,23
8.91667,24
8.92500,24
8.93333,24
8.94167,24
8.95000,24
8.95833,24
8.96667,24
8.97500,24
8.98333,24
8.99167,24
9.00000,24
9.00833,25
9.01667,24
9.02500,24
9.03333,24
9.04167,24
9.05000,24
9.05833,24
9.06667,24
9.07500,24
9.08333,24
9.09167,24
9.10000,24
9.10833,23
9.11667,23
9.12500,24
9.13333,24
9.14167,24
9.15000,24
9.15833,24
9.16667,24
9.17500,24
9.18333,24
9.19167,25
9.20000,25
9.20833,24
9.21667,24
9.22500,25
9.23333,25
9.24167,25
9.25000,25
9.25833,25
9.26667,25
9.27500,26
9.28333,26
9.29167,26
9.30000,26
9.30833,26
9.31667,25
9.32500,25
9.33333,25
9.34167,25
9.35000,25
9.35833,25
9.36667,25
9.37500,26
9.38333,26
9.39167,26
9.40000,26
9.40833,26
9.41667,25
9.42500,25
9.43333,25
9.44167,25
9.45000,25
9.45833,26
9.46667,26
9.47500,26
9.48333,26
9.49167,26
9.50000,27
9.50833,26
9.51667,26
9.52500,26
9.53333,26
9.54167,26
9.55000,26
9.55833,26
9.56667,26
9.57500,26
9.58333,26
9.59167,26
9.60000,26
9.60833,26
9.61667,26
9.62500,27
9.63333,27
9.64167,27
9.65000,27
9.65833,27
9.66667,27
9.67500,28
9.68333,28
9.69167,28
9.70000,27
9.70833,27
9.71667,27
9.72500,27
9.73333,28
9.74167,27
9.75000,27
9.75833,27
9.76667,27
9.77500,27
9.78333,27
9.79167,27
9.80000,27
9.80833,27
9.81667,27
9.82500,27
9.83333,27
9.84167,28
9.85000,28
9.85833,28
9.86667,28
9.87500,28
9.88333,28
9.89167,28
9.90000,28
9.90833,28
9.91667,28
9.92500,29
9.93333,29
9.94167,29
9.95000,30
9.95833,30
9.96667,31
9.97500,31
9.98333,31
9.99167,31
10.00000,31
10.00833,31
10.01667,32
10.02500,32
10.03333,33
10.04167,34
10.05000,35
10.05833,36
10.06667,36
10.07500,37
10.08333,38
10.09167,38
10.10000,39
10.10833,40
10.11667,40
10.12500,41
10.13333,42
10.14167,43
10.15000,44
10.15833,45
10.16667,45
10.17500,46
10.18333,47
10.19167,48
10.20000,49
10.20833,50
10.21667,51
10.22500,52
10.23333,53
10.24167,54
10.25000,55
10.25833,56
10.26667,56
10.27500,57
10.28333,57
10.29167,58
10.30000,58
10.30833,58
10.31667,58
10.32500,58
10.33333,58
10.34167,59
10.35000,59
10.35833,58
10.36667,58
10.37500,58
10.38333,58
10.39167,58
10.40000,58
10.40833,57
10.41667,57
10.42500,57
10.43333,57
10.44167,56
10.45000,56
10.45833,56
10.46667,56
10.47500,56
10.48333,56
10.49167,57
10.50000,59
10.50833,61
10.51667,63
10.52500,67
10.53333,72
10.54167,79
10.55000,87
10.55833,99
10.56667,114
10.57500,133
10.58333,156
10.59167,185
10.60000,222
10.60833,268
10.61667,323
10.62500,390
10.63333,469
10.64167,563
10.65000,673
10.65833,801
10.66667,950
10.67500,1121
10.68333,1314
10.69167,1533
10.70000,1779
10.70833,2053
10.71667,2357
10.72500,2690
10.73333,3055
10.74167,3450
10.75000,3876
10.75833,4332
10.76667,4817
10.77500,5329
10.78333,5865
10.79167,6423
10.80000,6999
10.80833,7588
10.81667,8185
10.82500,8786
10.83333,9383
10.84167,9969
10.85000,10538
10.85833,11082
10.86667,11593
10.87500,12062
10.88333,12483
10.89167,12848
10.90000,13150
10.90833,13383
10.91667,13543
10.92500,13624
10.93333,13624
10.94167,13543
10.95000,13382
10.95833,13143
10.96667,12829
10.97500,12447
10.98333,12002
10.99167,11503
11.00000,10958
11.00833,10378
11.01667,9771
11.02500,9147
11.03333,8516
11.04167,7886
11.05000,7265
11.05833,6660
11.06667,6077
11.07500,5521
11.08333,4996
11.09167,4504
11.10000,4047
11.10833,3625
11.11667,3238
11.12500,2886
11.13333,2567
11.14167,2279
11.15000,2021
11.15833,1790
11.16667,1584
11.17500,1401
11.18333,1238
11.19167,1093
11.20000,965
11.20833,851
11.21667,750
11.22500,661
11.23333,582
11.24167,511
11.25000,449
11.25833,394
11.26667,345
11.27500,301
11.28333,263
11.29167,228
11.30000,198
11.30833,171
11.31667,147
11.32500,126
11.33333,108
11.34167,92
11.35000,79
11.35833,67
11.36667,56
11.37500,46
11.38333,38
11.39167,31
11.40000,25
11.40833,20
11.41667,15
11.42500,11
11.43333,7
11.44167,4
11.45000,1
11.45833,-1
11.46667,-3
11.47500,-4
11.48333,-6
11.49167,-8
11.50000,-9
11.50833,-11
11.51667,-12
11.52500,-13
11.53333,-14
11.54167,-14
11.55000,-15
11.55833,-15
11.56667,-15
11.57500,-16
11.58333,-16
11.59167,-16
11.60000,-16
11.60833,-16
11.61667,-16
11.62500,-15
11.63333,-15
11.64167,-15
11.65000,-14
11.65833,-14
11.66667,-13
11.67500,-13
11.68333,-12
11.69167,-11
11.70000,-10
11.70833,-9
11.71667,-8
11.72500,-7
11.73333,-6
11.74167,-5
11.75000,-4
11.75833,-3
11.76667,-2
11.77500,-0
11.78333,1
11.79167,2
11.80000,3
11.80833,4
11.81667,5
11.82500,6
11.83333,6
11.84167,7
11.85000,8
11.85833,9
11.86667,10
11.87500,11
11.88333,12
11.89167,12
11.90000,13
11.90833,14
11.91667,15
11.92500,15
11.93333,15
11.94167,15
11.95000,15
11.95833,16
11.96667,17
11.97500,18
11.98333,18
11.99167,19
12.00000,20
12.00833,20
12.01667,21
12.02500,22
12.03333,23
12.04167,23
12.05000,23
12.05833,23
12.06667,24
12.07500,25
12.08333,25
12.09167,26
12.10000,27
12.10833,27
12.11667,28
12.12500,28
12.13333,29
12.14167,29
12.15000,30
12.15833,31
12.16667,32
12.17500,32
12.18333,33
12.19167,33
12.20000,34
12.20833,35
12.21667,35
12.22500,36
12.23333,37
12.24167,38
12.25000,39
12.25833,40
12.26667,40
12.27500,42
12.28333,43
12.29167,44
12.30000,45
12.30833,46
12.31667,46
12.32500,47
12.33333,48
12.34167,50
12.35000,51
12.35833,52
12.36667,54
12.37500,55
12.38333,56
12.39167,57
12.40000,58
12.40833,58
12.41667,60
12.42500,60
12.43333,61
12.44167,62
12.45000,62
12.45833,63
12.46667,64
12.47500,65
12.48333,65
12.49167,66
12.50000,66
12.50833,67
12.51667,67
12.52500,68
12.53333,68
12.54167,68
12.55000,69
12.55833,69
12.56667,69
12.57500,69
12.58333,69
12.59167,69
12.60000,70
12.60833,71
12.61667,71
12.62500,72
12.63333,73
12.64167,75
12.65000,77
12.65833,79
12.66667,81
12.67500,85
12.68333,89
12.69167,94
12.70000,101
12.70833,109
12.71667,119
12.72500,131
12.73333,145
12.74167,162
12.75000,182
12.75833,206
12.76667,234
12.77500,265
12.78333,301
12.79167,342
12.80000,387
12.80833,439
12.81667,496
12.82500,559
12.83333,628
12.84167,703
12.85000,785
12.85833,873
12.86667,968
12.87500,1070
12.88333,1178
12.89167,1294
12.90000,1416
12.90833,1544
12.91667,1679
12.92500,1820
12.93333,1967
12.94167,2120
12.95000,2279
12.95833,2444
12.96667,2614
12.97500,2790
12.98333,2971
12.99167,3156
13.00000,3346
13.00833,3541
13.01667,3741
13.02500,3945
13.03333,4153
13.04167,4364
13.05000,4580
13.05833,4799
13.06667,5022
13.07500,5248
13.08333,5478
13.09167,5711
13.10000,5947
13.10833,6187
13.11667,6429
13.12500,6674
13.13333,6922
13.14167,7173
13.15000,7427
13.15833,7683
13.16667,7941
13.17500,8202
13.18333,8466
13.19167,8732
13.20000,9001
13.20833,9273
13.21667,9547
13.22500,9823
13.23333,10102
13.24167,10382
13.25000,10665
13.25833,10950
13.26667,11237
13.27500,11527
13.28333,11819
13.29167,12114
13.30000,12410
13.30833,12709
13.31667,13011
13.32500,13314
13.33333,13619
13.34167,13927
13.35000,14237
13.35833,14549
13.36667,14864
13.37500,15181
13.38333,15500
13.39167,15822
13.40000,16145
13.40833,16471
13.41667,16799
13.42500,17129
13.43333,17462
13.44167,17796
13.45000,18133
13.45833,18472
13.46667,18814
13.47500,19158
13.48333,19504
13.49167,19853
13.50000,20204
13.50833,20557
13.51667,20913
13.52500,21271
13.53333,21632
13.54167,21995
13.55000,22361
13.55833,22729
13.56667,23100
13.57500,23473
13.58333,23849
13.59167,24227
13.60000,24607
13.60833,24991
13.61667,25377
13.62500,25765
13.63333,26156
13.64167,26549
13.65000,26945
13.65833,27344
13.66667,27745
13.67500,28149
13.68333,28557
13.69167,28967
13.70000,29379
13.70833,29795
13.71667,30213
13.72500,30633
13.73333,31057
13.74167,31484
13.75000,31913
13.75833,32345
13.76667,32780
13.77500,33218
13.78333,33659
13.79167,34103
13.80000,34550
13.80833,35000
13.81667,35453
13.82500,35909
13.83333,36367
13.84167,36829
13.85000,37293
13.85833,37759
13.86667,38228
13.87500,38698
13.88333,39167
13.89167,39634
13.90000,40094
13.90833,40540
13.91667,40965
13.92500,41356
13.93333,41695
13.94167,41963
13.95000,42135
13.95833,42186
13.96667,42089
13.97500,41816
13.98333,41344
13.99167,40656
14.00000,39741
14.00833,38595
14.01667,37228
14.02500,35654
14.03333,33899
14.04167,31996
14.05000,29981
14.05833,27894
14.06667,25777
14.07500,23666
14.08333,21598
14.09167,19602
14.10000,17703
14.10833,15918
14.11667,14262
14.12500,12740
14.13333,11356
14.14167,10107
14.15000,8991
14.15833,8000
14.16667,7127
14.17500,6363
14.18333,5700
14.19167,5129
14.20000,4641
14.20833,4229
14.21667,3887
14.22500,3608
14.23333,3386
14.24167,3217
14.25000,3096
14.25833,3019
14.26667,2984
14.27500,2986
14.28333,3024
14.29167,3095
14.30000,3196
14.30833,3325
14.31667,3479
14.32500,3655
14.33333,3851
14.34167,4065
14.35000,4292
14.35833,4531
14.36667,4779
14.37500,5031
14.38333,5285
14.39167,5538
14.40000,5786
14.40833,6026
14.41667,6256
14.42500,6472
14.43333,6671
14.44167,6851
14.45000,7009
14.45833,7145
14.46667,7255
14.47500,7339
14.48333,7396
14.49167,7426
14.50000,7428
14.50833,7404
14.51667,7353
14.52500,7277
14.53333,7177
14.54167,7054
14.55000,6910
14.55833,6748
14.56667,6569
14.57500,6376
14.58333,6170
14.59167,5954
14.60000,5730
14.60833,5501
14.61667,5267
14.62500,5031
14.63333,4795
14.64167,4561
14.65000,4330
14.65833,4103
14.66667,3881
14.67500,3666
14.68333,3458
14.69167,3257
14.70000,3064
14.70833,2879
14.71667,2703
14.72500,2536
14.73333,2378
14.74167,2228
14.75000,2087
14.75833,1954
14.76667,1829
14.77500,1713
14.78333,1604
14.79167,1502
14.80000,1407
14.80833,1318
14.81667,1236
14.82500,1159
14.83333,1088
14.84167,1022
14.85000,960
14.85833,903
14.86667,851
14.87500,803
14.88333,758
14.89167,717
14.90000,678
14.90833,643
14.91667,610
14.92500,580
14.93333,553
14.94167,527
14.95000,504
14.95833,483
14.96667,464
14.97500,446
14.98333,429
14.99167,414
15.00000,400
15.00833,388
15.01667,376
15.02500,367
15.03333,358
15.04167,350
15.05000,343
15.05833,336
15.06667,331
15.07500,327
15.08333,323
15.09167,320
15.10000,318
15.10833,316
15.11667,316
15.12500,315
15.13333,316
15.14167,317
15.15000,318
15.15833,319
15.16667,321
15.17500,323
15.18333,326
15.19167,328
15.20000,331
15.20833,334
15.21667,337
15.22500,339
15.23333,341
15.24167,344
15.25000,346
15.25833,348
15.26667,349
15.27500,350
15.28333,351
15.29167,351
15.30000,351
15.30833,350
15.31667,350
15.32500,349
15.33333,347
15.34167,345
15.35000,342
15.35833,340
15.36667,336
15.37500,332
15.38333,328
15.39167,324
15.40000,319
15.40833,314
15.41667,310
15.42500,304
15.43333,299
15.44167,294
15.45000,288
15.45833,283
15.46667,277
15.47500,271
15.48333,266
15.49167,261
15.50000,255
15.50833,250
15.51667,245
15.52500,240
15.53333,235
15.54167,230
15.55000,226
15.55833,221
15.56667,217
15.57500,213
15.58333,210
15.59167,206
15.60000,203
15.60833,199
15.61667,196
15.62500,193
15.63333,190
15.64167,188
15.65000,185
15.65833,183
15.66667,180
15.67500,178
15.68333,176
15.69167,175
15.70000,173
15.70833,171
15.71667,170
15.72500,168
15.73333,167
15.74167,166
15.75000,165
15.75833,164
15.76667,163
15.77500,162
15.78333,161
15.79167,160
15.80000,159
15.80833,158
15.81667,156
15.82500,155
15.83333,154
15.84167,153
15.85000,153
15.85833,152
15.86667,151
15.87500,150
15.88333,150
15.89167,149
15.90000,148
15.90833,147
15.91667,147
15.92500,146
15.93333,146
15.94167,145
15.95000,145
15.95833,144
15.96667,143
15.97500,142
15.98333,141
15.99167,141
16.00000,140
16.00833,139
16.01667,139
16.02500,138
16.03333,138
16.04167,138
16.05000,138
16.05833,137
16.06667,137
16.07500,137
16.08333,136
16.09167,135
16.10000,135
16.10833,134
16.11667,133
16.12500,133
16.13333,132
16.14167,132
16.15000,131
16.15833,131
16.16667,131
16.17500,130
16.18333,130
16.19167,130
16.20000,129
16.20833,129
16.21667,128
16.22500,128
16.23333,127
16.24167,127
16.25000,127
16.25833,126
16.26667,126
16.27500,126
16.28333,125
16.29167,125
16.30000,125
16.30833,124
16.31667,124
16.32500,124
16.33333,124
16.34167,123
16.35000,123
16.35833,122
16.36667,122
16.37500,122
16.38333,121
16.39167,121
16.40000,121
16.40833,121
16.41667,120
16.42500,120
16.43333,120
16.44167,120
16.45000,120
16.45833,120
16.46667,120
16.47500,120
16.48333,120
16.49167,119
16.50000,118
16.50833,118
16.51667,118
16.52500,118
16.53333,118
16.54167,117
16.55000,117
16.55833,117
16.56667,116
16.57500,116
16.58333,116
16.59167,115
16.60000,115
16.60833,115
16.61667,114
16.62500,114
16.63333,114
16.64167,113
16.65000,113
16.65833,112
16.66667,112
16.67500,111
16.68333,111
16.69167,111
16.70000,110
16.70833,109
16.71667,109
16.72500,108
16.73333,108
16.74167,108
16.75000,108
16.75833,108
16.76667,107
16.77500,107
16.78333,107
16.79167,106
16.80000,106
16.80833,105
16.81667,105
16.82500,104
16.83333,104
16.84167,104
16.85000,103
16.85833,103
16.86667,103
16.87500,103
16.88333,103
16.89167,102
16.90000,102
16.90833,102
16.91667,102
16.92500,102
16.93333,101
16.94167,101
16.95000,101
16.95833,100
16.96667,100
16.97500,99
16.98333,99
16.99167,99
17.00000,99
17.00833,99
17.01667,99
17.02500,98
17.03333,98
17.04167,97
17.05000,97
17.05833,97
17.06667,96
17.07500,96
17.08333,96
17.09167,95
17.10000,95
17.10833,95
17.11667,95
17.12500,95
17.13333,95
17.14167,95
17.15000,95
17.15833,94
17.16667,94
17.17500,94
17.18333,93
17.19167,93
17.20000,93
17.20833,92
17.21667,92
17.22500,92
17.23333,92
17.24167,92
17.25000,92
17.25833,92
17.26667,92
17.27500,92
17.28333,91
17.29167,91
17.30000,91
17.30833,90
17.31667,90
17.32500,90
17.33333,90
17.34167,90
17.35000,90
17.35833,89
17.36667,89
17.37500,89
17.38333,89
17.39167,89
17.40000,88
17.40833,88
17.41667,88
17.42500,88
17.43333,87
17.44167,87
17.45000,87
17.45833,87
17.46667,87
17.47500,87
17.48333,87
17.49167,87
17.50000,87
17.50833,87
17.51667,86
17.52500,86
17.53333,86
17.54167,86
17.55000,86
17.55833,86
17.56667,86
17.57500,86
17.58333,85
17.59167,85
17.60000,85
17.60833,85
17.61667,85
17.62500,85
17.63333,85
17.64167,85
17.65000,84
17.65833,84
17.66667,84
17.67500,84
17.68333,84
17.69167,84
17.70000,84
17.70833,84
17.71667,84
17.72500,84
17.73333,85
17.74167,85
17.75000,85
17.75833,85
17.76667,84
17.77500,84
17.78333,84
17.79167,84
17.80000,84
17.80833,84
17.81667,84
17.82500,84
17.83333,84
17.84167,85
17.85000,85
17.85833,85
17.86667,85
17.87500,86
17.88333,86
17.89167,86
17.90000,86
17.90833,86
17.91667,86
17.92500,86
17.93333,86
17.94167,86
17.95000,85
17.95833,86
17.96667,86
17.97500,86
17.98333,86
17.99167,86
18.00000,87
18.00833,87
18.01667,87
18.02500,87
18.03333,86
18.04167,86
18.05000,86
18.05833,86
18.06667,86
18.07500,86
18.08333,86
18.09167,86
18.10000,86
18.10833,86
18.11667,85
18.12500,85
18.13333,85
18.14167,84
18.15000,84
18.15833,84
18.16667,84
18.17500,84
18.18333,84
18.19167,83
18.20000,83
18.20833,83
18.21667,82
18.22500,82
18.23333,82
18.24167,81
18.25000,81
18.25833,81
18.26667,80
18.27500,80
18.28333,80
18.29167,80
18.30000,80
18.30833,80
18.31667,80
18.32500,80
18.33333,80
18.34167,80
18.35000,79
18.35833,79
18.36667,79
18.37500,78
18.38333,78
18.39167,78
18.40000,78
18.40833,78
18.41667,79
18.42500,79
18.43333,79
18.44167,79
18.45000,79
18.45833,79
18.46667,78
18.47500,78
18.48333,79
18.49167,79
18.50000,79
18.50833,79
18.51667,79
18.52500,80
18.53333,80
18.54167,80
18.55000,79
18.55833,79
18.56667,80
18.57500,80
18.58333,80
18.59167,80
18.60000,80
18.60833,81
18.61667,81
18.62500,81
18.63333,81
18.64167,81
18.65000,81
18.65833,82
18.66667,82
18.67500,82
18.68333,82
18.69167,82
18.70000,82
18.70833,82
18.71667,83
18.72500,83
18.73333,83
18.74167,83
18.75000,83
18.75833,83
18.76667,82
18.77500,82
18.78333,82
18.79167,81
18.80000,81
18.80833,81
18.81667,81
18.82500,82
18.83333,82
18.84167,83
18.85000,83
18.85833,84
18.86667,85
18.87500,86
18.88333,86
18.89167,87
18.90000,88
18.90833,89
18.91667,90
18.92500,91
18.93333,92
18.94167,94
18.95000,96
18.95833,97
18.96667,99
18.97500,102
18.98333,104
18.99167,106
19.00000,108
19.00833,111
19.01667,114
19.02500,117
19.03333,120
19.04167,123
19.05000,127
19.05833,130
19.06667,134
19.07500,137
19.08333,141
19.09167,145
19.10000,148
19.10833,151
19.11667,155
19.12500,158
19.13333,161
19.14167,164
19.15000,167
19.15833,170
19.16667,173
19.17500,175
19.18333,177
19.19167,179
19.20000,181
19.20833,182
19.21667,183
19.22500,184
19.23333,185
19.24167,185
19.25000,184
19.25833,184
19.26667,183
19.27500,182
19.28333,181
19.29167,179
19.30000,178
19.30833,176
19.31667,174
19.32500,172
19.33333,169
19.34167,166
19.35000,163
19.35833,160
19.36667,157
19.37500,154
19.38333,151
19.39167,148
19.40000,145
19.40833,142
19.41667,139
19.42500,135
19.43333,132
19.44167,129
19.45000,126
19.45833,123
19.46667,121
19.47500,118
19.48333,115
19.49167,113
19.50000,110
19.50833,108
19.51667,106
19.52500,103
19.53333,101
19.54167,100
19.55000,98
19.55833,96
19.56667,94
19.57500,92
19.58333,91
19.59167,90
19.60000,89
19.60833,87
19.61667,86
19.62500,85
19.63333,84
19.64167,83
19.65000,82
19.65833,82
19.66667,81
19.67500,80
19.68333,80
19.69167,79
19.70000,78
19.70833,77
19.71667,76
19.72500,76
19.73333,75
19.74167,75
19.75000,74
19.75833,74
19.76667,73
19.77500,73
19.78333,72
19.79167,73
19.80000,73
19.80833,73
19.81667,73
19.82500,72
19.83333,72
19.84167,72
19.85000,72
19.85833,71
19.86667,71
19.87500,71
19.88333,70
19.89167,70
19.90000,70
19.90833,70
19.91667,70
19.92500,70
19.93333,70
19.94167,70
19.95000,70
19.95833,70
19.96667,70
19.97500,70
19.98333,70
19.99167,69
20.00000,69
20.00833,69
20.01667,69
20.02500,69
20.03333,69
20.04167,70
20.05000,70
20.05833,70
20.06667,70
20.07500,70
20.08333,70
20.09167,69
20.10000,69
20.10833,69
20.11667,69
20.12500,69
20.13333,69
20.14167,69
20.15000,69
20.15833,69
20.16667,69
20.17500,69
20.18333,69
20.19167,69
20.20000,69
20.20833,69
20.21667,69
20.22500,69
20.23333,69
20.24167,69
20.25000,69
20.25833,69
20.26667,69
20.27500,69
20.28333,70
20.29167,70
20.30000,69
20.30833,69
20.31667,69
20.32500,69
20.33333,69
20.34167,69
20.35000,69
20.35833,69
20.36667,69
20.37500,69
20.38333,69
20.39167,69
20.40000,69
20.40833,69
20.41667,69
20.42500,69
20.43333,69
20.44167,69
20.45000,69
20.45833,69
20.46667,69
20.47500,69
20.48333,68
20.49167,68
20.50000,68
20.50833,68
20.51667,68
20.52500,68
20.53333,69
20.54167,69
20.55000,69
20.55833,69
20.56667,69
20.57500,70
20.58333,70
20.59167,69
20.60000,69
20.60833,69
20.61667,68
20.62500,68
20.63333,68
20.64167,69
20.65000,69
20.65833,69
20.66667,70
20.67500,70
20.68333,71
20.69167,70
20.70000,70
20.70833,70
20.71667,70
20.72500,70
20.73333,70
20.74167,70
20.75000,71
20.75833,71
20.76667,71
20.77500,72
20.78333,72
20.79167,72
20.80000,72
20.80833,72
20.81667,72
20.82500,73
20.83333,73
20.84167,73
20.85000,73
20.85833,73
20.86667,74
20.87500,74
20.88333,74
20.89167,74
20.90000,74
20.90833,74
20.91667,75
20.92500,75
20.93333,75
20.94167,76
20.95000,76
20.95833,77
20.96667,78
20.97500,78
20.98333,79
20.99167,80
21.00000,81
21.00833,81
21.01667,82
21.02500,82
21.03333,82
21.04167,83
21.05000,84
21.05833,85
21.06667,85
21.07500,86
21.08333,87
21.09167,88
21.10000,89
21.10833,91
21.11667,92
21.12500,93
21.13333,94
21.14167,96
21.15000,97
21.15833,98
21.16667,99
21.17500,100
21.18333,101
21.19167,102
21.20000,103
21.20833,104
21.21667,105
21.22500,105
21.23333,106
21.24167,107
21.25000,108
21.25833,108
21.26667,109
21.27500,110
21.28333,110
21.29167,110
21.30000,110
21.30833,111
21.31667,111
21.32500,111
21.33333,111
21.34167,111
21.35000,111
21.35833,110
21.36667,110
21.37500,110
21.38333,109
21.39167,109
21.40000,108
21.40833,107
21.41667,106
21.42500,105
21.43333,104
21.44167,104
21.45000,103
21.45833,102
21.46667,101
21.47500,100
21.48333,99
21.49167,98
21.50000,97
21.50833,95
21.51667,94
21.52500,93
21.53333,92
21.54167,91
21.55000,90
21.55833,89
21.56667,88
21.57500,87
21.58333,86
21.59167,85
21.60000,84
21.60833,83
21.61667,83
21.62500,82
21.63333,82
21.64167,81
21.65000,80
21.65833,80
21.66667,79
21.67500,78
21.68333,78
21.69167,78
21.70000,77
21.70833,77
21.71667,76
21.72500,76
21.73333,75
21.74167,75
21.75000,75
21.75833,75
21.76667,74
21.77500,74
21.78333,73
21.79167,73
21.80000,73
21.80833,72
21.81667,72
21.82500,72
21.83333,71
21.84167,71
21.85000,71
21.85833,71
21.86667,71
21.87500,71
21.88333,71
21.89167,71
21.90000,71
21.90833,71
21.91667,71
21.92500,71
21.93333,71
21.94167,71
21.95000,71
21.95833,71
21.96667,70
21.97500,70
21.98333,70
21.99167,70
22.00000,70
22.00833,70
22.01667,70
22.02500,70
22.03333,70
22.04167,70
22.05000,71
22.05833,71
22.06667,71
22.07500,70
22.08333,70
22.09167,70
22.10000,69
22.10833,69
22.11667,69
22.12500,69
22.13333,70
22.14167,70
22.15000,70
22.15833,70
22.16667,70
22.17500,70
22.18333,70
22.19167,70
22.20000,70
22.20833,70
22.21667,69
22.22500,69
22.23333,69
22.24167,70
22.25000,70
22.25833,70
22.26667,70
22.27500,70
22.28333,70
22.29167,71
22.30000,71
22.30833,71
22.31667,71
22.32500,71
22.33333,71
22.34167,71
22.35000,71
22.35833,71
22.36667,71
22.37500,71
22.38333,71
22.39167,71
22.40000,71
22.40833,71
22.41667,71
22.42500,71
22.43333,71
22.44167,71
22.45000,71
22.45833,71
22.46667,72
22.47500,72
22.48333,72
22.49167,72
22.50000,71
22.50833,71
22.51667,71
22.52500,71
22.53333,72
22.54167,72
22.55000,72
22.55833,72
22.56667,73
22.57500,73
22.58333,73
22.59167,73
22.60000,73
22.60833,73
22.61667,73
22.62500,73
22.63333,73
22.64167,74
22.65000,74
22.65833,74
22.66667,74
22.67500,75
22.68333,75
22.69167,75
22.70000,75
22.70833,75
22.71667,75
22.72500,76
22.73333,76
22.74167,77
22.75000,77
22.75833,78
22.76667,78
22.77500,78
22.78333,78
22.79167,79
22.80000,79
22.80833,80
22.81667,81
22.82500,82
22.83333,83
22.84167,83
22.85000,84
22.85833,85
22.86667,86
22.87500,87
22.88333,87
22.89167,88
22.90000,89
22.90833,89
22.91667,90
22.92500,91
22.93333,92
22.94167,93
22.95000,93
22.95833,94
22.96667,94
22.97500,94
22.98333,95
22.99167,95
23.00000,96
23.00833,96
23.01667,97
23.02500,97
23.03333,98
23.04167,98
23.05000,99
23.05833,99
23.06667,99
23.07500,99
23.08333,99
23.09167,99
23.10000,99
23.10833,99
23.11667,99
23.12500,98
23.13333,98
23.14167,98
23.15000,98
23.15833,97
23.16667,97
23.17500,96
23.18333,95
23.19167,95
23.20000,95
23.20833,94
23.21667,94
23.22500,94
23.23333,93
23.24167,93
23.25000,92
23.25833,91
23.26667,90
23.27500,89
23.28333,88
23.29167,88
23.30000,87
23.30833,87
23.31667,86
23.32500,85
23.33333,85
23.34167,84
23.35000,84
23.35833,83
23.36667,83
23.37500,83
23.38333,82
23.39167,82
23.40000,82
23.40833,82
23.41667,81
23.42500,81
23.43333,80
23.44167,80
23.45000,79
23.45833,78
23.46667,78
23.47500,77
23.48333,77
23.49167,76
23.50000,76
23.50833,76
23.51667,76
23.52500,76
23.53333,76
23.54167,76
23.55000,76
23.55833,76
23.56667,76
23.57500,76
23.58333,76
23.59167,76
23.60000,75
23.60833,75
23.61667,75
23.62500,75
23.63333,75
23.64167,75
23.65000,75
23.65833,75
23.66667,74
23.67500,74
23.68333,75
23.69167,75
23.70000,75
23.70833,75
23.71667,76
23.72500,76
23.73333,76
23.74167,76
23.75000,75
23.75833,75
23.76667,75
23.77500,76
23.78333,76
23.79167,76
23.80000,76
23.80833,76
23.81667,76
23.82500,76
23.83333,76
23.84167,76
23.85000,76
23.85833,76
23.86667,77
23.87500,77
23.88333,78
23.89167,78
23.90000,79
23.90833,80
23.91667,80
23.92500,81
23.93333,81
23.94167,82
23.95000,82
23.95833,82
23.96667,82
23.97500,82
23.98333,82
23.99167,82
24.00000,82
24.00833,82
24.01667,82
24.02500,82
24.03333,82
24.04167,82
24.05000,82
24.05833,82
24.06667,82
24.07500,82
24.08333,82
24.09167,82
24.10000,82
24.10833,82
24.11667,82
24.12500,82
24.13333,82
24.14167,83
24.15000,82
24.15833,82
24.16667,82
24.17500,82
24.18333,82
24.19167,81
24.20000,81
24.20833,81
24.21667,82
24.22500,82
24.23333,82
24.24167,82
24.25000,82
24.25833,82
24.26667,82
24.27500,82
24.28333,82
24.29167,82
24.30000,82
24.30833,82
24.31667,82
24.32500,82
24.33333,82
24.34167,82
24.35000,83
24.35833,83
24.36667,84
24.37500,85
24.38333,86
24.39167,87
24.40000,88
24.40833,89
24.41667,90
24.42500,92
24.43333,94
24.44167,96
24.45000,98
24.45833,101
24.46667,104
24.47500,108
24.48333,112
24.49167,117
24.50000,122
24.50833,128
24.51667,134
24.52500,142
24.53333,150
24.54167,159
24.55000,170
24.55833,182
24.56667,195
24.57500,210
24.58333,227
24.59167,246
24.60000,267
24.60833,290
24.61667,316
24.62500,345
24.63333,377
24.64167,413
24.65000,452
24.65833,496
24.66667,544
24.67500,597
24.68333,655
24.69167,718
24.70000,786
24.70833,861
24.71667,942
24.72500,1031
24.73333,1127
24.74167,1230
24.75000,1342
24.75833,1461
24.76667,1590
24.77500,1727
24.78333,1874
24.79167,2030
24.80000,2195
24.80833,2370
24.81667,2554
24.82500,2747
24.83333,2951
24.84167,3163
24.85000,3385
24.85833,3616
24.86667,3855
24.87500,4101
24.88333,4355
24.89167,4615
24.90000,4882
24.90833,5153
24.91667,5430
24.92500,5709
24.93333,5991
24.94167,6273
24.95000,6556
24.95833,6837
24.96667,7117
24.97500,7393
24.98333,7664
24.99167,7929
25.00000,8187
25.00833,8436
25.01667,8675
25.02500,8903
25.03333,9119
25.04167,9322
25.05000,9510
25.05833,9684
25.06667,9841
25.07500,9982
25.08333,10105
25.09167,10210
25.10000,10297
25.10833,10365
25.11667,10414
25.12500,10444
25.13333,10454
25.14167,10444
25.15000,10416
25.15833,10369
25.16667,10303
25.17500,10220
25.18333,10120
25.19167,10004
25.20000,9871
25.20833,9724
25.21667,9562
25.22500,9388
25.23333,9201
25.24167,9003
25.25000,8795
25.25833,8579
25.26667,8354
25.27500,8122
25.28333,7883
25.29167,7641
25.30000,7394
25.30833,7145
25.31667,6893
25.32500,6641
25.33333,6389
25.34167,6137
25.35000,5887
25.35833,5639
25.36667,5395
25.37500,5154
25.38333,4918
25.39167,4686
25.40000,4460
25.40833,4239
25.41667,4024
25.42500,3815
25.43333,3614
25.44167,3419
25.45000,3231
25.45833,3050
25.46667,2876
25.47500,2710
25.48333,2551
25.49167,2400
25.50000,2256
25.50833,2119
25.51667,1988
25.52500,1864
25.53333,1747
25.54167,1636
25.55000,1532
25.55833,1434
25.56667,1342
25.57500,1255
25.58333,1174
25.59167,1098
25.60000,1026
25.60833,960
25.61667,898
25.62500,840
25.63333,787
25.64167,737
25.65000,691
25.65833,647
25.66667,607
25.67500,570
25.68333,536
25.69167,504
25.70000,475
25.70833,448
25.71667,423
25.72500,400
25.73333,379
25.74167,360
25.75000,342
25.75833,325
25.76667,310
25.77500,296
25.78333,283
25.79167,271
25.80000,260
25.80833,250
25.81667,241
25.82500,233
25.83333,225
25.84167,218
25.85000,211
25.85833,205
25.86667,200
25.87500,195
25.88333,190
25.89167,186
25.90000,182
25.90833,178
25.91667,174
25.92500,171
25.93333,169
25.94167,166
25.95000,163
25.95833,160
25.96667,158
25.97500,155
25.98333,153
25.99167,152
26.00000,150
26.00833,148
26.01667,147
26.02500,145
26.03333,144
26.04167,143
26.05000,141
26.05833,140
26.06667,139
26.07500,139
26.08333,138
26.09167,137
26.10000,136
26.10833,135
26.11667,134
26.12500,133
26.13333,133
26.14167,132
26.15000,132
26.15833,132
26.16667,132
26.17500,131
26.18333,131
26.19167,130
26.20000,129
26.20833,129
26.21667,128
26.22500,127
26.23333,127
26.24167,126
26.25000,126
26.25833,126
26.26667,125
26.27500,125
26.28333,124
26.29167,124
26.30000,124
26.30833,124
26.31667,123
26.32500,123
26.33333,122
26.34167,122
26.35000,122
26.35833,121
26.36667,121
26.37500,121
26.38333,120
26.39167,120
26.40000,119
26.40833,119
26.41667,119
26.42500,118
26.43333,118
26.44167,118
26.45000,118
26.45833,118
26.46667,118
26.47500,117
26.48333,117
26.49167,117
26.50000,117
26.50833,116
26.51667,116
26.52500,116
26.53333,116
26.54167,115
26.55000,115
26.55833,115
26.56667,114
26.57500,114
26.58333,113
26.59167,113
26.60000,113
26.60833,113
26.61667,113
26.62500,113
26.63333,112
26.64167,112
26.65000,112
26.65833,112
26.66667,112
26.67500,112
26.68333,111
26.69167,111
26.70000,111
26.70833,111
26.71667,111
26.72500,110
26.73333,110
26.74167,110
26.75000,110
26.75833,109
26.76667,109
26.77500,109
26.78333,109
26.79167,108
26.80000,108
26.80833,108
26.81667,108
26.82500,108
26.83333,108
26.84167,108
26.85000,108
26.85833,107
26.86667,107
26.87500,107
26.88333,106
26.89167,106
26.90000,106
26.90833,106
26.91667,106
26.92500,107
26.93333,106
26.94167,106
26.95000,106
26.95833,106
26.96667,106
26.97500,106
26.98333,106
26.99167,106
27.00000,106
27.00833,106
27.01667,106
27.02500,106
27.03333,106
27.04167,105
27.05000,105
27.05833,105
27.06667,105
27.07500,104
27.08333,104
27.09167,104
27.10000,104
27.10833,104
27.11667,104
27.12500,104
27.13333,103
27.14167,103
27.15000,103
27.15833,103
27.16667,103
27.17500,104
27.18333,104
27.19167,104
27.20000,104
27.20833,104
27.21667,104
27.22500,104
27.23333,104
27.24167,104
27.25000,104
27.25833,104
27.26667,103
27.27500,103
27.28333,103
27.29167,103
27.30000,102
27.30833,102
27.31667,102
27.32500,102
27.33333,102
27.34167,101
27.35000,101
27.35833,101
27.36667,101
27.37500,101
27.38333,101
27.39167,101
27.40000,101
27.40833,101
27.41667,101
27.42500,101
27.43333,100
27.44167,100
27.45000,100
27.45833,100
27.46667,100
27.47500,100
27.48333,100
27.49167,100
27.50000,100
27.50833,100
27.51667,99
27.52500,99
27.53333,98
27.54167,98
27.55000,98
27.55833,98
27.56667,97
27.57500,97
27.58333,96
27.59167,96
27.60000,96
27.60833,96
27.61667,95
27.62500,95
27.63333,94
27.64167,93
27.65000,93
27.65833,92
27.66667,92
27.67500,91
27.68333,90
27.69167,89
27.70000,89
27.70833,88
27.71667,87
27.72500,87
27.73333,85
27.74167,84
27.75000,83
27.75833,81
27.76667,80
27.77500,78
27.78333,76
27.79167,75
27.80000,73
27.80833,72
27.81667,70
27.82500,68
27.83333,66
27.84167,64
27.85000,61
27.85833,59
27.86667,56
27.87500,53
27.88333,51
27.89167,48
27.90000,45
27.90833,43
27.91667,39
27.92500,36
27.93333,34
27.94167,31
27.95000,28
27.95833,24
27.96667,21
27.97500,17
27.98333,14
27.99167,11
28.00000,7
28.00833,4
28.01667,1
28.02500,-3
28.03333,-6
28.04167,-9
28.05000,-12
28.05833,-15
28.06667,-18
28.07500,-21
28.08333,-25
28.09167,-28
28.10000,-31
28.10833,-34
28.11667,-36
28.12500,-39
28.13333,-41
28.14167,-44
28.15000,-46
28.15833,-48
28.16667,-50
28.17500,-52
28.18333,-53
28.19167,-55
28.20000,-56
28.20833,-57
28.21667,-58
28.22500,-59
28.23333,-59
28.24167,-60
28.25000,-60
28.25833,-60
28.26667,-60
28.27500,-60
28.28333,-59
28.29167,-59
28.30000,-58
28.30833,-57
28.31667,-55
28.32500,-54
28.33333,-52
28.34167,-50
28.35000,-49
28.35833,-47
28.36667,-45
28.37500,-43
28.38333,-41
28.39167,-38
28.40000,-36
28.40833,-34
28.41667,-32
28.42500,-29
28.43333,-27
28.44167,-24
28.45000,-21
28.45833,-18
28.46667,-15
28.47500,-12
28.48333,-10
28.49167,-7
28.50000,-4
28.50833,-1
28.51667,2
28.52500,5
28.53333,8
28.54167,11
28.55000,13
28.55833,15
28.56667,18
28.57500,20
28.58333,22
28.59167,24
28.60000,27
28.60833,29
28.61667,31
28.62500,33
28.63333,36
28.64167,38
28.65000,40
28.65833,42
28.66667,44
28.67500,46
28.68333,48
28.69167,50
28.70000,51
28.70833,53
28.71667,55
28.72500,56
28.73333,58
28.74167,59
28.75000,61
28.75833,62
28.76667,63
28.77500,64
28.78333,65
28.79167,66
28.80000,67
28.80833,68
28.81667,69
28.82500,70
28.83333,71
28.84167,72
28.85000,73
28.85833,73
28.86667,74
28.87500,74
28.88333,75
28.89167,76
28.90000,77
28.90833,77
28.91667,78
28.92500,78
28.93333,79
28.94167,79
28.95000,80
28.95833,81
28.96667,81
28.97500,82
28.98333,82
28.99167,82
29.00000,82
29.00833,83
29.01667,83
29.02500,83
29.03333,84
29.04167,84
29.05000,84
29.05833,84
29.06667,84
29.07500,85
29.08333,85
29.09167,85
29.10000,86
29.10833,86
29.11667,86
29.12500,85
29.13333,85
29.14167,85
29.15000,86
29.15833,86
29.16667,86
29.17500,87
29.18333,87
29.19167,87
29.20000,87
29.20833,87
29.21667,87
29.22500,87
29.23333,87
29.24167,87
29.25000,87
29.25833,87
29.26667,88
29.27500,88
29.28333,88
29.29167,88
29.30000,88
29.30833,88
29.31667,88
29.32500,87
29.33333,87
29.34167,87
29.35000,86
29.35833,86
29.36667,86
29.37500,86
29.38333,86
29.39167,85
29.40000,85
29.40833,84
29.41667,84
29.42500,84
29.43333,83
29.44167,83
29.45000,83
29.45833,82
29.46667,82
29.47500,81
29.48333,81
29.49167,81
29.50000,80
29.50833,80
29.51667,79
29.52500,78
29.53333,77
29.54167,76
29.55000,75
29.55833,74
29.56667,73
29.57500,72
29.58333,71
29.59167,70
29.60000,69
29.60833,68
29.61667,67
29.62500,65
29.63333,64
29.64167,63
29.65000,62
29.65833,61
29.66667,60
29.67500,58
29.68333,57
29.69167,55
29.70000,54
29.70833,53
29.71667,52
29.72500,51
29.73333,50
29.74167,49
29.75000,48
29.75833,46
29.76667,45
29.77500,44
29.78333,43
29.79167,42
29.80000,40
29.80833,39
29.81667,38
29.82500,37
29.83333,36
29.84167,35
29.85000,34
29.85833,34
29.86667,33
29.87500,32
29.88333,32
29.89167,31
29.90000,30
29.90833,29
29.91667,29
29.92500,28
29.93333,28
29.94167,28
29.95000,27
29.95833,27
29.96667,27
29.97500,27
29.98333,27
29.99167,27
30.00000,27
30.00833,27
30.01667,28
30.02500,28
30.03333,28
30.04167,28
30.05000,29
30.05833,29
30.06667,29
30.07500,30
30.08333,31
30.09167,31
30.10000,32
30.10833,32
30.11667,33
30.12500,34
30.13333,35
30.14167,36
30.15000,37
30.15833,37
30.16667,38
30.17500,39
30.18333,40
30.19167,41
30.20000,42
30.20833,44
30.21667,45
30.22500,46
30.23333,47
30.24167,48
30.25000,49
30.25833,50
30.26667,51
30.27500,52
30.28333,52
30.29167,53
30.30000,54
30.30833,55
30.31667,56
30.32500,58
30.33333,58
30.34167,59
30.35000,60
30.35833,61
30.36667,62
30.37500,63
30.38333,64
30.39167,65
30.40000,65
30.40833,66
30.41667,66
30.42500,67
30.43333,67
30.44167,68
30.45000,68
30.45833,69
30.46667,70
30.47500,70
30.48333,71
30.49167,71
30.50000,71
30.50833,71
30.51667,72
30.52500,72
30.53333,72
30.54167,72
30.55000,72
30.55833,72
30.56667,72
30.57500,72
30.58333,72
30.59167,73
30.60000,73
30.60833,72
30.61667,72
30.62500,71
30.63333,71
30.64167,71
30.65000,71
30.65833,70
30.66667,70
30.67500,69
30.68333,69
30.69167,68
30.70000,68
30.70833,67
30.71667,67
30.72500,67
30.73333,67
30.74167,66
30.75000,66
30.75833,65
30.76667,65
30.77500,65
30.78333,65
30.79167,64
30.80000,64
30.80833,64
30.81667,64
30.82500,63
30.83333,63
30.84167,63
30.85000,62
30.85833,62
30.86667,62
30.87500,61
30.88333,61
30.89167,60
30.90000,60
30.90833,60
30.91667,60
30.92500,60
30.93333,60
30.94167,60
30.95000,60
30.95833,61
30.96667,61
30.97500,60
30.98333,60
30.99167,61
31.00000,60
31.00833,61
31.01667,61
31.02500,61
31.03333,62
31.04167,62
31.05000,63
31.05833,64
31.06667,64
31.07500,63
31.08333,64
31.09167,64
31.10000,64
31.10833,65
31.11667,65
31.12500,66
31.13333,67
31.14167,68
31.15000,68
31.15833,69
31.16667,69
31.17500,70
31.18333,71
31.19167,71
31.20000,72
31.20833,73
31.21667,74
31.22500,74
31.23333,75
31.24167,76
31.25000,76
31.25833,77
31.26667,77
31.27500,78
31.28333,78
31.29167,79
31.30000,80
31.30833,81
31.31667,81
31.32500,82
31.33333,82
31.34167,82
31.35000,83
31.35833,83
31.36667,84
31.37500,84
31.38333,84
31.39167,85
31.40000,85
31.40833,85
31.41667,86
31.42500,87
31.43333,88
31.44167,88
31.45000,88
31.45833,88
31.46667,89
31.47500,89
31.48333,89
31.49167,89
31.50000,89
31.50833,89
31.51667,89
31.52500,89
31.53333,90
31.54167,91
31.55000,91
31.55833,91
31.56667,91
31.57500,91
31.58333,91
31.59167,91
31.60000,91
31.60833,91
31.61667,91
31.62500,91
31.63333,90
31.64167,90
31.65000,90
31.65833,90
31.66667,90
31.67500,91
31.68333,91
31.69167,91
31.70000,90
31.70833,90
31.71667,90
31.72500,90
31.73333,91
31.74167,91
31.75000,91
31.75833,91
31.76667,91
31.77500,92
31.78333,91
31.79167,91
31.80000,91
31.80833,91
31.81667,91
31.82500,91
31.83333,91
31.84167,91
31.85000,91
31.85833,91
31.86667,91
31.87500,91
31.88333,90
31.89167,90
31.90000,91
31.90833,90
31.91667,90
31.92500,91
31.93333,91
31.94167,91
31.95000,91
31.95833,90
31.96667,90
31.97500,91
31.98333,91
31.99167,91
32.00000,91
32.00833,91
32.01667,91
32.02500,91
32.03333,91
32.04167,91
32.05000,91
32.05833,91
32.06667,91
32.07500,91
32.08333,91
32.09167,91
32.10000,91
32.10833,91
32.11667,92
32.12500,92
32.13333,92
32.14167,92
32.15000,92
32.15833,92
32.16667,92
32.17500,92
32.18333,92
32.19167,92
32.20000,92
32.20833,92
32.21667,92
32.22500,92
32.23333,92
32.24167,92
32.25000,92
32.25833,92
32.26667,92
32.27500,91
32.28333,91
32.29167,91
32.30000,92
32.30833,92
32.31667,92
32.32500,92
32.33333,92
32.34167,92
32.35000,92
32.35833,92
32.36667,92
32.37500,93
32.38333,93
32.39167,93
32.40000,93
32.40833,92
32.41667,92
32.42500,92
32.43333,92
32.44167,92
32.45000,91
32.45833,91
32.46667,92
32.47500,92
32.48333,92
32.49167,92
32.50000,92
32.50833,92
32.51667,92
32.52500,92
32.53333,92
32.54167,92
32.55000,92
32.55833,92
32.56667,92
32.57500,92
32.58333,92
32.59167,92
32.60000,93
32.60833,93
32.61667,93
32.62500,93
32.63333,93
32.64167,93
32.65000,92
32.65833,92
32.66667,92
32.67500,93
32.68333,93
32.69167,92
32.70000,92
32.70833,92
32.71667,93
32.72500,93
32.73333,93
32.74167,93
32.75000,93
32.75833,93
32.76667,93
32.77500,93
32.78333,93
32.79167,93
32.80000,93
32.80833,93
32.81667,94
32.82500,94
32.83333,94
32.84167,93
32.85000,93
32.85833,94
32.86667,94
32.87500,94
32.88333,94
32.89167,94
32.90000,94
32.90833,94
32.91667,94
32.92500,94
32.93333,93
32.94167,93
32.95000,93
32.95833,93
32.96667,93
32.97500,93
32.98333,93
32.99167,93
33.00000,93
33.00833,94
33.01667,94
33.02500,94
33.03333,94
33.04167,94
33.05000,94
33.05833,94
33.06667,94
33.07500,94
33.08333,94
33.09167,94
33.10000,94
33.10833,94
33.11667,93
33.12500,93
33.13333,93
33.14167,93
33.15000,93
33.15833,94
33.16667,94
33.17500,93
33.18333,93
33.19167,93
33.20000,93
33.20833,93
33.21667,93
33.22500,93
33.23333,93
33.24167,94
33.25000,94
33.25833,93
33.26667,93
33.27500,93
33.28333,93
33.29167,93
33.30000,93
33.30833,93
33.31667,94
33.32500,94
33.33333,94
33.34167,94
33.35000,94
33.35833,94
33.36667,94
33.37500,94
33.38333,94
33.39167,94
33.40000,94
33.40833,95
33.41667,95
33.42500,95
33.43333,95
33.44167,95
33.45000,95
33.45833,95
33.46667,95
33.47500,94
33.48333,94
33.49167,94
33.50000,94
33.50833,94
33.51667,94
33.52500,94
33.53333,94
33.54167,94
33.55000,94
33.55833,93
33.56667,93
33.57500,93
33.58333,93
33.59167,93
33.60000,93
33.60833,94
33.61667,94
33.62500,94
33.63333,94
33.64167,94
33.65000,94
33.65833,93
33.66667,93
33.67500,93
33.68333,93
33.69167,93
33.70000,93
33.70833,93
33.71667,93
33.72500,94
33.73333,94
33.74167,94
33.75000,94
33.75833,94
33.76667,94
33.77500,94
33.78333,94
33.79167,94
33.80000,94
33.80833,94
33.81667,94
33.82500,94
33.83333,94
33.84167,94
33.85000,94
33.85833,94
33.86667,94
33.87500,95
33.88333,95
33.89167,95
33.90000,95
33.90833,95
33.91667,95
33.92500,95
33.93333,95
33.94167,95
33.95000,95
33.95833,95
33.96667,95
33.97500,95
33.98333,95
33.99167,95
34.00000,95
34.00833,95
34.01667,95
34.02500,95
34.03333,95
34.04167,95
34.05000,95
34.05833,95
34.06667,95
34.07500,95
34.08333,96
34.09167,95
34.10000,96
34.10833,96
34.11667,95
34.12500,95
34.13333,95
34.14167,95
34.15000,95
34.15833,95
34.16667,95
34.17500,95
34.18333,95
34.19167,95
34.20000,96
34.20833,96
34.21667,96
34.22500,96
34.23333,96
34.24167,96
34.25000,95
34.25833,95
34.26667,96
34.27500,96
34.28333,96
34.29167,96
34.30000,97
34.30833,97
34.31667,97
34.32500,97
34.33333,96
34.34167,96
34.35000,96
34.35833,96
34.36667,96
34.37500,96
34.38333,96
34.39167,96
34.40000,96
34.40833,96
34.41667,96
34.42500,95
34.43333,95
34.44167,95
34.45000,96
34.45833,96
34.46667,96
34.47500,96
34.48333,96
34.49167,96
34.50000,95
34.50833,95
34.51667,95
34.52500,95
34.53333,95
34.54167,95
34.55000,95
34.55833,96
34.56667,96
34.57500,96
34.58333,96
34.59167,95
34.60000,96
34.60833,96
34.61667,96
34.62500,96
34.63333,96
34.64167,96
34.65000,96
34.65833,96
34.66667,95
34.67500,96
34.68333,96
34.69167,95
34.70000,95
34.70833,95
34.71667,95
34.72500,95
34.73333,95
34.74167,95
34.75000,96
34.75833,96
34.76667,96
34.77500,96
34.78333,96
34.79167,96
34.80000,96
34.80833,96
34.81667,96
34.82500,96
34.83333,96
34.84167,97
34.85000,97
34.85833,97
34.86667,97
34.87500,97
34.88333,97
34.89167,97
34.90000,97
34.90833,97
34.91667,97
34.92500,97
34.93333,97
34.94167,97
34.95000,97
34.95833,97
34.96667,97
34.97500,96
34.98333,96
34.99167,96
35.00000,96
35.00833,96
35.01667,96
35.02500,96
35.03333,96
35.04167,96
35.05000,97
35.05833,97
35.06667,97
35.07500,97
35.08333,97
35.09167,97
35.10000,97
35.10833,97
35.11667,97
35.12500,97
35.13333,97
35.14167,97
35.15000,97
35.15833,97
35.16667,97
35.17500,97
35.18333,97
35.19167,98
35.20000,98
35.20833,98
35.21667,98
35.22500,97
35.23333,97
35.24167,98
35.25000,98
35.25833,98
35.26667,98
35.27500,98
35.28333,98
35.29167,98
35.30000,98
35.30833,98
35.31667,98
35.32500,98
35.33333,98
35.34167,98
35.35000,98
35.35833,99
35.36667,99
35.37500,99
35.38333,99
35.39167,99
35.40000,98
35.40833,98
35.41667,98
35.42500,98
35.43333,98
35.44167,98
35.45000,98
35.45833,98
35.46667,98
35.47500,98
35.48333,98
35.49167,98
35.50000,98
35.50833,98
35.51667,99
35.52500,99
35.53333,99
35.54167,99
35.55000,99
35.55833,99
35.56667,99
35.57500,99
35.58333,99
35.59167,99
35.60000,98
35.60833,98
35.61667,98
35.62500,98
35.63333,98
35.64167,99
35.65000,99
35.65833,99
35.66667,99
35.67500,99
35.68333,99
35.69167,99
35.70000,99
35.70833,99
35.71667,98
35.72500,98
35.73333,98
35.74167,98
35.75000,98
35.75833,99
35.76667,99
35.77500,99
35.78333,99
35.79167,99
35.80000,99
35.80833,98
35.81667,98
35.82500,99
35.83333,99
35.84167,99
35.85000,99
35.85833,99
35.86667,99
35.87500,99
35.88333,99
35.89167,99
35.90000,99
35.90833,99
35.91667,99
35.92500,99
35.93333,99
35.94167,99
35.95000,99
35.95833,99
35.96667,99
35.97500,99
35.98333,99
35.99167,99
36.00000,99
36.00833,99
36.01667,100
36.02500,100
36.03333,100
36.04167,100
36.05000,100
36.05833,100
36.06667,100
36.07500,100
36.08333,100
36.09167,100
36.10000,100
36.10833,100
36.11667,100
36.12500,100
36.13333,101
36.14167,101
36.15000,101
36.15833,100
36.16667,100
36.17500,100
36.18333,100
36.19167,99
36.20000,100
36.20833,100
36.21667,100
36.22500,99
36.23333,100
36.24167,100
36.25000,101
36.25833,101
36.26667,101
36.27500,101
36.28333,101
36.29167,100
36.30000,100
36.30833,100
36.31667,100
36.32500,100
36.33333,101
36.34167,101
36.35000,101
36.35833,101
36.36667,101
36.37500,101
36.38333,101
36.39167,101
36.40000,101
36.40833,101
36.41667,101
36.42500,101
36.43333,101
36.44167,101
36.45000,101
36.45833,102
36.46667,102
36.47500,102
36.48333,101
36.49167,101
36.50000,101
36.50833,101
36.51667,102
36.52500,102
36.53333,102
36.54167,102
36.55000,101
36.55833,101
36.56667,101
36.57500,101
36.58333,101
36.59167,100
36.60000,100
36.60833,100
36.61667,100
36.62500,100
36.63333,100
36.64167,101
36.65000,101
36.65833,101
36.66667,100
36.67500,100
36.68333,100
36.69167,100
36.70000,100
36.70833,101
36.71667,101
36.72500,101
36.73333,102
36.74167,102
36.75000,102
36.75833,102
36.76667,102
36.77500,102
36.78333,102
36.79167,102
36.80000,102
36.80833,102
36.81667,102
36.82500,102
36.83333,102
36.84167,102
36.85000,102
36.85833,101
36.86667,101
36.87500,101
36.88333,101
36.89167,101
36.90000,101
36.90833,102
36.91667,102
36.92500,102
36.93333,102
36.94167,102
36.95000,101
36.95833,101
36.96667,101
36.97500,101
36.98333,102
36.99167,102
37.00000,102
37.00833,102
37.01667,102
37.02500,102
37.03333,102
37.04167,102
37.05000,102
37.05833,102
37.06667,102
37.07500,102
37.08333,102
37.09167,102
37.10000,102
37.10833,102
37.11667,102
37.12500,102
37.13333,102
37.14167,102
37.15000,102
37.15833,102
37.16667,101
37.17500,102
37.18333,102
37.19167,102
37.20000,102
37.20833,102
37.21667,103
37.22500,103
37.23333,103
37.24167,102
37.25000,103
37.25833,102
37.26667,102
37.27500,102
37.28333,103
37.29167,103
37.30000,103
37.30833,103
37.31667,103
37.32500,103
37.33333,103
37.34167,103
37.35000,103
37.35833,103
37.36667,103
37.37500,103
37.38333,103
37.39167,103
37.40000,103
37.40833,103
37.41667,103
37.42500,104
37.43333,104
37.44167,104
37.45000,104
37.45833,104
37.46667,104
37.47500,103
37.48333,103
37.49167,103
37.50000,103
37.50833,103
37.51667,103
37.52500,103
37.53333,103
37.54167,103
37.55000,103
37.55833,103
37.56667,103
37.57500,103
37.58333,103
37.59167,103
37.60000,103
37.60833,103
37.61667,103
37.62500,104
37.63333,104
37.64167,104
37.65000,104
37.65833,104
37.66667,104
37.67500,104
37.68333,104
37.69167,104
37.70000,104
37.70833,103
37.71667,103
37.72500,103
37.73333,103
37.74167,103
37.75000,104
37.75833,104
37.76667,105
37.77500,105
37.78333,105
37.79167,105
37.80000,105
37.80833,105
37.81667,104
37.82500,104
37.83333,104
37.84167,104
37.85000,104
37.85833,104
37.86667,104
37.87500,104
37.88333,104
37.89167,104
37.90000,104
37.90833,104
37.91667,105
37.92500,105
37.93333,105
37.94167,105
37.95000,105
37.95833,105
37.96667,105
37.97500,105
37.98333,105
37.99167,105
38.00000,105
38.00833,105
38.01667,104
38.02500,104
38.03333,105
38.04167,105
38.05000,105
38.05833,105
38.06667,105
38.07500,105
38.08333,104
38.09167,104
38.10000,104
38.10833,105
38.11667,105
38.12500,104
38.13333,104
38.14167,104
38.15000,104
38.15833,104
38.16667,105
38.17500,105
38.18333,105
38.19167,105
38.20000,106
38.20833,106
38.21667,105
38.22500,105
38.23333,105
38.24167,104
38.25000,104
38.25833,104
38.26667,104
38.27500,104
38.28333,104
38.29167,105
38.30000,105
38.30833,105
38.31667,105
38.32500,105
38.33333,105
38.34167,105
38.35000,105
38.35833,105
38.36667,105
38.37500,105
38.38333,105
38.39167,105
38.40000,105
38.40833,106
38.41667,105
38.42500,105
38.43333,105
38.44167,105
38.45000,105
38.45833,105
38.46667,105
38.47500,105
38.48333,104
38.49167,105
38.50000,104
38.50833,104
38.51667,104
38.52500,104
38.53333,105
38.54167,105
38.55000,105
38.55833,105
38.56667,105
38.57500,105
38.58333,105
38.59167,105
38.60000,105
38.60833,105
38.61667,105
38.62500,106
38.63333,106
38.64167,106
38.65000,106
38.65833,106
38.66667,106
38.67500,106
38.68333,106
38.69167,106
38.70000,106
38.70833,106
38.71667,106
38.72500,106
38.73333,106
38.74167,106
38.75000,106
38.75833,106
38.76667,106
38.77500,106
38.78333,106
38.79167,106
38.80000,106
38.80833,105
38.81667,105
38.82500,105
38.83333,105
38.84167,105
38.85000,105
38.85833,105
38.86667,106
38.87500,106
38.88333,106
38.89167,106
38.90000,106
38.90833,106
38.91667,106
38.92500,106
38.93333,106
38.94167,106
38.95000,106
38.95833,106
38.96667,106
38.97500,106
38.98333,106
38.99167,105
39.00000,105
39.00833,105
39.01667,105
39.02500,105
39.03333,105
39.04167,105
39.05000,105
39.05833,105
39.06667,105
39.07500,105
39.08333,104
39.09167,105
39.10000,105
39.10833,106
39.11667,106
39.12500,106
39.13333,106
39.14167,106
39.15000,106
39.15833,106
39.16667,106
39.17500,106
39.18333,106
39.19167,106
39.20000,105
39.20833,106
39.21667,106
39.22500,106
39.23333,106
39.24167,106
39.25000,106
39.25833,106
39.26667,106
39.27500,106
39.28333,106
39.29167,107
39.30000,107
39.30833,107
39.31667,107
39.32500,107
39.33333,106
39.34167,106
39.35000,106
39.35833,106
39.36667,106
39.37500,106
39.38333,107
39.39167,107
39.40000,107
39.40833,107
39.41667,107
39.42500,107
39.43333,107
39.44167,107
39.45000,108
39.45833,108
39.46667,108
39.47500,108
39.48333,107
39.49167,107
39.50000,107
39.50833,107
39.51667,107
39.52500,107
39.53333,107
39.54167,107
39.55000,107
39.55833,107
39.56667,107
39.57500,107
39.58333,107
39.59167,107
39.60000,107
39.60833,107
39.61667,107
39.62500,107
39.63333,108
39.64167,108
39.65000,108
39.65833,108
39.66667,108
39.67500,108
39.68333,108
39.69167,108
39.70000,108
39.70833,108
39.71667,108
39.72500,108
39.73333,108
39.74167,108
39.75000,108
39.75833,108
39.76667,108
39.77500,108
39.78333,108
39.79167,108
39.80000,108
39.80833,109
39.81667,108
39.82500,108
39.83333,108
39.84167,108
39.85000,108
39.85833,108
39.86667,108
39.87500,109
39.88333,109
39.89167,108
39.90000,109
39.90833,109
39.91667,109
39.92500,109
39.93333,109
39.94167,109
39.95000,109
39.95833,109
39.96667,109
39.97500,109
39.98333,109
39.99167,109
40.00000,109

