[Header]
Application Name,LabSolutions
Version,5.97 SP1
Data File Name,C:\Users\cremerlab\Desktop\griffin\2021-04-27_REL606_acetate_turnover_redux\2021-04-27_REL606_DM_acetate_turnover_4282021_003_007.lcd
Output Date,4/28/2021
Output Time,4:18:03 PM

[File Information]
Type,Data File
Generated,4/28/2021 3:37:43 PM
Generated by,System Administrator
Modified,4/28/2021 4:18:03 PM
Modified by,System Administrator

[Sample Information]
Operator Name,System Administrator
Acquired,4/28/2021 3:38:02 PM
Sample Type,0:Unknown
Level,0
Sample Name,2021-04-07_REL606_replicate_002_timepoint_003
Sample ID,003
ISTD Amount1,1
ISTD Amount2,1
ISTD Amount3,1
ISTD Amount4,1
ISTD Amount5,1
ISTD Amount6,1
ISTD Amount7,1
ISTD Amount8,1
ISTD Amount9,1
ISTD Amount10,1
ISTD Amount11,1
ISTD Amount12,1
ISTD Amount13,1
ISTD Amount14,1
ISTD Amount15,1
ISTD Amount16,1
ISTD Amount17,1
ISTD Amount18,1
ISTD Amount19,1
ISTD Amount20,1
ISTD Amount21,1
ISTD Amount22,1
ISTD Amount23,1
ISTD Amount24,1
ISTD Amount25,1
ISTD Amount26,1
ISTD Amount27,1
ISTD Amount28,1
ISTD Amount29,1
ISTD Amount30,1
ISTD Amount31,1
ISTD Amount32,1
Sample Amount,1
Dilution Factor,1
Vial#,12
Injection Volume,20

[Original Files]
Data File,C:\Users\cremerlab\Desktop\griffin\2021-04-27_REL606_acetate_turnover_redux\2021-04-27_REL606_DM_acetate_turnover_4282021_003_007.lcd
Method File,C:\Users\cremerlab\Desktop\griffin\2.5mM_H2SO4_mobile_phase.lcm
Batch File,C:\Users\cremerlab\Desktop\griffin\2021-04-27_REL606_acetate_turnover_redux\2021-04-27_REL606_DM_acetate_turnover.lcb
Report Format File,c:\LabSolutions\System\DEFAULT.lsr

[File Description]


[Configuration]
Instrument Name,HPLC-PC-Instrument1
Instrument #,1
Line #,1
# of Detectors,2
Detector ID,Detector A,Detector B
Detector Name,Detector A,Detector B
# of Channels,1,1

[Peak Table(Detector A)]
# of Peaks,0

[Peak Table(Detector B)]
# of Peaks,6
Peak#,R.Time,I.Time,F.Time,Area,Height,A/H,Conc.,Mark,ID#,Name,k',Plate #,Plate Ht.,Tailing,Resolution,Sep.Factor,Area Ratio,Height Ratio,Conc. %,Norm Conc.
1,10.925,10.458,11.575,227831,13522,16.848,0.000,   ,,,0.000,9516,15.762,1.033,0.000,0.000,0,0,0.000,0.000
2,13.949,12.608,14.267,1549455,41973,36.916,0.000,   ,,,0.277,3201,46.858,0.000,4.218,0.000,0,0,0.000,0.000
3,14.488,14.267,15.133,156284,7253,21.547,0.000, V ,,,0.326,9476,15.830,0.000,0.681,1.178,0,0,0.000,0.000
4,15.286,15.133,16.008,5140,211,24.372,0.000, V ,,,0.399,1666,90.044,0.000,0.763,1.224,0,0,0.000,0.000
5,19.239,18.900,19.750,2128,93,22.869,0.000,   ,,,0.761,15225,9.852,1.165,3.726,1.906,0,0,0.000,0.000
6,25.123,24.375,26.233,322151,10864,29.652,0.000,   ,,,1.300,16440,9.124,1.079,8.360,1.708,0,0,0.000,0.000

[LC Chromatogram(Detector B-Ch1)]
Interval(msec),500
# of Points,4801
Start Time(min),0.000
End Time(min),40.000
Intensity Units,mV
Intensity Multiplier,0.001
R.Time (min),Intensity
0.00000,-0
0.00833,-0
0.01667,0
0.02500,0
0.03333,1
0.04167,1
0.05000,1
0.05833,1
0.06667,2
0.07500,2
0.08333,2
0.09167,2
0.10000,2
0.10833,2
0.11667,2
0.12500,2
0.13333,2
0.14167,2
0.15000,2
0.15833,2
0.16667,2
0.17500,2
0.18333,2
0.19167,2
0.20000,3
0.20833,3
0.21667,3
0.22500,3
0.23333,3
0.24167,3
0.25000,4
0.25833,3
0.26667,3
0.27500,3
0.28333,3
0.29167,3
0.30000,3
0.30833,3
0.31667,3
0.32500,3
0.33333,3
0.34167,3
0.35000,3
0.35833,3
0.36667,3
0.37500,3
0.38333,4
0.39167,4
0.40000,4
0.40833,4
0.41667,4
0.42500,4
0.43333,5
0.44167,5
0.45000,5
0.45833,5
0.46667,5
0.47500,5
0.48333,5
0.49167,5
0.50000,5
0.50833,5
0.51667,5
0.52500,5
0.53333,6
0.54167,6
0.55000,6
0.55833,6
0.56667,7
0.57500,7
0.58333,7
0.59167,7
0.60000,6
0.60833,7
0.61667,6
0.62500,6
0.63333,7
0.64167,7
0.65000,7
0.65833,8
0.66667,8
0.67500,8
0.68333,8
0.69167,8
0.70000,8
0.70833,8
0.71667,8
0.72500,8
0.73333,8
0.74167,8
0.75000,8
0.75833,8
0.76667,8
0.77500,8
0.78333,8
0.79167,8
0.80000,8
0.80833,8
0.81667,8
0.82500,8
0.83333,8
0.84167,8
0.85000,9
0.85833,9
0.86667,9
0.87500,8
0.88333,8
0.89167,8
0.90000,8
0.90833,9
0.91667,9
0.92500,9
0.93333,9
0.94167,9
0.95000,8
0.95833,8
0.96667,8
0.97500,8
0.98333,8
0.99167,9
1.00000,9
1.00833,9
1.01667,9
1.02500,10
1.03333,10
1.04167,10
1.05000,10
1.05833,10
1.06667,10
1.07500,10
1.08333,10
1.09167,11
1.10000,11
1.10833,11
1.11667,11
1.12500,11
1.13333,11
1.14167,10
1.15000,10
1.15833,10
1.16667,11
1.17500,10
1.18333,10
1.19167,10
1.20000,10
1.20833,9
1.21667,9
1.22500,9
1.23333,9
1.24167,10
1.25000,10
1.25833,10
1.26667,10
1.27500,10
1.28333,10
1.29167,10
1.30000,10
1.30833,9
1.31667,9
1.32500,10
1.33333,10
1.34167,10
1.35000,10
1.35833,10
1.36667,10
1.37500,10
1.38333,10
1.39167,10
1.40000,9
1.40833,9
1.41667,9
1.42500,9
1.43333,9
1.44167,9
1.45000,9
1.45833,8
1.46667,8
1.47500,8
1.48333,8
1.49167,8
1.50000,8
1.50833,8
1.51667,8
1.52500,8
1.53333,8
1.54167,8
1.55000,8
1.55833,8
1.56667,8
1.57500,8
1.58333,9
1.59167,9
1.60000,9
1.60833,9
1.61667,9
1.62500,9
1.63333,9
1.64167,9
1.65000,8
1.65833,8
1.66667,8
1.67500,8
1.68333,8
1.69167,8
1.70000,8
1.70833,8
1.71667,8
1.72500,8
1.73333,8
1.74167,8
1.75000,8
1.75833,8
1.76667,8
1.77500,8
1.78333,7
1.79167,7
1.80000,7
1.80833,7
1.81667,8
1.82500,8
1.83333,8
1.84167,8
1.85000,9
1.85833,9
1.86667,8
1.87500,8
1.88333,8
1.89167,8
1.90000,8
1.90833,8
1.91667,8
1.92500,8
1.93333,8
1.94167,8
1.95000,8
1.95833,8
1.96667,8
1.97500,7
1.98333,7
1.99167,7
2.00000,8
2.00833,8
2.01667,8
2.02500,8
2.03333,9
2.04167,9
2.05000,9
2.05833,9
2.06667,10
2.07500,10
2.08333,9
2.09167,9
2.10000,9
2.10833,9
2.11667,8
2.12500,9
2.13333,9
2.14167,9
2.15000,9
2.15833,9
2.16667,9
2.17500,9
2.18333,9
2.19167,9
2.20000,9
2.20833,9
2.21667,9
2.22500,9
2.23333,9
2.24167,9
2.25000,9
2.25833,9
2.26667,9
2.27500,9
2.28333,9
2.29167,9
2.30000,9
2.30833,10
2.31667,10
2.32500,10
2.33333,10
2.34167,9
2.35000,9
2.35833,9
2.36667,9
2.37500,9
2.38333,9
2.39167,9
2.40000,10
2.40833,10
2.41667,10
2.42500,10
2.43333,10
2.44167,10
2.45000,10
2.45833,9
2.46667,9
2.47500,9
2.48333,10
2.49167,10
2.50000,10
2.50833,10
2.51667,10
2.52500,11
2.53333,10
2.54167,10
2.55000,11
2.55833,11
2.56667,11
2.57500,10
2.58333,10
2.59167,10
2.60000,10
2.60833,10
2.61667,10
2.62500,11
2.63333,11
2.64167,11
2.65000,11
2.65833,10
2.66667,10
2.67500,10
2.68333,10
2.69167,11
2.70000,11
2.70833,11
2.71667,11
2.72500,11
2.73333,11
2.74167,11
2.75000,11
2.75833,11
2.76667,11
2.77500,11
2.78333,11
2.79167,11
2.80000,11
2.80833,11
2.81667,11
2.82500,11
2.83333,11
2.84167,11
2.85000,11
2.85833,12
2.86667,12
2.87500,12
2.88333,12
2.89167,12
2.90000,12
2.90833,12
2.91667,12
2.92500,12
2.93333,12
2.94167,12
2.95000,12
2.95833,12
2.96667,12
2.97500,12
2.98333,12
2.99167,12
3.00000,12
3.00833,12
3.01667,12
3.02500,12
3.03333,12
3.04167,12
3.05000,12
3.05833,12
3.06667,13
3.07500,13
3.08333,13
3.09167,13
3.10000,13
3.10833,13
3.11667,14
3.12500,14
3.13333,14
3.14167,14
3.15000,13
3.15833,13
3.16667,13
3.17500,14
3.18333,14
3.19167,14
3.20000,14
3.20833,14
3.21667,14
3.22500,14
3.23333,14
3.24167,14
3.25000,14
3.25833,14
3.26667,14
3.27500,14
3.28333,13
3.29167,13
3.30000,13
3.30833,13
3.31667,13
3.32500,13
3.33333,13
3.34167,14
3.35000,14
3.35833,14
3.36667,14
3.37500,14
3.38333,14
3.39167,14
3.40000,14
3.40833,14
3.41667,14
3.42500,14
3.43333,14
3.44167,14
3.45000,14
3.45833,14
3.46667,14
3.47500,14
3.48333,14
3.49167,14
3.50000,14
3.50833,14
3.51667,15
3.52500,15
3.53333,15
3.54167,16
3.55000,16
3.55833,16
3.56667,16
3.57500,16
3.58333,16
3.59167,16
3.60000,16
3.60833,16
3.61667,15
3.62500,15
3.63333,15
3.64167,16
3.65000,15
3.65833,15
3.66667,15
3.67500,15
3.68333,15
3.69167,16
3.70000,16
3.70833,16
3.71667,16
3.72500,16
3.73333,16
3.74167,16
3.75000,16
3.75833,17
3.76667,17
3.77500,17
3.78333,17
3.79167,17
3.80000,17
3.80833,17
3.81667,17
3.82500,18
3.83333,18
3.84167,18
3.85000,18
3.85833,18
3.86667,18
3.87500,18
3.88333,18
3.89167,18
3.90000,18
3.90833,18
3.91667,18
3.92500,18
3.93333,18
3.94167,18
3.95000,18
3.95833,18
3.96667,18
3.97500,18
3.98333,18
3.99167,18
4.00000,18
4.00833,18
4.01667,18
4.02500,19
4.03333,18
4.04167,18
4.05000,19
4.05833,19
4.06667,19
4.07500,19
4.08333,19
4.09167,19
4.10000,19
4.10833,19
4.11667,19
4.12500,18
4.13333,18
4.14167,18
4.15000,18
4.15833,18
4.16667,18
4.17500,18
4.18333,18
4.19167,18
4.20000,18
4.20833,18
4.21667,18
4.22500,18
4.23333,18
4.24167,18
4.25000,18
4.25833,18
4.26667,18
4.27500,18
4.28333,17
4.29167,18
4.30000,18
4.30833,18
4.31667,18
4.32500,18
4.33333,18
4.34167,18
4.35000,18
4.35833,18
4.36667,17
4.37500,17
4.38333,17
4.39167,17
4.40000,17
4.40833,17
4.41667,17
4.42500,17
4.43333,17
4.44167,17
4.45000,17
4.45833,17
4.46667,17
4.47500,17
4.48333,17
4.49167,17
4.50000,17
4.50833,17
4.51667,17
4.52500,17
4.53333,16
4.54167,17
4.55000,17
4.55833,17
4.56667,17
4.57500,17
4.58333,17
4.59167,17
4.60000,17
4.60833,17
4.61667,17
4.62500,17
4.63333,16
4.64167,16
4.65000,16
4.65833,17
4.66667,17
4.67500,17
4.68333,17
4.69167,18
4.70000,18
4.70833,18
4.71667,18
4.72500,18
4.73333,18
4.74167,18
4.75000,18
4.75833,18
4.76667,17
4.77500,17
4.78333,17
4.79167,17
4.80000,17
4.80833,17
4.81667,17
4.82500,17
4.83333,18
4.84167,18
4.85000,19
4.85833,19
4.86667,19
4.87500,19
4.88333,19
4.89167,18
4.90000,18
4.90833,18
4.91667,18
4.92500,18
4.93333,18
4.94167,18
4.95000,18
4.95833,18
4.96667,18
4.97500,18
4.98333,18
4.99167,18
5.00000,18
5.00833,18
5.01667,18
5.02500,18
5.03333,18
5.04167,18
5.05000,18
5.05833,18
5.06667,18
5.07500,18
5.08333,18
5.09167,18
5.10000,18
5.10833,18
5.11667,18
5.12500,19
5.13333,18
5.14167,18
5.15000,17
5.15833,17
5.16667,18
5.17500,18
5.18333,18
5.19167,18
5.20000,18
5.20833,18
5.21667,18
5.22500,18
5.23333,18
5.24167,18
5.25000,18
5.25833,18
5.26667,18
5.27500,18
5.28333,19
5.29167,19
5.30000,19
5.30833,19
5.31667,19
5.32500,19
5.33333,19
5.34167,19
5.35000,19
5.35833,19
5.36667,19
5.37500,20
5.38333,20
5.39167,20
5.40000,20
5.40833,19
5.41667,19
5.42500,19
5.43333,19
5.44167,19
5.45000,19
5.45833,19
5.46667,19
5.47500,19
5.48333,19
5.49167,20
5.50000,20
5.50833,20
5.51667,19
5.52500,19
5.53333,19
5.54167,19
5.55000,19
5.55833,20
5.56667,20
5.57500,20
5.58333,20
5.59167,20
5.60000,20
5.60833,20
5.61667,20
5.62500,20
5.63333,20
5.64167,20
5.65000,20
5.65833,20
5.66667,20
5.67500,20
5.68333,20
5.69167,20
5.70000,19
5.70833,19
5.71667,20
5.72500,20
5.73333,20
5.74167,20
5.75000,20
5.75833,20
5.76667,20
5.77500,21
5.78333,21
5.79167,21
5.80000,21
5.80833,21
5.81667,21
5.82500,21
5.83333,21
5.84167,21
5.85000,21
5.85833,21
5.86667,21
5.87500,21
5.88333,22
5.89167,22
5.90000,22
5.90833,22
5.91667,21
5.92500,21
5.93333,21
5.94167,21
5.95000,21
5.95833,21
5.96667,21
5.97500,21
5.98333,21
5.99167,21
6.00000,21
6.00833,21
6.01667,21
6.02500,21
6.03333,21
6.04167,22
6.05000,22
6.05833,22
6.06667,22
6.07500,22
6.08333,23
6.09167,23
6.10000,23
6.10833,22
6.11667,22
6.12500,22
6.13333,22
6.14167,22
6.15000,22
6.15833,22
6.16667,22
6.17500,22
6.18333,22
6.19167,22
6.20000,22
6.20833,22
6.21667,22
6.22500,22
6.23333,22
6.24167,23
6.25000,23
6.25833,23
6.26667,23
6.27500,23
6.28333,23
6.29167,23
6.30000,23
6.30833,23
6.31667,24
6.32500,24
6.33333,24
6.34167,23
6.35000,23
6.35833,23
6.36667,23
6.37500,23
6.38333,23
6.39167,23
6.40000,23
6.40833,23
6.41667,24
6.42500,24
6.43333,24
6.44167,23
6.45000,23
6.45833,23
6.46667,23
6.47500,23
6.48333,23
6.49167,23
6.50000,23
6.50833,23
6.51667,23
6.52500,23
6.53333,23
6.54167,23
6.55000,23
6.55833,23
6.56667,23
6.57500,22
6.58333,23
6.59167,23
6.60000,23
6.60833,23
6.61667,23
6.62500,24
6.63333,24
6.64167,24
6.65000,24
6.65833,24
6.66667,24
6.67500,25
6.68333,25
6.69167,24
6.70000,24
6.70833,24
6.71667,24
6.72500,24
6.73333,24
6.74167,24
6.75000,25
6.75833,25
6.76667,25
6.77500,25
6.78333,25
6.79167,25
6.80000,25
6.80833,25
6.81667,25
6.82500,25
6.83333,25
6.84167,25
6.85000,25
6.85833,25
6.86667,24
6.87500,24
6.88333,25
6.89167,25
6.90000,25
6.90833,25
6.91667,25
6.92500,25
6.93333,26
6.94167,26
6.95000,25
6.95833,25
6.96667,25
6.97500,25
6.98333,25
6.99167,25
7.00000,25
7.00833,25
7.01667,25
7.02500,25
7.03333,25
7.04167,25
7.05000,25
7.05833,25
7.06667,25
7.07500,25
7.08333,26
7.09167,26
7.10000,26
7.10833,25
7.11667,25
7.12500,26
7.13333,26
7.14167,26
7.15000,26
7.15833,26
7.16667,26
7.17500,26
7.18333,26
7.19167,26
7.20000,26
7.20833,26
7.21667,25
7.22500,26
7.23333,26
7.24167,26
7.25000,26
7.25833,26
7.26667,26
7.27500,26
7.28333,26
7.29167,26
7.30000,26
7.30833,26
7.31667,26
7.32500,26
7.33333,25
7.34167,25
7.35000,25
7.35833,25
7.36667,25
7.37500,26
7.38333,26
7.39167,26
7.40000,26
7.40833,26
7.41667,26
7.42500,26
7.43333,26
7.44167,27
7.45000,27
7.45833,27
7.46667,27
7.47500,27
7.48333,27
7.49167,27
7.50000,27
7.50833,27
7.51667,27
7.52500,27
7.53333,27
7.54167,27
7.55000,27
7.55833,27
7.56667,27
7.57500,27
7.58333,27
7.59167,27
7.60000,27
7.60833,27
7.61667,27
7.62500,27
7.63333,27
7.64167,27
7.65000,27
7.65833,27
7.66667,28
7.67500,28
7.68333,27
7.69167,27
7.70000,27
7.70833,27
7.71667,27
7.72500,27
7.73333,27
7.74167,28
7.75000,28
7.75833,28
7.76667,28
7.77500,28
7.78333,28
7.79167,28
7.80000,28
7.80833,28
7.81667,28
7.82500,28
7.83333,28
7.84167,28
7.85000,28
7.85833,28
7.86667,28
7.87500,28
7.88333,28
7.89167,28
7.90000,28
7.90833,28
7.91667,28
7.92500,28
7.93333,28
7.94167,28
7.95000,28
7.95833,28
7.96667,28
7.97500,29
7.98333,29
7.99167,29
8.00000,29
8.00833,29
8.01667,29
8.02500,29
8.03333,28
8.04167,29
8.05000,29
8.05833,29
8.06667,29
8.07500,28
8.08333,28
8.09167,28
8.10000,28
8.10833,28
8.11667,28
8.12500,27
8.13333,27
8.14167,27
8.15000,27
8.15833,27
8.16667,28
8.17500,28
8.18333,28
8.19167,28
8.20000,29
8.20833,29
8.21667,29
8.22500,29
8.23333,29
8.24167,29
8.25000,29
8.25833,29
8.26667,30
8.27500,30
8.28333,30
8.29167,31
8.30000,31
8.30833,31
8.31667,30
8.32500,30
8.33333,30
8.34167,30
8.35000,29
8.35833,30
8.36667,30
8.37500,30
8.38333,30
8.39167,30
8.40000,29
8.40833,29
8.41667,29
8.42500,29
8.43333,29
8.44167,29
8.45000,29
8.45833,29
8.46667,29
8.47500,29
8.48333,29
8.49167,29
8.50000,29
8.50833,29
8.51667,29
8.52500,29
8.53333,30
8.54167,30
8.55000,30
8.55833,31
8.56667,31
8.57500,31
8.58333,31
8.59167,31
8.60000,31
8.60833,31
8.61667,32
8.62500,31
8.63333,31
8.64167,31
8.65000,31
8.65833,31
8.66667,31
8.67500,30
8.68333,30
8.69167,30
8.70000,30
8.70833,30
8.71667,30
8.72500,30
8.73333,31
8.74167,31
8.75000,31
8.75833,31
8.76667,32
8.77500,32
8.78333,31
8.79167,31
8.80000,31
8.80833,32
8.81667,32
8.82500,32
8.83333,32
8.84167,31
8.85000,31
8.85833,31
8.86667,31
8.87500,31
8.88333,31
8.89167,31
8.90000,32
8.90833,32
8.91667,32
8.92500,31
8.93333,31
8.94167,31
8.95000,31
8.95833,31
8.96667,32
8.97500,32
8.98333,32
8.99167,32
9.00000,32
9.00833,32
9.01667,32
9.02500,32
9.03333,32
9.04167,32
9.05000,32
9.05833,32
9.06667,32
9.07500,32
9.08333,32
9.09167,32
9.10000,32
9.10833,33
9.11667,33
9.12500,33
9.13333,33
9.14167,33
9.15000,33
9.15833,33
9.16667,33
9.17500,33
9.18333,33
9.19167,33
9.20000,34
9.20833,34
9.21667,34
9.22500,34
9.23333,33
9.24167,33
9.25000,33
9.25833,34
9.26667,34
9.27500,34
9.28333,34
9.29167,34
9.30000,34
9.30833,34
9.31667,34
9.32500,34
9.33333,34
9.34167,34
9.35000,34
9.35833,34
9.36667,34
9.37500,34
9.38333,34
9.39167,33
9.40000,33
9.40833,34
9.41667,34
9.42500,34
9.43333,34
9.44167,34
9.45000,34
9.45833,34
9.46667,34
9.47500,34
9.48333,34
9.49167,34
9.50000,35
9.50833,35
9.51667,35
9.52500,35
9.53333,35
9.54167,35
9.55000,35
9.55833,35
9.56667,35
9.57500,35
9.58333,35
9.59167,34
9.60000,34
9.60833,34
9.61667,34
9.62500,34
9.63333,34
9.64167,35
9.65000,35
9.65833,35
9.66667,35
9.67500,36
9.68333,36
9.69167,35
9.70000,35
9.70833,36
9.71667,36
9.72500,36
9.73333,36
9.74167,36
9.75000,36
9.75833,36
9.76667,37
9.77500,37
9.78333,37
9.79167,37
9.80000,37
9.80833,37
9.81667,37
9.82500,37
9.83333,38
9.84167,38
9.85000,38
9.85833,37
9.86667,37
9.87500,37
9.88333,37
9.89167,37
9.90000,37
9.90833,37
9.91667,37
9.92500,37
9.93333,38
9.94167,38
9.95000,38
9.95833,38
9.96667,39
9.97500,39
9.98333,39
9.99167,39
10.00000,39
10.00833,39
10.01667,40
10.02500,40
10.03333,40
10.04167,41
10.05000,41
10.05833,42
10.06667,42
10.07500,43
10.08333,43
10.09167,44
10.10000,44
10.10833,45
10.11667,46
10.12500,47
10.13333,48
10.14167,49
10.15000,49
10.15833,50
10.16667,51
10.17500,52
10.18333,53
10.19167,53
10.20000,54
10.20833,55
10.21667,55
10.22500,56
10.23333,57
10.24167,57
10.25000,57
10.25833,58
10.26667,58
10.27500,58
10.28333,58
10.29167,59
10.30000,59
10.30833,60
10.31667,60
10.32500,60
10.33333,60
10.34167,60
10.35000,60
10.35833,60
10.36667,59
10.37500,59
10.38333,59
10.39167,59
10.40000,59
10.40833,58
10.41667,58
10.42500,59
10.43333,59
10.44167,59
10.45000,60
10.45833,60
10.46667,60
10.47500,61
10.48333,61
10.49167,62
10.50000,64
10.50833,67
10.51667,70
10.52500,74
10.53333,80
10.54167,87
10.55000,97
10.55833,111
10.56667,127
10.57500,148
10.58333,175
10.59167,208
10.60000,249
10.60833,299
10.61667,359
10.62500,432
10.63333,518
10.64167,619
10.65000,738
10.65833,877
10.66667,1036
10.67500,1218
10.68333,1424
10.69167,1655
10.70000,1915
10.70833,2202
10.71667,2520
10.72500,2868
10.73333,3246
10.74167,3655
10.75000,4094
10.75833,4562
10.76667,5058
10.77500,5580
10.78333,6125
10.79167,6689
10.80000,7269
10.80833,7859
10.81667,8454
10.82500,9050
10.83333,9638
10.84167,10212
10.85000,10765
10.85833,11289
10.86667,11775
10.87500,12217
10.88333,12607
10.89167,12937
10.90000,13202
10.90833,13396
10.91667,13514
10.92500,13553
10.93333,13513
10.94167,13392
10.95000,13192
10.95833,12916
10.96667,12569
10.97500,12158
10.98333,11688
10.99167,11170
11.00000,10611
11.00833,10021
11.01667,9409
11.02500,8786
11.03333,8160
11.04167,7539
11.05000,6930
11.05833,6340
11.06667,5775
11.07500,5238
11.08333,4733
11.09167,4262
11.10000,3825
11.10833,3424
11.11667,3057
11.12500,2724
11.13333,2423
11.14167,2151
11.15000,1908
11.15833,1690
11.16667,1496
11.17500,1324
11.18333,1170
11.19167,1034
11.20000,913
11.20833,806
11.21667,712
11.22500,628
11.23333,553
11.24167,487
11.25000,428
11.25833,376
11.26667,330
11.27500,288
11.28333,252
11.29167,219
11.30000,191
11.30833,165
11.31667,143
11.32500,124
11.33333,106
11.34167,91
11.35000,78
11.35833,67
11.36667,57
11.37500,48
11.38333,40
11.39167,34
11.40000,28
11.40833,23
11.41667,18
11.42500,14
11.43333,11
11.44167,8
11.45000,5
11.45833,3
11.46667,1
11.47500,-0
11.48333,-2
11.49167,-3
11.50000,-4
11.50833,-5
11.51667,-6
11.52500,-7
11.53333,-7
11.54167,-8
11.55000,-9
11.55833,-9
11.56667,-9
11.57500,-10
11.58333,-10
11.59167,-10
11.60000,-10
11.60833,-10
11.61667,-9
11.62500,-9
11.63333,-9
11.64167,-8
11.65000,-8
11.65833,-7
11.66667,-6
11.67500,-5
11.68333,-4
11.69167,-3
11.70000,-2
11.70833,-1
11.71667,0
11.72500,1
11.73333,2
11.74167,4
11.75000,5
11.75833,6
11.76667,7
11.77500,9
11.78333,10
11.79167,11
11.80000,12
11.80833,13
11.81667,14
11.82500,15
11.83333,16
11.84167,17
11.85000,19
11.85833,20
11.86667,21
11.87500,22
11.88333,23
11.89167,24
11.90000,25
11.90833,26
11.91667,27
11.92500,27
11.93333,28
11.94167,28
11.95000,29
11.95833,29
11.96667,30
11.97500,30
11.98333,31
11.99167,31
12.00000,31
12.00833,32
12.01667,33
12.02500,34
12.03333,34
12.04167,35
12.05000,36
12.05833,36
12.06667,37
12.07500,37
12.08333,38
12.09167,38
12.10000,38
12.10833,39
12.11667,40
12.12500,40
12.13333,41
12.14167,41
12.15000,42
12.15833,43
12.16667,43
12.17500,44
12.18333,45
12.19167,45
12.20000,46
12.20833,46
12.21667,47
12.22500,48
12.23333,48
12.24167,49
12.25000,50
12.25833,51
12.26667,52
12.27500,53
12.28333,54
12.29167,55
12.30000,55
12.30833,56
12.31667,57
12.32500,58
12.33333,59
12.34167,60
12.35000,60
12.35833,61
12.36667,62
12.37500,63
12.38333,63
12.39167,64
12.40000,65
12.40833,66
12.41667,67
12.42500,67
12.43333,68
12.44167,68
12.45000,69
12.45833,69
12.46667,70
12.47500,70
12.48333,71
12.49167,71
12.50000,72
12.50833,72
12.51667,72
12.52500,73
12.53333,73
12.54167,74
12.55000,74
12.55833,75
12.56667,75
12.57500,76
12.58333,76
12.59167,76
12.60000,76
12.60833,77
12.61667,78
12.62500,79
12.63333,81
12.64167,82
12.65000,84
12.65833,87
12.66667,90
12.67500,94
12.68333,99
12.69167,106
12.70000,114
12.70833,123
12.71667,134
12.72500,148
12.73333,164
12.74167,183
12.75000,205
12.75833,232
12.76667,262
12.77500,297
12.78333,336
12.79167,380
12.80000,429
12.80833,484
12.81667,545
12.82500,612
12.83333,685
12.84167,765
12.85000,852
12.85833,945
12.86667,1045
12.87500,1151
12.88333,1264
12.89167,1384
12.90000,1510
12.90833,1643
12.91667,1782
12.92500,1927
12.93333,2079
12.94167,2236
12.95000,2398
12.95833,2567
12.96667,2740
12.97500,2920
12.98333,3104
12.99167,3293
13.00000,3486
13.00833,3684
13.01667,3886
13.02500,4093
13.03333,4303
13.04167,4517
13.05000,4735
13.05833,4957
13.06667,5183
13.07500,5412
13.08333,5644
13.09167,5879
13.10000,6117
13.10833,6358
13.11667,6602
13.12500,6850
13.13333,7100
13.14167,7353
13.15000,7608
13.15833,7866
13.16667,8127
13.17500,8390
13.18333,8655
13.19167,8924
13.20000,9194
13.20833,9468
13.21667,9743
13.22500,10021
13.23333,10301
13.24167,10584
13.25000,10868
13.25833,11155
13.26667,11444
13.27500,11735
13.28333,12029
13.29167,12325
13.30000,12623
13.30833,12923
13.31667,13226
13.32500,13530
13.33333,13838
13.34167,14147
13.35000,14458
13.35833,14772
13.36667,15089
13.37500,15407
13.38333,15727
13.39167,16049
13.40000,16374
13.40833,16702
13.41667,17032
13.42500,17364
13.43333,17698
13.44167,18034
13.45000,18373
13.45833,18714
13.46667,19057
13.47500,19403
13.48333,19752
13.49167,20102
13.50000,20455
13.50833,20811
13.51667,21168
13.52500,21528
13.53333,21890
13.54167,22255
13.55000,22622
13.55833,22992
13.56667,23365
13.57500,23740
13.58333,24117
13.59167,24497
13.60000,24880
13.60833,25265
13.61667,25653
13.62500,26043
13.63333,26436
13.64167,26831
13.65000,27229
13.65833,27630
13.66667,28033
13.67500,28440
13.68333,28848
13.69167,29260
13.70000,29674
13.70833,30091
13.71667,30511
13.72500,30935
13.73333,31360
13.74167,31789
13.75000,32220
13.75833,32655
13.76667,33092
13.77500,33532
13.78333,33975
13.79167,34421
13.80000,34870
13.80833,35322
13.81667,35776
13.82500,36234
13.83333,36694
13.84167,37157
13.85000,37622
13.85833,38089
13.86667,38558
13.87500,39026
13.88333,39492
13.89167,39952
13.90000,40400
13.90833,40826
13.91667,41219
13.92500,41563
13.93333,41837
13.94167,42018
13.95000,42081
13.95833,41999
13.96667,41744
13.97500,41294
13.98333,40630
13.99167,39741
14.00000,38624
14.00833,37286
14.01667,35741
14.02500,34015
14.03333,32138
14.04167,30147
14.05000,28080
14.05833,25979
14.06667,23880
14.07500,21819
14.08333,19826
14.09167,17927
14.10000,16139
14.10833,14477
14.11667,12948
14.12500,11554
14.13333,10295
14.14167,9168
14.15000,8166
14.15833,7281
14.16667,6505
14.17500,5831
14.18333,5250
14.19167,4753
14.20000,4332
14.20833,3981
14.21667,3694
14.22500,3465
14.23333,3288
14.24167,3161
14.25000,3078
14.25833,3037
14.26667,3034
14.27500,3067
14.28333,3133
14.29167,3229
14.30000,3352
14.30833,3501
14.31667,3672
14.32500,3864
14.33333,4073
14.34167,4296
14.35000,4531
14.35833,4774
14.36667,5023
14.37500,5273
14.38333,5522
14.39167,5766
14.40000,6002
14.40833,6228
14.41667,6440
14.42500,6636
14.43333,6812
14.44167,6967
14.45000,7099
14.45833,7207
14.46667,7289
14.47500,7344
14.48333,7373
14.49167,7374
14.50000,7349
14.50833,7299
14.51667,7223
14.52500,7124
14.53333,7002
14.54167,6860
14.55000,6699
14.55833,6522
14.56667,6331
14.57500,6127
14.58333,5913
14.59167,5692
14.60000,5466
14.60833,5235
14.61667,5003
14.62500,4771
14.63333,4540
14.64167,4312
14.65000,4088
14.65833,3869
14.66667,3656
14.67500,3451
14.68333,3253
14.69167,3063
14.70000,2881
14.70833,2708
14.71667,2543
14.72500,2386
14.73333,2238
14.74167,2099
14.75000,1969
14.75833,1845
14.76667,1730
14.77500,1622
14.78333,1521
14.79167,1426
14.80000,1338
14.80833,1256
14.81667,1180
14.82500,1109
14.83333,1044
14.84167,983
14.85000,927
14.85833,874
14.86667,826
14.87500,781
14.88333,739
14.89167,701
14.90000,666
14.90833,633
14.91667,602
14.92500,574
14.93333,549
14.94167,525
14.95000,503
14.95833,483
14.96667,464
14.97500,447
14.98333,432
14.99167,418
15.00000,405
15.00833,393
15.01667,383
15.02500,373
15.03333,365
15.04167,357
15.05000,351
15.05833,345
15.06667,340
15.07500,337
15.08333,333
15.09167,331
15.10000,329
15.10833,327
15.11667,326
15.12500,326
15.13333,326
15.14167,326
15.15000,327
15.15833,328
15.16667,330
15.17500,331
15.18333,333
15.19167,335
15.20000,336
15.20833,338
15.21667,340
15.22500,342
15.23333,344
15.24167,346
15.25000,347
15.25833,349
15.26667,350
15.27500,350
15.28333,351
15.29167,350
15.30000,350
15.30833,349
15.31667,347
15.32500,345
15.33333,343
15.34167,340
15.35000,338
15.35833,335
15.36667,331
15.37500,328
15.38333,324
15.39167,320
15.40000,316
15.40833,312
15.41667,307
15.42500,303
15.43333,297
15.44167,292
15.45000,287
15.45833,282
15.46667,277
15.47500,272
15.48333,267
15.49167,262
15.50000,258
15.50833,253
15.51667,249
15.52500,245
15.53333,241
15.54167,238
15.55000,234
15.55833,230
15.56667,226
15.57500,222
15.58333,219
15.59167,215
15.60000,213
15.60833,210
15.61667,208
15.62500,205
15.63333,203
15.64167,200
15.65000,198
15.65833,196
15.66667,194
15.67500,193
15.68333,191
15.69167,189
15.70000,187
15.70833,186
15.71667,185
15.72500,183
15.73333,182
15.74167,180
15.75000,180
15.75833,179
15.76667,177
15.77500,176
15.78333,175
15.79167,174
15.80000,174
15.80833,173
15.81667,172
15.82500,171
15.83333,170
15.84167,169
15.85000,168
15.85833,167
15.86667,167
15.87500,166
15.88333,166
15.89167,165
15.90000,165
15.90833,164
15.91667,163
15.92500,162
15.93333,162
15.94167,161
15.95000,160
15.95833,159
15.96667,159
15.97500,158
15.98333,158
15.99167,157
16.00000,157
16.00833,157
16.01667,156
16.02500,156
16.03333,155
16.04167,155
16.05000,154
16.05833,153
16.06667,153
16.07500,152
16.08333,151
16.09167,151
16.10000,150
16.10833,150
16.11667,149
16.12500,149
16.13333,148
16.14167,147
16.15000,147
16.15833,147
16.16667,146
16.17500,146
16.18333,146
16.19167,145
16.20000,144
16.20833,144
16.21667,144
16.22500,144
16.23333,143
16.24167,142
16.25000,142
16.25833,142
16.26667,142
16.27500,141
16.28333,141
16.29167,141
16.30000,141
16.30833,141
16.31667,140
16.32500,140
16.33333,140
16.34167,140
16.35000,140
16.35833,139
16.36667,139
16.37500,139
16.38333,139
16.39167,138
16.40000,138
16.40833,138
16.41667,137
16.42500,137
16.43333,137
16.44167,137
16.45000,137
16.45833,137
16.46667,136
16.47500,136
16.48333,136
16.49167,136
16.50000,135
16.50833,135
16.51667,135
16.52500,134
16.53333,134
16.54167,134
16.55000,133
16.55833,133
16.56667,133
16.57500,133
16.58333,133
16.59167,133
16.60000,132
16.60833,132
16.61667,132
16.62500,131
16.63333,130
16.64167,130
16.65000,129
16.65833,128
16.66667,128
16.67500,127
16.68333,127
16.69167,127
16.70000,126
16.70833,126
16.71667,126
16.72500,126
16.73333,125
16.74167,125
16.75000,125
16.75833,124
16.76667,124
16.77500,123
16.78333,123
16.79167,122
16.80000,122
16.80833,122
16.81667,122
16.82500,121
16.83333,121
16.84167,120
16.85000,120
16.85833,120
16.86667,120
16.87500,120
16.88333,120
16.89167,119
16.90000,119
16.90833,119
16.91667,119
16.92500,118
16.93333,118
16.94167,118
16.95000,118
16.95833,117
16.96667,117
16.97500,117
16.98333,117
16.99167,117
17.00000,117
17.00833,116
17.01667,116
17.02500,116
17.03333,116
17.04167,116
17.05000,115
17.05833,114
17.06667,114
17.07500,114
17.08333,114
17.09167,114
17.10000,114
17.10833,114
17.11667,114
17.12500,113
17.13333,112
17.14167,112
17.15000,111
17.15833,111
17.16667,111
17.17500,111
17.18333,111
17.19167,111
17.20000,111
17.20833,111
17.21667,111
17.22500,111
17.23333,110
17.24167,110
17.25000,110
17.25833,110
17.26667,110
17.27500,109
17.28333,109
17.29167,108
17.30000,108
17.30833,108
17.31667,107
17.32500,107
17.33333,107
17.34167,107
17.35000,107
17.35833,107
17.36667,106
17.37500,106
17.38333,106
17.39167,106
17.40000,106
17.40833,107
17.41667,107
17.42500,106
17.43333,106
17.44167,106
17.45000,105
17.45833,105
17.46667,105
17.47500,105
17.48333,105
17.49167,105
17.50000,105
17.50833,105
17.51667,105
17.52500,104
17.53333,104
17.54167,104
17.55000,104
17.55833,104
17.56667,104
17.57500,104
17.58333,104
17.59167,104
17.60000,104
17.60833,104
17.61667,104
17.62500,104
17.63333,103
17.64167,103
17.65000,103
17.65833,102
17.66667,102
17.67500,102
17.68333,102
17.69167,102
17.70000,103
17.70833,103
17.71667,103
17.72500,103
17.73333,103
17.74167,103
17.75000,103
17.75833,103
17.76667,103
17.77500,103
17.78333,103
17.79167,103
17.80000,103
17.80833,103
17.81667,103
17.82500,103
17.83333,103
17.84167,103
17.85000,103
17.85833,102
17.86667,102
17.87500,102
17.88333,103
17.89167,103
17.90000,103
17.90833,103
17.91667,103
17.92500,103
17.93333,103
17.94167,104
17.95000,104
17.95833,105
17.96667,105
17.97500,105
17.98333,105
17.99167,105
18.00000,105
18.00833,105
18.01667,104
18.02500,104
18.03333,104
18.04167,104
18.05000,104
18.05833,104
18.06667,104
18.07500,104
18.08333,104
18.09167,104
18.10000,104
18.10833,104
18.11667,104
18.12500,104
18.13333,104
18.14167,103
18.15000,103
18.15833,102
18.16667,102
18.17500,101
18.18333,101
18.19167,100
18.20000,100
18.20833,100
18.21667,100
18.22500,99
18.23333,99
18.24167,99
18.25000,98
18.25833,98
18.26667,98
18.27500,98
18.28333,98
18.29167,98
18.30000,98
18.30833,98
18.31667,98
18.32500,98
18.33333,98
18.34167,98
18.35000,98
18.35833,98
18.36667,98
18.37500,97
18.38333,97
18.39167,98
18.40000,98
18.40833,98
18.41667,98
18.42500,98
18.43333,97
18.44167,97
18.45000,97
18.45833,97
18.46667,97
18.47500,97
18.48333,97
18.49167,97
18.50000,97
18.50833,98
18.51667,98
18.52500,97
18.53333,97
18.54167,97
18.55000,97
18.55833,98
18.56667,98
18.57500,98
18.58333,98
18.59167,98
18.60000,98
18.60833,98
18.61667,98
18.62500,98
18.63333,98
18.64167,98
18.65000,98
18.65833,99
18.66667,99
18.67500,99
18.68333,99
18.69167,99
18.70000,99
18.70833,99
18.71667,99
18.72500,100
18.73333,100
18.74167,100
18.75000,101
18.75833,101
18.76667,101
18.77500,100
18.78333,100
18.79167,100
18.80000,100
18.80833,101
18.81667,101
18.82500,101
18.83333,102
18.84167,102
18.85000,103
18.85833,103
18.86667,103
18.87500,104
18.88333,105
18.89167,106
18.90000,107
18.90833,107
18.91667,108
18.92500,109
18.93333,111
18.94167,113
18.95000,115
18.95833,117
18.96667,119
18.97500,121
18.98333,123
18.99167,126
19.00000,128
19.00833,131
19.01667,134
19.02500,137
19.03333,140
19.04167,143
19.05000,146
19.05833,149
19.06667,152
19.07500,155
19.08333,158
19.09167,162
19.10000,165
19.10833,168
19.11667,172
19.12500,174
19.13333,177
19.14167,180
19.15000,182
19.15833,185
19.16667,187
19.17500,189
19.18333,190
19.19167,192
19.20000,193
19.20833,194
19.21667,194
19.22500,195
19.23333,195
19.24167,195
19.25000,195
19.25833,194
19.26667,193
19.27500,192
19.28333,191
19.29167,189
19.30000,188
19.30833,186
19.31667,183
19.32500,181
19.33333,178
19.34167,175
19.35000,172
19.35833,170
19.36667,167
19.37500,164
19.38333,162
19.39167,159
19.40000,156
19.40833,154
19.41667,151
19.42500,148
19.43333,145
19.44167,142
19.45000,139
19.45833,137
19.46667,135
19.47500,132
19.48333,130
19.49167,127
19.50000,125
19.50833,123
19.51667,121
19.52500,119
19.53333,117
19.54167,115
19.55000,114
19.55833,112
19.56667,111
19.57500,109
19.58333,108
19.59167,107
19.60000,106
19.60833,105
19.61667,104
19.62500,103
19.63333,102
19.64167,102
19.65000,101
19.65833,100
19.66667,100
19.67500,99
19.68333,99
19.69167,99
19.70000,98
19.70833,97
19.71667,97
19.72500,96
19.73333,96
19.74167,95
19.75000,95
19.75833,95
19.76667,94
19.77500,94
19.78333,93
19.79167,93
19.80000,93
19.80833,93
19.81667,92
19.82500,92
19.83333,92
19.84167,91
19.85000,91
19.85833,91
19.86667,92
19.87500,92
19.88333,92
19.89167,92
19.90000,92
19.90833,91
19.91667,91
19.92500,91
19.93333,91
19.94167,91
19.95000,91
19.95833,91
19.96667,90
19.97500,90
19.98333,89
19.99167,89
20.00000,90
20.00833,90
20.01667,89
20.02500,89
20.03333,89
20.04167,89
20.05000,89
20.05833,89
20.06667,90
20.07500,90
20.08333,90
20.09167,90
20.10000,90
20.10833,90
20.11667,90
20.12500,89
20.13333,89
20.14167,89
20.15000,89
20.15833,89
20.16667,89
20.17500,89
20.18333,89
20.19167,89
20.20000,89
20.20833,89
20.21667,89
20.22500,89
20.23333,89
20.24167,89
20.25000,89
20.25833,90
20.26667,90
20.27500,90
20.28333,89
20.29167,89
20.30000,89
20.30833,89
20.31667,89
20.32500,89
20.33333,90
20.34167,90
20.35000,90
20.35833,91
20.36667,91
20.37500,90
20.38333,90
20.39167,90
20.40000,90
20.40833,90
20.41667,90
20.42500,90
20.43333,90
20.44167,90
20.45000,90
20.45833,90
20.46667,90
20.47500,90
20.48333,89
20.49167,89
20.50000,90
20.50833,90
20.51667,91
20.52500,91
20.53333,91
20.54167,91
20.55000,91
20.55833,90
20.56667,90
20.57500,90
20.58333,90
20.59167,90
20.60000,91
20.60833,91
20.61667,91
20.62500,91
20.63333,92
20.64167,92
20.65000,92
20.65833,92
20.66667,92
20.67500,92
20.68333,92
20.69167,92
20.70000,92
20.70833,92
20.71667,92
20.72500,92
20.73333,92
20.74167,92
20.75000,92
20.75833,93
20.76667,93
20.77500,93
20.78333,93
20.79167,93
20.80000,93
20.80833,93
20.81667,93
20.82500,94
20.83333,94
20.84167,94
20.85000,94
20.85833,94
20.86667,95
20.87500,95
20.88333,95
20.89167,95
20.90000,96
20.90833,96
20.91667,97
20.92500,97
20.93333,97
20.94167,97
20.95000,97
20.95833,97
20.96667,97
20.97500,98
20.98333,98
20.99167,99
21.00000,99
21.00833,99
21.01667,100
21.02500,101
21.03333,102
21.04167,103
21.05000,103
21.05833,104
21.06667,104
21.07500,105
21.08333,106
21.09167,107
21.10000,108
21.10833,109
21.11667,109
21.12500,111
21.13333,112
21.14167,113
21.15000,114
21.15833,115
21.16667,116
21.17500,117
21.18333,118
21.19167,118
21.20000,119
21.20833,119
21.21667,120
21.22500,120
21.23333,120
21.24167,121
21.25000,122
21.25833,123
21.26667,124
21.27500,124
21.28333,124
21.29167,124
21.30000,124
21.30833,125
21.31667,125
21.32500,125
21.33333,125
21.34167,125
21.35000,125
21.35833,124
21.36667,124
21.37500,123
21.38333,122
21.39167,121
21.40000,120
21.40833,120
21.41667,119
21.42500,119
21.43333,118
21.44167,117
21.45000,117
21.45833,116
21.46667,115
21.47500,114
21.48333,113
21.49167,112
21.50000,112
21.50833,111
21.51667,110
21.52500,109
21.53333,108
21.54167,108
21.55000,107
21.55833,106
21.56667,105
21.57500,105
21.58333,104
21.59167,104
21.60000,103
21.60833,102
21.61667,102
21.62500,101
21.63333,101
21.64167,100
21.65000,99
21.65833,99
21.66667,98
21.67500,98
21.68333,97
21.69167,97
21.70000,97
21.70833,97
21.71667,96
21.72500,96
21.73333,96
21.74167,95
21.75000,94
21.75833,94
21.76667,94
21.77500,94
21.78333,94
21.79167,94
21.80000,94
21.80833,93
21.81667,93
21.82500,93
21.83333,93
21.84167,93
21.85000,93
21.85833,93
21.86667,92
21.87500,92
21.88333,92
21.89167,93
21.90000,92
21.90833,92
21.91667,92
21.92500,92
21.93333,92
21.94167,92
21.95000,92
21.95833,92
21.96667,92
21.97500,92
21.98333,92
21.99167,93
22.00000,93
22.00833,93
22.01667,93
22.02500,93
22.03333,93
22.04167,93
22.05000,93
22.05833,93
22.06667,92
22.07500,92
22.08333,92
22.09167,92
22.10000,92
22.10833,92
22.11667,92
22.12500,92
22.13333,92
22.14167,92
22.15000,92
22.15833,92
22.16667,92
22.17500,92
22.18333,92
22.19167,92
22.20000,92
22.20833,92
22.21667,92
22.22500,92
22.23333,92
22.24167,92
22.25000,92
22.25833,92
22.26667,92
22.27500,93
22.28333,93
22.29167,93
22.30000,93
22.30833,93
22.31667,93
22.32500,93
22.33333,94
22.34167,94
22.35000,94
22.35833,93
22.36667,93
22.37500,94
22.38333,94
22.39167,94
22.40000,94
22.40833,94
22.41667,94
22.42500,94
22.43333,94
22.44167,95
22.45000,95
22.45833,95
22.46667,95
22.47500,95
22.48333,94
22.49167,94
22.50000,94
22.50833,94
22.51667,94
22.52500,94
22.53333,94
22.54167,94
22.55000,94
22.55833,94
22.56667,94
22.57500,94
22.58333,94
22.59167,95
22.60000,95
22.60833,96
22.61667,96
22.62500,96
22.63333,96
22.64167,96
22.65000,96
22.65833,96
22.66667,96
22.67500,97
22.68333,97
22.69167,97
22.70000,97
22.70833,98
22.71667,98
22.72500,98
22.73333,99
22.74167,99
22.75000,100
22.75833,100
22.76667,100
22.77500,101
22.78333,102
22.79167,103
22.80000,103
22.80833,104
22.81667,104
22.82500,105
22.83333,105
22.84167,106
22.85000,107
22.85833,107
22.86667,109
22.87500,109
22.88333,110
22.89167,111
22.90000,111
22.90833,112
22.91667,113
22.92500,114
22.93333,115
22.94167,116
22.95000,117
22.95833,118
22.96667,118
22.97500,119
22.98333,119
22.99167,119
23.00000,120
23.00833,120
23.01667,120
23.02500,121
23.03333,121
23.04167,121
23.05000,121
23.05833,122
23.06667,122
23.07500,122
23.08333,122
23.09167,122
23.10000,122
23.10833,122
23.11667,122
23.12500,122
23.13333,121
23.14167,121
23.15000,120
23.15833,119
23.16667,119
23.17500,119
23.18333,118
23.19167,118
23.20000,117
23.20833,117
23.21667,116
23.22500,115
23.23333,115
23.24167,114
23.25000,113
23.25833,113
23.26667,112
23.27500,111
23.28333,110
23.29167,109
23.30000,109
23.30833,108
23.31667,108
23.32500,107
23.33333,106
23.34167,105
23.35000,105
23.35833,104
23.36667,103
23.37500,103
23.38333,102
23.39167,102
23.40000,102
23.40833,101
23.41667,101
23.42500,100
23.43333,100
23.44167,100
23.45000,100
23.45833,100
23.46667,100
23.47500,100
23.48333,100
23.49167,100
23.50000,99
23.50833,99
23.51667,99
23.52500,99
23.53333,99
23.54167,99
23.55000,99
23.55833,99
23.56667,99
23.57500,99
23.58333,99
23.59167,98
23.60000,98
23.60833,98
23.61667,98
23.62500,98
23.63333,98
23.64167,98
23.65000,98
23.65833,98
23.66667,98
23.67500,98
23.68333,98
23.69167,98
23.70000,98
23.70833,98
23.71667,98
23.72500,99
23.73333,99
23.74167,98
23.75000,99
23.75833,99
23.76667,99
23.77500,99
23.78333,99
23.79167,99
23.80000,99
23.80833,99
23.81667,100
23.82500,100
23.83333,100
23.84167,101
23.85000,101
23.85833,101
23.86667,101
23.87500,101
23.88333,101
23.89167,101
23.90000,101
23.90833,102
23.91667,102
23.92500,102
23.93333,103
23.94167,103
23.95000,103
23.95833,104
23.96667,104
23.97500,104
23.98333,104
23.99167,104
24.00000,105
24.00833,105
24.01667,105
24.02500,105
24.03333,105
24.04167,105
24.05000,105
24.05833,105
24.06667,105
24.07500,105
24.08333,105
24.09167,104
24.10000,105
24.10833,105
24.11667,105
24.12500,105
24.13333,105
24.14167,105
24.15000,105
24.15833,105
24.16667,105
24.17500,104
24.18333,104
24.19167,105
24.20000,105
24.20833,105
24.21667,105
24.22500,105
24.23333,105
24.24167,105
24.25000,106
24.25833,106
24.26667,106
24.27500,106
24.28333,106
24.29167,106
24.30000,106
24.30833,106
24.31667,106
24.32500,107
24.33333,107
24.34167,108
24.35000,109
24.35833,109
24.36667,110
24.37500,111
24.38333,112
24.39167,113
24.40000,114
24.40833,115
24.41667,117
24.42500,119
24.43333,121
24.44167,124
24.45000,127
24.45833,130
24.46667,134
24.47500,139
24.48333,144
24.49167,149
24.50000,155
24.50833,162
24.51667,171
24.52500,180
24.53333,190
24.54167,202
24.55000,215
24.55833,230
24.56667,246
24.57500,264
24.58333,285
24.59167,308
24.60000,334
24.60833,362
24.61667,393
24.62500,428
24.63333,466
24.64167,508
24.65000,555
24.65833,606
24.66667,663
24.67500,725
24.68333,794
24.69167,868
24.70000,949
24.70833,1037
24.71667,1132
24.72500,1235
24.73333,1346
24.74167,1466
24.75000,1594
24.75833,1732
24.76667,1879
24.77500,2036
24.78333,2202
24.79167,2379
24.80000,2566
24.80833,2762
24.81667,2969
24.82500,3185
24.83333,3412
24.84167,3647
24.85000,3892
24.85833,4145
24.86667,4407
24.87500,4676
24.88333,4951
24.89167,5233
24.90000,5520
24.90833,5811
24.91667,6105
24.92500,6401
24.93333,6699
24.94167,6996
24.95000,7291
24.95833,7584
24.96667,7872
24.97500,8154
24.98333,8430
24.99167,8698
25.00000,8956
25.00833,9203
25.01667,9439
25.02500,9661
25.03333,9870
25.04167,10063
25.05000,10240
25.05833,10401
25.06667,10543
25.07500,10666
25.08333,10771
25.09167,10855
25.10000,10919
25.10833,10964
25.11667,10988
25.12500,10992
25.13333,10976
25.14167,10940
25.15000,10885
25.15833,10811
25.16667,10718
25.17500,10607
25.18333,10479
25.19167,10335
25.20000,10175
25.20833,10001
25.21667,9814
25.22500,9614
25.23333,9403
25.24167,9182
25.25000,8951
25.25833,8713
25.26667,8467
25.27500,8216
25.28333,7959
25.29167,7699
25.30000,7437
25.30833,7173
25.31667,6908
25.32500,6643
25.33333,6379
25.34167,6118
25.35000,5859
25.35833,5603
25.36667,5352
25.37500,5106
25.38333,4865
25.39167,4629
25.40000,4399
25.40833,4175
25.41667,3959
25.42500,3750
25.43333,3547
25.44167,3353
25.45000,3166
25.45833,2986
25.46667,2814
25.47500,2649
25.48333,2492
25.49167,2343
25.50000,2201
25.50833,2067
25.51667,1939
25.52500,1819
25.53333,1705
25.54167,1597
25.55000,1496
25.55833,1401
25.56667,1312
25.57500,1228
25.58333,1150
25.59167,1077
25.60000,1008
25.60833,944
25.61667,885
25.62500,830
25.63333,778
25.64167,731
25.65000,686
25.65833,645
25.66667,607
25.67500,572
25.68333,539
25.69167,509
25.70000,482
25.70833,456
25.71667,433
25.72500,412
25.73333,392
25.74167,374
25.75000,357
25.75833,342
25.76667,327
25.77500,314
25.78333,302
25.79167,291
25.80000,280
25.80833,271
25.81667,262
25.82500,254
25.83333,246
25.84167,240
25.85000,234
25.85833,228
25.86667,223
25.87500,219
25.88333,214
25.89167,210
25.90000,206
25.90833,202
25.91667,199
25.92500,196
25.93333,193
25.94167,190
25.95000,188
25.95833,185
25.96667,183
25.97500,181
25.98333,179
25.99167,177
26.00000,175
26.00833,174
26.01667,173
26.02500,171
26.03333,170
26.04167,169
26.05000,168
26.05833,166
26.06667,165
26.07500,164
26.08333,163
26.09167,163
26.10000,162
26.10833,161
26.11667,161
26.12500,160
26.13333,159
26.14167,158
26.15000,158
26.15833,157
26.16667,157
26.17500,156
26.18333,155
26.19167,155
26.20000,155
26.20833,154
26.21667,154
26.22500,153
26.23333,153
26.24167,153
26.25000,152
26.25833,151
26.26667,151
26.27500,150
26.28333,150
26.29167,150
26.30000,150
26.30833,149
26.31667,149
26.32500,148
26.33333,148
26.34167,148
26.35000,148
26.35833,147
26.36667,147
26.37500,147
26.38333,146
26.39167,146
26.40000,146
26.40833,145
26.41667,145
26.42500,144
26.43333,144
26.44167,144
26.45000,143
26.45833,143
26.46667,143
26.47500,143
26.48333,143
26.49167,142
26.50000,142
26.50833,142
26.51667,141
26.52500,141
26.53333,141
26.54167,140
26.55000,140
26.55833,139
26.56667,139
26.57500,139
26.58333,139
26.59167,139
26.60000,139
26.60833,138
26.61667,138
26.62500,138
26.63333,138
26.64167,138
26.65000,138
26.65833,137
26.66667,137
26.67500,137
26.68333,136
26.69167,136
26.70000,136
26.70833,136
26.71667,136
26.72500,136
26.73333,135
26.74167,135
26.75000,135
26.75833,135
26.76667,135
26.77500,135
26.78333,134
26.79167,134
26.80000,134
26.80833,134
26.81667,134
26.82500,134
26.83333,134
26.84167,134
26.85000,133
26.85833,133
26.86667,133
26.87500,133
26.88333,133
26.89167,133
26.90000,133
26.90833,132
26.91667,132
26.92500,131
26.93333,131
26.94167,131
26.95000,131
26.95833,131
26.96667,131
26.97500,131
26.98333,131
26.99167,131
27.00000,131
27.00833,131
27.01667,131
27.02500,131
27.03333,131
27.04167,130
27.05000,130
27.05833,130
27.06667,130
27.07500,130
27.08333,130
27.09167,130
27.10000,130
27.10833,130
27.11667,130
27.12500,130
27.13333,130
27.14167,130
27.15000,130
27.15833,130
27.16667,130
27.17500,130
27.18333,130
27.19167,130
27.20000,130
27.20833,130
27.21667,129
27.22500,129
27.23333,129
27.24167,129
27.25000,130
27.25833,130
27.26667,130
27.27500,130
27.28333,130
27.29167,129
27.30000,129
27.30833,129
27.31667,129
27.32500,129
27.33333,129
27.34167,129
27.35000,128
27.35833,128
27.36667,128
27.37500,128
27.38333,128
27.39167,128
27.40000,128
27.40833,128
27.41667,128
27.42500,128
27.43333,128
27.44167,128
27.45000,128
27.45833,128
27.46667,128
27.47500,128
27.48333,128
27.49167,127
27.50000,127
27.50833,126
27.51667,126
27.52500,126
27.53333,126
27.54167,126
27.55000,126
27.55833,126
27.56667,126
27.57500,125
27.58333,124
27.59167,124
27.60000,123
27.60833,123
27.61667,122
27.62500,122
27.63333,121
27.64167,121
27.65000,121
27.65833,120
27.66667,120
27.67500,119
27.68333,118
27.69167,117
27.70000,116
27.70833,115
27.71667,114
27.72500,113
27.73333,112
27.74167,110
27.75000,109
27.75833,107
27.76667,106
27.77500,105
27.78333,103
27.79167,102
27.80000,100
27.80833,97
27.81667,95
27.82500,93
27.83333,91
27.84167,89
27.85000,87
27.85833,84
27.86667,82
27.87500,79
27.88333,76
27.89167,74
27.90000,71
27.90833,68
27.91667,65
27.92500,62
27.93333,59
27.94167,56
27.95000,53
27.95833,49
27.96667,46
27.97500,43
27.98333,40
27.99167,37
28.00000,33
28.00833,30
28.01667,27
28.02500,24
28.03333,21
28.04167,17
28.05000,14
28.05833,11
28.06667,7
28.07500,4
28.08333,2
28.09167,-1
28.10000,-4
28.10833,-6
28.11667,-9
28.12500,-12
28.13333,-15
28.14167,-17
28.15000,-19
28.15833,-21
28.16667,-22
28.17500,-24
28.18333,-26
28.19167,-27
28.20000,-28
28.20833,-29
28.21667,-30
28.22500,-31
28.23333,-31
28.24167,-31
28.25000,-31
28.25833,-31
28.26667,-31
28.27500,-31
28.28333,-30
28.29167,-30
28.30000,-29
28.30833,-27
28.31667,-26
28.32500,-25
28.33333,-23
28.34167,-21
28.35000,-20
28.35833,-18
28.36667,-15
28.37500,-13
28.38333,-10
28.39167,-8
28.40000,-6
28.40833,-3
28.41667,-0
28.42500,2
28.43333,5
28.44167,8
28.45000,10
28.45833,13
28.46667,16
28.47500,19
28.48333,22
28.49167,24
28.50000,27
28.50833,30
28.51667,32
28.52500,35
28.53333,38
28.54167,41
28.55000,44
28.55833,46
28.56667,49
28.57500,51
28.58333,53
28.59167,56
28.60000,58
28.60833,61
28.61667,63
28.62500,65
28.63333,68
28.64167,70
28.65000,71
28.65833,73
28.66667,75
28.67500,77
28.68333,78
28.69167,80
28.70000,82
28.70833,83
28.71667,85
28.72500,86
28.73333,88
28.74167,89
28.75000,90
28.75833,91
28.76667,93
28.77500,94
28.78333,95
28.79167,96
28.80000,97
28.80833,98
28.81667,99
28.82500,100
28.83333,101
28.84167,101
28.85000,102
28.85833,103
28.86667,104
28.87500,105
28.88333,105
28.89167,105
28.90000,105
28.90833,106
28.91667,107
28.92500,107
28.93333,108
28.94167,108
28.95000,108
28.95833,108
28.96667,109
28.97500,109
28.98333,110
28.99167,110
29.00000,110
29.00833,111
29.01667,111
29.02500,112
29.03333,112
29.04167,113
29.05000,113
29.05833,113
29.06667,113
29.07500,114
29.08333,114
29.09167,115
29.10000,115
29.10833,116
29.11667,116
29.12500,115
29.13333,116
29.14167,116
29.15000,116
29.15833,116
29.16667,116
29.17500,116
29.18333,116
29.19167,116
29.20000,116
29.20833,116
29.21667,116
29.22500,116
29.23333,116
29.24167,116
29.25000,116
29.25833,116
29.26667,116
29.27500,116
29.28333,116
29.29167,116
29.30000,116
29.30833,116
29.31667,116
29.32500,116
29.33333,116
29.34167,115
29.35000,115
29.35833,115
29.36667,115
29.37500,115
29.38333,114
29.39167,114
29.40000,114
29.40833,113
29.41667,113
29.42500,113
29.43333,112
29.44167,112
29.45000,111
29.45833,111
29.46667,110
29.47500,109
29.48333,109
29.49167,108
29.50000,107
29.50833,106
29.51667,105
29.52500,104
29.53333,104
29.54167,103
29.55000,102
29.55833,101
29.56667,100
29.57500,100
29.58333,99
29.59167,98
29.60000,97
29.60833,96
29.61667,95
29.62500,94
29.63333,93
29.64167,92
29.65000,90
29.65833,89
29.66667,88
29.67500,87
29.68333,86
29.69167,85
29.70000,83
29.70833,82
29.71667,81
29.72500,79
29.73333,78
29.74167,77
29.75000,76
29.75833,74
29.76667,73
29.77500,72
29.78333,71
29.79167,71
29.80000,70
29.80833,69
29.81667,68
29.82500,67
29.83333,66
29.84167,65
29.85000,64
29.85833,64
29.86667,63
29.87500,62
29.88333,61
29.89167,61
29.90000,60
29.90833,60
29.91667,60
29.92500,59
29.93333,59
29.94167,58
29.95000,58
29.95833,57
29.96667,57
29.97500,57
29.98333,57
29.99167,57
30.00000,57
30.00833,58
30.01667,58
30.02500,59
30.03333,60
30.04167,60
30.05000,61
30.05833,61
30.06667,61
30.07500,62
30.08333,62
30.09167,63
30.10000,63
30.10833,64
30.11667,65
30.12500,66
30.13333,67
30.14167,67
30.15000,68
30.15833,69
30.16667,70
30.17500,72
30.18333,73
30.19167,74
30.20000,75
30.20833,76
30.21667,77
30.22500,78
30.23333,79
30.24167,79
30.25000,80
30.25833,81
30.26667,82
30.27500,83
30.28333,84
30.29167,86
30.30000,87
30.30833,88
30.31667,89
30.32500,90
30.33333,90
30.34167,91
30.35000,92
30.35833,93
30.36667,94
30.37500,95
30.38333,96
30.39167,97
30.40000,97
30.40833,98
30.41667,98
30.42500,99
30.43333,99
30.44167,99
30.45000,99
30.45833,100
30.46667,100
30.47500,101
30.48333,101
30.49167,101
30.50000,102
30.50833,102
30.51667,102
30.52500,102
30.53333,102
30.54167,103
30.55000,103
30.55833,104
30.56667,104
30.57500,104
30.58333,104
30.59167,104
30.60000,104
30.60833,103
30.61667,104
30.62500,104
30.63333,104
30.64167,104
30.65000,104
30.65833,103
30.66667,103
30.67500,103
30.68333,102
30.69167,102
30.70000,102
30.70833,102
30.71667,102
30.72500,101
30.73333,101
30.74167,101
30.75000,100
30.75833,99
30.76667,99
30.77500,99
30.78333,98
30.79167,98
30.80000,98
30.80833,98
30.81667,98
30.82500,98
30.83333,98
30.84167,97
30.85000,97
30.85833,97
30.86667,97
30.87500,97
30.88333,96
30.89167,96
30.90000,96
30.90833,96
30.91667,96
30.92500,95
30.93333,95
30.94167,95
30.95000,95
30.95833,95
30.96667,95
30.97500,95
30.98333,95
30.99167,96
31.00000,96
31.00833,97
31.01667,97
31.02500,98
31.03333,98
31.04167,99
31.05000,99
31.05833,99
31.06667,100
31.07500,100
31.08333,101
31.09167,101
31.10000,101
31.10833,102
31.11667,102
31.12500,103
31.13333,103
31.14167,104
31.15000,104
31.15833,105
31.16667,105
31.17500,106
31.18333,107
31.19167,107
31.20000,108
31.20833,108
31.21667,108
31.22500,109
31.23333,110
31.24167,110
31.25000,111
31.25833,112
31.26667,112
31.27500,113
31.28333,114
31.29167,115
31.30000,115
31.30833,115
31.31667,116
31.32500,116
31.33333,117
31.34167,117
31.35000,117
31.35833,118
31.36667,118
31.37500,118
31.38333,119
31.39167,119
31.40000,120
31.40833,120
31.41667,120
31.42500,120
31.43333,120
31.44167,120
31.45000,121
31.45833,121
31.46667,121
31.47500,122
31.48333,122
31.49167,122
31.50000,122
31.50833,122
31.51667,122
31.52500,122
31.53333,122
31.54167,122
31.55000,122
31.55833,122
31.56667,122
31.57500,123
31.58333,123
31.59167,123
31.60000,123
31.60833,123
31.61667,123
31.62500,124
31.63333,124
31.64167,124
31.65000,124
31.65833,124
31.66667,124
31.67500,124
31.68333,124
31.69167,123
31.70000,124
31.70833,124
31.71667,124
31.72500,124
31.73333,124
31.74167,123
31.75000,123
31.75833,122
31.76667,123
31.77500,123
31.78333,123
31.79167,123
31.80000,124
31.80833,124
31.81667,124
31.82500,124
31.83333,124
31.84167,123
31.85000,123
31.85833,123
31.86667,123
31.87500,124
31.88333,124
31.89167,124
31.90000,125
31.90833,125
31.91667,125
31.92500,125
31.93333,125
31.94167,125
31.95000,125
31.95833,125
31.96667,124
31.97500,124
31.98333,124
31.99167,124
32.00000,124
32.00833,124
32.01667,124
32.02500,124
32.03333,124
32.04167,124
32.05000,124
32.05833,124
32.06667,124
32.07500,124
32.08333,124
32.09167,124
32.10000,124
32.10833,124
32.11667,124
32.12500,124
32.13333,124
32.14167,124
32.15000,124
32.15833,124
32.16667,125
32.17500,125
32.18333,124
32.19167,124
32.20000,124
32.20833,124
32.21667,124
32.22500,124
32.23333,124
32.24167,124
32.25000,124
32.25833,123
32.26667,123
32.27500,124
32.28333,124
32.29167,124
32.30000,124
32.30833,125
32.31667,125
32.32500,125
32.33333,125
32.34167,125
32.35000,125
32.35833,125
32.36667,125
32.37500,125
32.38333,125
32.39167,125
32.40000,125
32.40833,125
32.41667,125
32.42500,125
32.43333,125
32.44167,125
32.45000,125
32.45833,125
32.46667,125
32.47500,125
32.48333,125
32.49167,125
32.50000,126
32.50833,126
32.51667,126
32.52500,126
32.53333,126
32.54167,126
32.55000,126
32.55833,126
32.56667,126
32.57500,126
32.58333,126
32.59167,126
32.60000,126
32.60833,126
32.61667,126
32.62500,126
32.63333,126
32.64167,126
32.65000,127
32.65833,127
32.66667,127
32.67500,127
32.68333,126
32.69167,126
32.70000,126
32.70833,126
32.71667,126
32.72500,126
32.73333,126
32.74167,126
32.75000,126
32.75833,126
32.76667,126
32.77500,126
32.78333,126
32.79167,127
32.80000,127
32.80833,127
32.81667,127
32.82500,128
32.83333,128
32.84167,128
32.85000,128
32.85833,128
32.86667,128
32.87500,128
32.88333,128
32.89167,128
32.90000,128
32.90833,128
32.91667,128
32.92500,128
32.93333,128
32.94167,127
32.95000,127
32.95833,127
32.96667,127
32.97500,128
32.98333,128
32.99167,128
33.00000,128
33.00833,128
33.01667,128
33.02500,128
33.03333,128
33.04167,128
33.05000,128
33.05833,128
33.06667,128
33.07500,129
33.08333,129
33.09167,129
33.10000,129
33.10833,128
33.11667,128
33.12500,128
33.13333,128
33.14167,128
33.15000,128
33.15833,128
33.16667,128
33.17500,128
33.18333,128
33.19167,128
33.20000,128
33.20833,128
33.21667,128
33.22500,128
33.23333,129
33.24167,129
33.25000,129
33.25833,129
33.26667,129
33.27500,129
33.28333,129
33.29167,129
33.30000,129
33.30833,128
33.31667,128
33.32500,128
33.33333,128
33.34167,129
33.35000,128
33.35833,129
33.36667,129
33.37500,129
33.38333,129
33.39167,129
33.40000,129
33.40833,129
33.41667,129
33.42500,129
33.43333,129
33.44167,129
33.45000,129
33.45833,129
33.46667,129
33.47500,129
33.48333,129
33.49167,129
33.50000,129
33.50833,129
33.51667,129
33.52500,129
33.53333,128
33.54167,128
33.55000,129
33.55833,129
33.56667,129
33.57500,129
33.58333,128
33.59167,129
33.60000,129
33.60833,129
33.61667,129
33.62500,129
33.63333,129
33.64167,129
33.65000,129
33.65833,129
33.66667,129
33.67500,128
33.68333,128
33.69167,128
33.70000,128
33.70833,128
33.71667,128
33.72500,128
33.73333,128
33.74167,128
33.75000,128
33.75833,129
33.76667,129
33.77500,129
33.78333,129
33.79167,129
33.80000,129
33.80833,129
33.81667,129
33.82500,129
33.83333,129
33.84167,129
33.85000,130
33.85833,129
33.86667,129
33.87500,130
33.88333,130
33.89167,130
33.90000,131
33.90833,131
33.91667,131
33.92500,131
33.93333,130
33.94167,130
33.95000,130
33.95833,130
33.96667,130
33.97500,130
33.98333,129
33.99167,129
34.00000,130
34.00833,130
34.01667,130
34.02500,130
34.03333,130
34.04167,130
34.05000,130
34.05833,130
34.06667,130
34.07500,131
34.08333,131
34.09167,131
34.10000,131
34.10833,131
34.11667,131
34.12500,131
34.13333,131
34.14167,131
34.15000,131
34.15833,131
34.16667,131
34.17500,131
34.18333,131
34.19167,131
34.20000,132
34.20833,132
34.21667,132
34.22500,132
34.23333,132
34.24167,132
34.25000,132
34.25833,132
34.26667,132
34.27500,132
34.28333,132
34.29167,132
34.30000,132
34.30833,132
34.31667,133
34.32500,133
34.33333,133
34.34167,133
34.35000,132
34.35833,132
34.36667,132
34.37500,132
34.38333,132
34.39167,132
34.40000,132
34.40833,133
34.41667,133
34.42500,133
34.43333,133
34.44167,133
34.45000,133
34.45833,133
34.46667,133
34.47500,133
34.48333,133
34.49167,133
34.50000,132
34.50833,132
34.51667,132
34.52500,132
34.53333,132
34.54167,133
34.55000,133
34.55833,133
34.56667,133
34.57500,133
34.58333,133
34.59167,133
34.60000,133
34.60833,133
34.61667,133
34.62500,133
34.63333,133
34.64167,133
34.65000,133
34.65833,133
34.66667,133
34.67500,133
34.68333,133
34.69167,133
34.70000,133
34.70833,133
34.71667,132
34.72500,132
34.73333,133
34.74167,133
34.75000,133
34.75833,133
34.76667,133
34.77500,133
34.78333,133
34.79167,133
34.80000,134
34.80833,133
34.81667,133
34.82500,134
34.83333,134
34.84167,134
34.85000,134
34.85833,134
34.86667,133
34.87500,133
34.88333,133
34.89167,133
34.90000,133
34.90833,133
34.91667,133
34.92500,133
34.93333,133
34.94167,133
34.95000,133
34.95833,133
34.96667,133
34.97500,134
34.98333,134
34.99167,134
35.00000,134
35.00833,134
35.01667,134
35.02500,134
35.03333,134
35.04167,134
35.05000,134
35.05833,134
35.06667,134
35.07500,133
35.08333,134
35.09167,134
35.10000,134
35.10833,134
35.11667,134
35.12500,134
35.13333,134
35.14167,134
35.15000,134
35.15833,134
35.16667,134
35.17500,134
35.18333,134
35.19167,134
35.20000,134
35.20833,134
35.21667,134
35.22500,134
35.23333,135
35.24167,135
35.25000,135
35.25833,135
35.26667,135
35.27500,135
35.28333,135
35.29167,136
35.30000,135
35.30833,136
35.31667,136
35.32500,136
35.33333,136
35.34167,136
35.35000,136
35.35833,136
35.36667,136
35.37500,136
35.38333,135
35.39167,135
35.40000,135
35.40833,136
35.41667,136
35.42500,136
35.43333,136
35.44167,137
35.45000,137
35.45833,137
35.46667,137
35.47500,137
35.48333,136
35.49167,136
35.50000,136
35.50833,136
35.51667,136
35.52500,136
35.53333,136
35.54167,136
35.55000,136
35.55833,135
35.56667,135
35.57500,135
35.58333,136
35.59167,136
35.60000,136
35.60833,136
35.61667,136
35.62500,136
35.63333,136
35.64167,136
35.65000,136
35.65833,136
35.66667,136
35.67500,136
35.68333,136
35.69167,137
35.70000,137
35.70833,137
35.71667,137
35.72500,137
35.73333,136
35.74167,136
35.75000,136
35.75833,137
35.76667,137
35.77500,137
35.78333,137
35.79167,137
35.80000,136
35.80833,136
35.81667,136
35.82500,136
35.83333,136
35.84167,137
35.85000,137
35.85833,137
35.86667,137
35.87500,137
35.88333,137
35.89167,137
35.90000,137
35.90833,138
35.91667,138
35.92500,138
35.93333,138
35.94167,137
35.95000,137
35.95833,138
35.96667,137
35.97500,137
35.98333,137
35.99167,138
36.00000,138
36.00833,138
36.01667,138
36.02500,138
36.03333,138
36.04167,138
36.05000,138
36.05833,138
36.06667,138
36.07500,138
36.08333,138
36.09167,138
36.10000,137
36.10833,137
36.11667,137
36.12500,137
36.13333,137
36.14167,138
36.15000,138
36.15833,138
36.16667,138
36.17500,138
36.18333,138
36.19167,138
36.20000,138
36.20833,138
36.21667,138
36.22500,138
36.23333,138
36.24167,138
36.25000,138
36.25833,139
36.26667,139
36.27500,139
36.28333,139
36.29167,139
36.30000,139
36.30833,139
36.31667,139
36.32500,139
36.33333,139
36.34167,139
36.35000,139
36.35833,139
36.36667,139
36.37500,139
36.38333,139
36.39167,139
36.40000,139
36.40833,139
36.41667,139
36.42500,139
36.43333,139
36.44167,139
36.45000,139
36.45833,139
36.46667,140
36.47500,140
36.48333,140
36.49167,140
36.50000,140
36.50833,139
36.51667,139
36.52500,139
36.53333,139
36.54167,139
36.55000,139
36.55833,139
36.56667,140
36.57500,140
36.58333,139
36.59167,139
36.60000,139
36.60833,139
36.61667,139
36.62500,139
36.63333,139
36.64167,140
36.65000,140
36.65833,140
36.66667,140
36.67500,140
36.68333,140
36.69167,140
36.70000,140
36.70833,140
36.71667,140
36.72500,140
36.73333,140
36.74167,139
36.75000,140
36.75833,139
36.76667,139
36.77500,139
36.78333,139
36.79167,139
36.80000,139
36.80833,139
36.81667,139
36.82500,139
36.83333,139
36.84167,139
36.85000,139
36.85833,139
36.86667,139
36.87500,140
36.88333,140
36.89167,140
36.90000,140
36.90833,141
36.91667,141
36.92500,141
36.93333,141
36.94167,141
36.95000,140
36.95833,140
36.96667,140
36.97500,140
36.98333,140
36.99167,140
37.00000,140
37.00833,140
37.01667,141
37.02500,141
37.03333,141
37.04167,141
37.05000,141
37.05833,141
37.06667,141
37.07500,141
37.08333,141
37.09167,142
37.10000,142
37.10833,142
37.11667,141
37.12500,141
37.13333,141
37.14167,141
37.15000,141
37.15833,140
37.16667,140
37.17500,140
37.18333,140
37.19167,140
37.20000,140
37.20833,140
37.21667,140
37.22500,141
37.23333,141
37.24167,140
37.25000,141
37.25833,141
37.26667,141
37.27500,141
37.28333,142
37.29167,142
37.30000,142
37.30833,142
37.31667,142
37.32500,142
37.33333,142
37.34167,142
37.35000,142
37.35833,142
37.36667,142
37.37500,142
37.38333,142
37.39167,142
37.40000,142
37.40833,142
37.41667,142
37.42500,143
37.43333,143
37.44167,143
37.45000,143
37.45833,142
37.46667,142
37.47500,142
37.48333,142
37.49167,143
37.50000,143
37.50833,144
37.51667,144
37.52500,144
37.53333,144
37.54167,143
37.55000,143
37.55833,143
37.56667,143
37.57500,143
37.58333,143
37.59167,144
37.60000,144
37.60833,144
37.61667,144
37.62500,143
37.63333,144
37.64167,144
37.65000,144
37.65833,144
37.66667,144
37.67500,144
37.68333,143
37.69167,143
37.70000,143
37.70833,143
37.71667,143
37.72500,144
37.73333,144
37.74167,144
37.75000,145
37.75833,145
37.76667,145
37.77500,145
37.78333,145
37.79167,145
37.80000,145
37.80833,145
37.81667,145
37.82500,145
37.83333,144
37.84167,144
37.85000,145
37.85833,144
37.86667,144
37.87500,144
37.88333,144
37.89167,144
37.90000,144
37.90833,144
37.91667,144
37.92500,144
37.93333,144
37.94167,144
37.95000,145
37.95833,145
37.96667,145
37.97500,145
37.98333,145
37.99167,145
38.00000,145
38.00833,144
38.01667,144
38.02500,144
38.03333,144
38.04167,144
38.05000,144
38.05833,144
38.06667,144
38.07500,144
38.08333,145
38.09167,145
38.10000,144
38.10833,144
38.11667,144
38.12500,144
38.13333,144
38.14167,144
38.15000,144
38.15833,144
38.16667,144
38.17500,144
38.18333,144
38.19167,144
38.20000,144
38.20833,144
38.21667,144
38.22500,144
38.23333,144
38.24167,145
38.25000,145
38.25833,145
38.26667,144
38.27500,144
38.28333,144
38.29167,145
38.30000,145
38.30833,145
38.31667,145
38.32500,145
38.33333,144
38.34167,144
38.35000,144
38.35833,145
38.36667,145
38.37500,145
38.38333,144
38.39167,144
38.40000,144
38.40833,144
38.41667,144
38.42500,144
38.43333,144
38.44167,145
38.45000,145
38.45833,145
38.46667,145
38.47500,145
38.48333,145
38.49167,145
38.50000,145
38.50833,145
38.51667,145
38.52500,144
38.53333,144
38.54167,144
38.55000,144
38.55833,144
38.56667,145
38.57500,144
38.58333,144
38.59167,144
38.60000,144
38.60833,145
38.61667,145
38.62500,145
38.63333,145
38.64167,145
38.65000,144
38.65833,144
38.66667,144
38.67500,145
38.68333,145
38.69167,145
38.70000,145
38.70833,145
38.71667,146
38.72500,146
38.73333,145
38.74167,145
38.75000,145
38.75833,145
38.76667,145
38.77500,145
38.78333,145
38.79167,145
38.80000,145
38.80833,145
38.81667,145
38.82500,145
38.83333,145
38.84167,146
38.85000,146
38.85833,146
38.86667,146
38.87500,145
38.88333,145
38.89167,145
38.90000,145
38.90833,146
38.91667,146
38.92500,146
38.93333,146
38.94167,146
38.95000,147
38.95833,147
38.96667,147
38.97500,147
38.98333,147
38.99167,147
39.00000,146
39.00833,146
39.01667,146
39.02500,146
39.03333,146
39.04167,146
39.05000,146
39.05833,146
39.06667,146
39.07500,146
39.08333,146
39.09167,146
39.10000,146
39.10833,146
39.11667,146
39.12500,146
39.13333,146
39.14167,146
39.15000,146
39.15833,147
39.16667,147
39.17500,147
39.18333,147
39.19167,147
39.20000,147
39.20833,147
39.21667,147
39.22500,147
39.23333,147
39.24167,147
39.25000,147
39.25833,147
39.26667,147
39.27500,147
39.28333,147
39.29167,147
39.30000,147
39.30833,147
39.31667,147
39.32500,147
39.33333,147
39.34167,147
39.35000,147
39.35833,147
39.36667,147
39.37500,147
39.38333,146
39.39167,146
39.40000,146
39.40833,147
39.41667,147
39.42500,147
39.43333,147
39.44167,147
39.45000,147
39.45833,147
39.46667,147
39.47500,147
39.48333,147
39.49167,147
39.50000,147
39.50833,147
39.51667,147
39.52500,147
39.53333,147
39.54167,148
39.55000,148
39.55833,148
39.56667,148
39.57500,148
39.58333,148
39.59167,148
39.60000,148
39.60833,148
39.61667,148
39.62500,148
39.63333,149
39.64167,149
39.65000,149
39.65833,149
39.66667,149
39.67500,149
39.68333,149
39.69167,148
39.70000,148
39.70833,148
39.71667,149
39.72500,149
39.73333,149
39.74167,149
39.75000,149
39.75833,149
39.76667,149
39.77500,149
39.78333,149
39.79167,149
39.80000,149
39.80833,148
39.81667,148
39.82500,148
39.83333,148
39.84167,148
39.85000,148
39.85833,149
39.86667,149
39.87500,149
39.88333,149
39.89167,149
39.90000,150
39.90833,150
39.91667,150
39.92500,149
39.93333,149
39.94167,149
39.95000,150
39.95833,149
39.96667,149
39.97500,150
39.98333,150
39.99167,150
40.00000,150

