[Header]
Application Name,LabSolutions
Version,5.97 SP1
Data File Name,C:\Users\cremerlab\Desktop\griffin\2021-04-27_REL606_acetate_turnover_redux\2021-04-27_REL606_DM_acetate_turnover_4282021_001_005.lcd
Output Date,4/28/2021
Output Time,2:57:22 PM

[File Information]
Type,Data File
Generated,4/28/2021 2:17:03 PM
Generated by,System Administrator
Modified,4/28/2021 2:57:22 PM
Modified by,System Administrator

[Sample Information]
Operator Name,System Administrator
Acquired,4/28/2021 2:17:22 PM
Sample Type,0:Unknown
Level,0
Sample Name,2021-04-07_REL606_replicate_002_timepoint_001
Sample ID,001
ISTD Amount1,1
ISTD Amount2,1
ISTD Amount3,1
ISTD Amount4,1
ISTD Amount5,1
ISTD Amount6,1
ISTD Amount7,1
ISTD Amount8,1
ISTD Amount9,1
ISTD Amount10,1
ISTD Amount11,1
ISTD Amount12,1
ISTD Amount13,1
ISTD Amount14,1
ISTD Amount15,1
ISTD Amount16,1
ISTD Amount17,1
ISTD Amount18,1
ISTD Amount19,1
ISTD Amount20,1
ISTD Amount21,1
ISTD Amount22,1
ISTD Amount23,1
ISTD Amount24,1
ISTD Amount25,1
ISTD Amount26,1
ISTD Amount27,1
ISTD Amount28,1
ISTD Amount29,1
ISTD Amount30,1
ISTD Amount31,1
ISTD Amount32,1
Sample Amount,1
Dilution Factor,1
Vial#,10
Injection Volume,20

[Original Files]
Data File,C:\Users\cremerlab\Desktop\griffin\2021-04-27_REL606_acetate_turnover_redux\2021-04-27_REL606_DM_acetate_turnover_4282021_001_005.lcd
Method File,C:\Users\cremerlab\Desktop\griffin\2.5mM_H2SO4_mobile_phase.lcm
Batch File,C:\Users\cremerlab\Desktop\griffin\2021-04-27_REL606_acetate_turnover_redux\2021-04-27_REL606_DM_acetate_turnover.lcb
Report Format File,c:\LabSolutions\System\DEFAULT.lsr

[File Description]


[Configuration]
Instrument Name,HPLC-PC-Instrument1
Instrument #,1
Line #,1
# of Detectors,2
Detector ID,Detector A,Detector B
Detector Name,Detector A,Detector B
# of Channels,1,1

[Peak Table(Detector A)]
# of Peaks,0

[Peak Table(Detector B)]
# of Peaks,5
Peak#,R.Time,I.Time,F.Time,Area,Height,A/H,Conc.,Mark,ID#,Name,k',Plate #,Plate Ht.,Tailing,Resolution,Sep.Factor,Area Ratio,Height Ratio,Conc. %,Norm Conc.
1,10.927,10.433,12.283,245588,13709,17.914,0.000,   ,,,0.000,9317,16.100,1.121,0.000,0.000,0,0,0.000,0.000
2,13.952,12.617,14.267,1543972,41903,36.847,0.000,   ,,,0.277,3215,46.661,0.000,4.209,0.000,0,0,0.000,0.000
3,14.489,14.267,15.133,148104,7098,20.864,0.000, V ,,,0.326,9778,15.340,0.000,0.684,1.178,0,0,0.000,0.000
4,19.233,18.908,19.733,2032,89,22.806,0.000,   ,,,0.760,15952,9.403,1.190,7.939,2.332,0,0,0.000,0.000
5,25.125,24.367,26.233,337540,11383,29.652,0.000,   ,,,1.299,16428,9.131,1.079,8.458,1.709,0,0,0.000,0.000

[LC Chromatogram(Detector B-Ch1)]
Interval(msec),500
# of Points,4801
Start Time(min),0.000
End Time(min),40.000
Intensity Units,mV
Intensity Multiplier,0.001
R.Time (min),Intensity
0.00000,110
0.00833,110
0.01667,2
0.02500,4
0.03333,5
0.04167,7
0.05000,8
0.05833,9
0.06667,10
0.07500,11
0.08333,13
0.09167,14
0.10000,15
0.10833,16
0.11667,17
0.12500,18
0.13333,19
0.14167,19
0.15000,20
0.15833,20
0.16667,21
0.17500,21
0.18333,22
0.19167,23
0.20000,24
0.20833,24
0.21667,25
0.22500,26
0.23333,26
0.24167,27
0.25000,27
0.25833,27
0.26667,27
0.27500,28
0.28333,28
0.29167,28
0.30000,29
0.30833,29
0.31667,29
0.32500,29
0.33333,29
0.34167,29
0.35000,30
0.35833,30
0.36667,30
0.37500,30
0.38333,29
0.39167,29
0.40000,29
0.40833,29
0.41667,29
0.42500,30
0.43333,30
0.44167,30
0.45000,30
0.45833,30
0.46667,30
0.47500,30
0.48333,30
0.49167,29
0.50000,29
0.50833,29
0.51667,29
0.52500,29
0.53333,29
0.54167,29
0.55000,29
0.55833,29
0.56667,29
0.57500,29
0.58333,28
0.59167,27
0.60000,27
0.60833,27
0.61667,27
0.62500,27
0.63333,26
0.64167,26
0.65000,26
0.65833,26
0.66667,26
0.67500,25
0.68333,25
0.69167,24
0.70000,24
0.70833,23
0.71667,23
0.72500,23
0.73333,22
0.74167,22
0.75000,22
0.75833,21
0.76667,21
0.77500,21
0.78333,20
0.79167,20
0.80000,20
0.80833,20
0.81667,20
0.82500,19
0.83333,19
0.84167,19
0.85000,18
0.85833,18
0.86667,18
0.87500,18
0.88333,18
0.89167,17
0.90000,17
0.90833,17
0.91667,17
0.92500,16
0.93333,16
0.94167,16
0.95000,15
0.95833,15
0.96667,14
0.97500,14
0.98333,14
0.99167,14
1.00000,13
1.00833,13
1.01667,12
1.02500,12
1.03333,11
1.04167,11
1.05000,10
1.05833,9
1.06667,9
1.07500,9
1.08333,9
1.09167,8
1.10000,8
1.10833,7
1.11667,7
1.12500,7
1.13333,6
1.14167,6
1.15000,6
1.15833,6
1.16667,5
1.17500,5
1.18333,4
1.19167,4
1.20000,4
1.20833,4
1.21667,4
1.22500,3
1.23333,3
1.24167,2
1.25000,2
1.25833,1
1.26667,1
1.27500,1
1.28333,1
1.29167,1
1.30000,1
1.30833,0
1.31667,-0
1.32500,-1
1.33333,-1
1.34167,-1
1.35000,-2
1.35833,-2
1.36667,-2
1.37500,-2
1.38333,-3
1.39167,-3
1.40000,-3
1.40833,-4
1.41667,-4
1.42500,-4
1.43333,-4
1.44167,-4
1.45000,-5
1.45833,-5
1.46667,-5
1.47500,-6
1.48333,-6
1.49167,-6
1.50000,-6
1.50833,-6
1.51667,-6
1.52500,-7
1.53333,-7
1.54167,-7
1.55000,-7
1.55833,-8
1.56667,-8
1.57500,-9
1.58333,-9
1.59167,-9
1.60000,-9
1.60833,-9
1.61667,-10
1.62500,-10
1.63333,-10
1.64167,-11
1.65000,-11
1.65833,-11
1.66667,-11
1.67500,-11
1.68333,-11
1.69167,-11
1.70000,-12
1.70833,-12
1.71667,-12
1.72500,-12
1.73333,-12
1.74167,-13
1.75000,-13
1.75833,-13
1.76667,-13
1.77500,-14
1.78333,-14
1.79167,-14
1.80000,-14
1.80833,-14
1.81667,-14
1.82500,-14
1.83333,-14
1.84167,-14
1.85000,-14
1.85833,-14
1.86667,-14
1.87500,-15
1.88333,-15
1.89167,-15
1.90000,-15
1.90833,-15
1.91667,-15
1.92500,-15
1.93333,-15
1.94167,-15
1.95000,-16
1.95833,-16
1.96667,-17
1.97500,-17
1.98333,-17
1.99167,-17
2.00000,-18
2.00833,-18
2.01667,-18
2.02500,-18
2.03333,-18
2.04167,-18
2.05000,-18
2.05833,-18
2.06667,-18
2.07500,-18
2.08333,-18
2.09167,-19
2.10000,-19
2.10833,-20
2.11667,-20
2.12500,-21
2.13333,-20
2.14167,-20
2.15000,-20
2.15833,-21
2.16667,-21
2.17500,-21
2.18333,-21
2.19167,-22
2.20000,-22
2.20833,-22
2.21667,-22
2.22500,-22
2.23333,-23
2.24167,-23
2.25000,-24
2.25833,-24
2.26667,-24
2.27500,-25
2.28333,-25
2.29167,-26
2.30000,-26
2.30833,-27
2.31667,-27
2.32500,-28
2.33333,-29
2.34167,-30
2.35000,-31
2.35833,-32
2.36667,-33
2.37500,-35
2.38333,-36
2.39167,-38
2.40000,-40
2.40833,-41
2.41667,-43
2.42500,-46
2.43333,-48
2.44167,-50
2.45000,-52
2.45833,-54
2.46667,-57
2.47500,-60
2.48333,-63
2.49167,-67
2.50000,-70
2.50833,-74
2.51667,-78
2.52500,-82
2.53333,-86
2.54167,-91
2.55000,-96
2.55833,-101
2.56667,-106
2.57500,-112
2.58333,-117
2.59167,-123
2.60000,-130
2.60833,-136
2.61667,-143
2.62500,-151
2.63333,-158
2.64167,-166
2.65000,-174
2.65833,-183
2.66667,-192
2.67500,-201
2.68333,-211
2.69167,-221
2.70000,-231
2.70833,-241
2.71667,-252
2.72500,-263
2.73333,-274
2.74167,-286
2.75000,-298
2.75833,-310
2.76667,-322
2.77500,-335
2.78333,-347
2.79167,-360
2.80000,-373
2.80833,-387
2.81667,-400
2.82500,-414
2.83333,-428
2.84167,-442
2.85000,-456
2.85833,-470
2.86667,-484
2.87500,-499
2.88333,-513
2.89167,-527
2.90000,-541
2.90833,-555
2.91667,-569
2.92500,-584
2.93333,-597
2.94167,-611
2.95000,-625
2.95833,-639
2.96667,-653
2.97500,-666
2.98333,-680
2.99167,-693
3.00000,-706
3.00833,-719
3.01667,-731
3.02500,-744
3.03333,-756
3.04167,-768
3.05000,-780
3.05833,-791
3.06667,-803
3.07500,-814
3.08333,-825
3.09167,-835
3.10000,-845
3.10833,-855
3.11667,-864
3.12500,-873
3.13333,-882
3.14167,-892
3.15000,-900
3.15833,-909
3.16667,-918
3.17500,-926
3.18333,-933
3.19167,-940
3.20000,-947
3.20833,-954
3.21667,-960
3.22500,-967
3.23333,-973
3.24167,-979
3.25000,-984
3.25833,-989
3.26667,-994
3.27500,-999
3.28333,-1005
3.29167,-1009
3.30000,-1014
3.30833,-1018
3.31667,-1022
3.32500,-1026
3.33333,-1029
3.34167,-1033
3.35000,-1037
3.35833,-1041
3.36667,-1044
3.37500,-1047
3.38333,-1050
3.39167,-1053
3.40000,-1056
3.40833,-1059
3.41667,-1061
3.42500,-1064
3.43333,-1066
3.44167,-1069
3.45000,-1071
3.45833,-1073
3.46667,-1075
3.47500,-1077
3.48333,-1079
3.49167,-1081
3.50000,-1083
3.50833,-1084
3.51667,-1086
3.52500,-1087
3.53333,-1089
3.54167,-1091
3.55000,-1092
3.55833,-1094
3.56667,-1095
3.57500,-1097
3.58333,-1098
3.59167,-1099
3.60000,-1101
3.60833,-1102
3.61667,-1103
3.62500,-1104
3.63333,-1106
3.64167,-1107
3.65000,-1108
3.65833,-1109
3.66667,-1110
3.67500,-1110
3.68333,-1111
3.69167,-1112
3.70000,-1112
3.70833,-1113
3.71667,-1114
3.72500,-1115
3.73333,-1116
3.74167,-1116
3.75000,-1117
3.75833,-1117
3.76667,-1117
3.77500,-1118
3.78333,-1118
3.79167,-1118
3.80000,-1118
3.80833,-1118
3.81667,-1118
3.82500,-1119
3.83333,-1119
3.84167,-1118
3.85000,-1118
3.85833,-1117
3.86667,-1117
3.87500,-1117
3.88333,-1116
3.89167,-1116
3.90000,-1115
3.90833,-1114
3.91667,-1113
3.92500,-1112
3.93333,-1111
3.94167,-1110
3.95000,-1109
3.95833,-1108
3.96667,-1107
3.97500,-1106
3.98333,-1105
3.99167,-1104
4.00000,-1102
4.00833,-1101
4.01667,-1099
4.02500,-1098
4.03333,-1097
4.04167,-1095
4.05000,-1093
4.05833,-1092
4.06667,-1091
4.07500,-1089
4.08333,-1088
4.09167,-1087
4.10000,-1085
4.10833,-1084
4.11667,-1082
4.12500,-1080
4.13333,-1079
4.14167,-1078
4.15000,-1077
4.15833,-1076
4.16667,-1074
4.17500,-1073
4.18333,-1071
4.19167,-1070
4.20000,-1069
4.20833,-1067
4.21667,-1066
4.22500,-1065
4.23333,-1065
4.24167,-1064
4.25000,-1063
4.25833,-1062
4.26667,-1062
4.27500,-1061
4.28333,-1060
4.29167,-1060
4.30000,-1059
4.30833,-1059
4.31667,-1059
4.32500,-1059
4.33333,-1059
4.34167,-1059
4.35000,-1059
4.35833,-1059
4.36667,-1059
4.37500,-1060
4.38333,-1061
4.39167,-1062
4.40000,-1063
4.40833,-1064
4.41667,-1065
4.42500,-1066
4.43333,-1067
4.44167,-1067
4.45000,-1068
4.45833,-1069
4.46667,-1071
4.47500,-1073
4.48333,-1075
4.49167,-1077
4.50000,-1079
4.50833,-1080
4.51667,-1082
4.52500,-1083
4.53333,-1085
4.54167,-1086
4.55000,-1088
4.55833,-1090
4.56667,-1092
4.57500,-1094
4.58333,-1096
4.59167,-1098
4.60000,-1100
4.60833,-1101
4.61667,-1103
4.62500,-1105
4.63333,-1106
4.64167,-1109
4.65000,-1110
4.65833,-1112
4.66667,-1114
4.67500,-1116
4.68333,-1117
4.69167,-1119
4.70000,-1120
4.70833,-1121
4.71667,-1122
4.72500,-1123
4.73333,-1124
4.74167,-1125
4.75000,-1125
4.75833,-1125
4.76667,-1126
4.77500,-1126
4.78333,-1127
4.79167,-1127
4.80000,-1126
4.80833,-1126
4.81667,-1125
4.82500,-1125
4.83333,-1124
4.84167,-1123
4.85000,-1122
4.85833,-1121
4.86667,-1120
4.87500,-1119
4.88333,-1118
4.89167,-1116
4.90000,-1115
4.90833,-1113
4.91667,-1111
4.92500,-1109
4.93333,-1107
4.94167,-1105
4.95000,-1102
4.95833,-1099
4.96667,-1097
4.97500,-1094
4.98333,-1092
4.99167,-1090
5.00000,-1087
5.00833,-1084
5.01667,-1081
5.02500,-1078
5.03333,-1074
5.04167,-1070
5.05000,-1066
5.05833,-1063
5.06667,-1059
5.07500,-1056
5.08333,-1052
5.09167,-1049
5.10000,-1045
5.10833,-1041
5.11667,-1037
5.12500,-1033
5.13333,-1030
5.14167,-1026
5.15000,-1022
5.15833,-1018
5.16667,-1014
5.17500,-1010
5.18333,-1006
5.19167,-1002
5.20000,-997
5.20833,-993
5.21667,-989
5.22500,-985
5.23333,-981
5.24167,-976
5.25000,-972
5.25833,-968
5.26667,-963
5.27500,-959
5.28333,-955
5.29167,-951
5.30000,-947
5.30833,-943
5.31667,-939
5.32500,-935
5.33333,-930
5.34167,-926
5.35000,-922
5.35833,-918
5.36667,-915
5.37500,-910
5.38333,-906
5.39167,-902
5.40000,-898
5.40833,-894
5.41667,-890
5.42500,-887
5.43333,-883
5.44167,-879
5.45000,-875
5.45833,-871
5.46667,-867
5.47500,-863
5.48333,-860
5.49167,-856
5.50000,-853
5.50833,-849
5.51667,-845
5.52500,-841
5.53333,-838
5.54167,-834
5.55000,-831
5.55833,-827
5.56667,-824
5.57500,-820
5.58333,-817
5.59167,-813
5.60000,-810
5.60833,-807
5.61667,-803
5.62500,-800
5.63333,-797
5.64167,-793
5.65000,-790
5.65833,-787
5.66667,-783
5.67500,-780
5.68333,-777
5.69167,-774
5.70000,-770
5.70833,-767
5.71667,-763
5.72500,-760
5.73333,-757
5.74167,-754
5.75000,-751
5.75833,-748
5.76667,-745
5.77500,-742
5.78333,-739
5.79167,-736
5.80000,-732
5.80833,-729
5.81667,-727
5.82500,-724
5.83333,-721
5.84167,-718
5.85000,-714
5.85833,-711
5.86667,-708
5.87500,-705
5.88333,-702
5.89167,-699
5.90000,-696
5.90833,-693
5.91667,-690
5.92500,-687
5.93333,-684
5.94167,-681
5.95000,-677
5.95833,-674
5.96667,-671
5.97500,-668
5.98333,-665
5.99167,-662
6.00000,-659
6.00833,-656
6.01667,-653
6.02500,-650
6.03333,-647
6.04167,-644
6.05000,-640
6.05833,-637
6.06667,-634
6.07500,-631
6.08333,-628
6.09167,-624
6.10000,-621
6.10833,-618
6.11667,-615
6.12500,-613
6.13333,-611
6.14167,-608
6.15000,-604
6.15833,-601
6.16667,-598
6.17500,-595
6.18333,-591
6.19167,-588
6.20000,-585
6.20833,-582
6.21667,-578
6.22500,-575
6.23333,-572
6.24167,-568
6.25000,-565
6.25833,-561
6.26667,-558
6.27500,-555
6.28333,-551
6.29167,-548
6.30000,-545
6.30833,-542
6.31667,-538
6.32500,-534
6.33333,-530
6.34167,-527
6.35000,-524
6.35833,-520
6.36667,-517
6.37500,-514
6.38333,-511
6.39167,-507
6.40000,-504
6.40833,-500
6.41667,-497
6.42500,-493
6.43333,-490
6.44167,-486
6.45000,-482
6.45833,-479
6.46667,-475
6.47500,-472
6.48333,-469
6.49167,-465
6.50000,-462
6.50833,-458
6.51667,-454
6.52500,-451
6.53333,-447
6.54167,-444
6.55000,-441
6.55833,-438
6.56667,-434
6.57500,-431
6.58333,-427
6.59167,-424
6.60000,-420
6.60833,-417
6.61667,-414
6.62500,-410
6.63333,-406
6.64167,-403
6.65000,-400
6.65833,-396
6.66667,-393
6.67500,-389
6.68333,-386
6.69167,-383
6.70000,-379
6.70833,-376
6.71667,-373
6.72500,-370
6.73333,-366
6.74167,-363
6.75000,-360
6.75833,-357
6.76667,-354
6.77500,-351
6.78333,-348
6.79167,-345
6.80000,-342
6.80833,-339
6.81667,-336
6.82500,-333
6.83333,-330
6.84167,-327
6.85000,-324
6.85833,-321
6.86667,-318
6.87500,-316
6.88333,-313
6.89167,-311
6.90000,-308
6.90833,-305
6.91667,-302
6.92500,-300
6.93333,-297
6.94167,-295
6.95000,-292
6.95833,-290
6.96667,-287
6.97500,-285
6.98333,-283
6.99167,-281
7.00000,-279
7.00833,-276
7.01667,-274
7.02500,-272
7.03333,-271
7.04167,-269
7.05000,-267
7.05833,-265
7.06667,-263
7.07500,-261
7.08333,-259
7.09167,-257
7.10000,-255
7.10833,-253
7.11667,-251
7.12500,-249
7.13333,-247
7.14167,-246
7.15000,-244
7.15833,-242
7.16667,-240
7.17500,-239
7.18333,-237
7.19167,-236
7.20000,-234
7.20833,-232
7.21667,-231
7.22500,-230
7.23333,-228
7.24167,-227
7.25000,-226
7.25833,-224
7.26667,-223
7.27500,-221
7.28333,-220
7.29167,-219
7.30000,-218
7.30833,-218
7.31667,-216
7.32500,-215
7.33333,-214
7.34167,-214
7.35000,-213
7.35833,-211
7.36667,-210
7.37500,-208
7.38333,-207
7.39167,-206
7.40000,-205
7.40833,-204
7.41667,-203
7.42500,-203
7.43333,-202
7.44167,-201
7.45000,-201
7.45833,-200
7.46667,-198
7.47500,-197
7.48333,-196
7.49167,-195
7.50000,-194
7.50833,-194
7.51667,-193
7.52500,-192
7.53333,-191
7.54167,-190
7.55000,-189
7.55833,-188
7.56667,-188
7.57500,-187
7.58333,-187
7.59167,-186
7.60000,-186
7.60833,-185
7.61667,-185
7.62500,-184
7.63333,-184
7.64167,-183
7.65000,-183
7.65833,-182
7.66667,-182
7.67500,-181
7.68333,-180
7.69167,-180
7.70000,-179
7.70833,-178
7.71667,-177
7.72500,-177
7.73333,-176
7.74167,-175
7.75000,-174
7.75833,-174
7.76667,-173
7.77500,-173
7.78333,-172
7.79167,-171
7.80000,-170
7.80833,-170
7.81667,-169
7.82500,-169
7.83333,-168
7.84167,-167
7.85000,-166
7.85833,-166
7.86667,-166
7.87500,-165
7.88333,-165
7.89167,-164
7.90000,-164
7.90833,-163
7.91667,-162
7.92500,-162
7.93333,-161
7.94167,-161
7.95000,-161
7.95833,-160
7.96667,-160
7.97500,-159
7.98333,-159
7.99167,-158
8.00000,-158
8.00833,-157
8.01667,-156
8.02500,-155
8.03333,-155
8.04167,-155
8.05000,-154
8.05833,-154
8.06667,-153
8.07500,-153
8.08333,-153
8.09167,-152
8.10000,-151
8.10833,-150
8.11667,-150
8.12500,-149
8.13333,-149
8.14167,-148
8.15000,-148
8.15833,-147
8.16667,-147
8.17500,-146
8.18333,-146
8.19167,-145
8.20000,-145
8.20833,-144
8.21667,-144
8.22500,-144
8.23333,-144
8.24167,-143
8.25000,-142
8.25833,-142
8.26667,-141
8.27500,-141
8.28333,-141
8.29167,-140
8.30000,-140
8.30833,-139
8.31667,-138
8.32500,-138
8.33333,-137
8.34167,-137
8.35000,-136
8.35833,-135
8.36667,-135
8.37500,-135
8.38333,-134
8.39167,-134
8.40000,-133
8.40833,-133
8.41667,-132
8.42500,-132
8.43333,-132
8.44167,-131
8.45000,-131
8.45833,-130
8.46667,-129
8.47500,-128
8.48333,-128
8.49167,-127
8.50000,-127
8.50833,-126
8.51667,-126
8.52500,-125
8.53333,-125
8.54167,-125
8.55000,-124
8.55833,-124
8.56667,-123
8.57500,-123
8.58333,-123
8.59167,-123
8.60000,-123
8.60833,-122
8.61667,-121
8.62500,-120
8.63333,-120
8.64167,-120
8.65000,-119
8.65833,-119
8.66667,-118
8.67500,-118
8.68333,-117
8.69167,-117
8.70000,-117
8.70833,-116
8.71667,-116
8.72500,-115
8.73333,-115
8.74167,-114
8.75000,-114
8.75833,-113
8.76667,-112
8.77500,-111
8.78333,-111
8.79167,-111
8.80000,-110
8.80833,-110
8.81667,-110
8.82500,-110
8.83333,-110
8.84167,-109
8.85000,-109
8.85833,-108
8.86667,-108
8.87500,-107
8.88333,-107
8.89167,-106
8.90000,-106
8.90833,-105
8.91667,-105
8.92500,-104
8.93333,-104
8.94167,-104
8.95000,-103
8.95833,-103
8.96667,-103
8.97500,-103
8.98333,-103
8.99167,-103
9.00000,-102
9.00833,-101
9.01667,-101
9.02500,-100
9.03333,-100
9.04167,-100
9.05000,-99
9.05833,-99
9.06667,-99
9.07500,-98
9.08333,-98
9.09167,-98
9.10000,-98
9.10833,-97
9.11667,-97
9.12500,-96
9.13333,-95
9.14167,-95
9.15000,-95
9.15833,-94
9.16667,-94
9.17500,-94
9.18333,-93
9.19167,-93
9.20000,-92
9.20833,-92
9.21667,-92
9.22500,-92
9.23333,-91
9.24167,-91
9.25000,-91
9.25833,-91
9.26667,-91
9.27500,-90
9.28333,-89
9.29167,-89
9.30000,-89
9.30833,-88
9.31667,-88
9.32500,-88
9.33333,-88
9.34167,-88
9.35000,-88
9.35833,-88
9.36667,-88
9.37500,-87
9.38333,-86
9.39167,-86
9.40000,-85
9.40833,-85
9.41667,-85
9.42500,-85
9.43333,-84
9.44167,-84
9.45000,-83
9.45833,-83
9.46667,-83
9.47500,-82
9.48333,-82
9.49167,-81
9.50000,-81
9.50833,-81
9.51667,-81
9.52500,-81
9.53333,-80
9.54167,-80
9.55000,-80
9.55833,-80
9.56667,-79
9.57500,-79
9.58333,-79
9.59167,-79
9.60000,-78
9.60833,-78
9.61667,-78
9.62500,-78
9.63333,-78
9.64167,-78
9.65000,-77
9.65833,-77
9.66667,-77
9.67500,-76
9.68333,-76
9.69167,-76
9.70000,-76
9.70833,-76
9.71667,-75
9.72500,-75
9.73333,-74
9.74167,-74
9.75000,-74
9.75833,-73
9.76667,-73
9.77500,-73
9.78333,-73
9.79167,-73
9.80000,-72
9.80833,-72
9.81667,-72
9.82500,-71
9.83333,-71
9.84167,-71
9.85000,-71
9.85833,-70
9.86667,-70
9.87500,-70
9.88333,-69
9.89167,-69
9.90000,-68
9.90833,-68
9.91667,-68
9.92500,-68
9.93333,-68
9.94167,-67
9.95000,-67
9.95833,-66
9.96667,-66
9.97500,-66
9.98333,-65
9.99167,-65
10.00000,-65
10.00833,-64
10.01667,-64
10.02500,-63
10.03333,-63
10.04167,-62
10.05000,-62
10.05833,-61
10.06667,-61
10.07500,-60
10.08333,-59
10.09167,-59
10.10000,-58
10.10833,-58
10.11667,-58
10.12500,-57
10.13333,-57
10.14167,-56
10.15000,-55
10.15833,-55
10.16667,-54
10.17500,-53
10.18333,-51
10.19167,-50
10.20000,-49
10.20833,-49
10.21667,-48
10.22500,-47
10.23333,-46
10.24167,-45
10.25000,-45
10.25833,-45
10.26667,-45
10.27500,-44
10.28333,-43
10.29167,-43
10.30000,-42
10.30833,-42
10.31667,-41
10.32500,-40
10.33333,-40
10.34167,-39
10.35000,-39
10.35833,-38
10.36667,-38
10.37500,-37
10.38333,-37
10.39167,-37
10.40000,-36
10.40833,-36
10.41667,-36
10.42500,-35
10.43333,-35
10.44167,-34
10.45000,-33
10.45833,-32
10.46667,-30
10.47500,-29
10.48333,-27
10.49167,-24
10.50000,-21
10.50833,-18
10.51667,-13
10.52500,-8
10.53333,-1
10.54167,8
10.55000,20
10.55833,34
10.56667,51
10.57500,73
10.58333,100
10.59167,133
10.60000,175
10.60833,225
10.61667,285
10.62500,358
10.63333,444
10.64167,545
10.65000,663
10.65833,800
10.66667,957
10.67500,1137
10.68333,1341
10.69167,1570
10.70000,1827
10.70833,2113
10.71667,2429
10.72500,2776
10.73333,3152
10.74167,3560
10.75000,3998
10.75833,4466
10.76667,4962
10.77500,5484
10.78333,6030
10.79167,6596
10.80000,7180
10.80833,7775
10.81667,8377
10.82500,8980
10.83333,9577
10.84167,10162
10.85000,10727
10.85833,11265
10.86667,11767
10.87500,12225
10.88333,12633
10.89167,12983
10.90000,13268
10.90833,13484
10.91667,13624
10.92500,13687
10.93333,13669
10.94167,13570
10.95000,13392
10.95833,13138
10.96667,12812
10.97500,12419
10.98333,11967
10.99167,11465
11.00000,10920
11.00833,10342
11.01667,9741
11.02500,9126
11.03333,8507
11.04167,7891
11.05000,7286
11.05833,6700
11.06667,6136
11.07500,5600
11.08333,5095
11.09167,4624
11.10000,4187
11.10833,3785
11.11667,3418
11.12500,3084
11.13333,2782
11.14167,2510
11.15000,2267
11.15833,2049
11.16667,1856
11.17500,1684
11.18333,1532
11.19167,1396
11.20000,1277
11.20833,1171
11.21667,1077
11.22500,994
11.23333,920
11.24167,855
11.25000,796
11.25833,744
11.26667,698
11.27500,657
11.28333,621
11.29167,588
11.30000,560
11.30833,534
11.31667,511
11.32500,491
11.33333,472
11.34167,456
11.35000,441
11.35833,428
11.36667,416
11.37500,405
11.38333,395
11.39167,385
11.40000,376
11.40833,368
11.41667,360
11.42500,353
11.43333,346
11.44167,339
11.45000,332
11.45833,326
11.46667,320
11.47500,313
11.48333,307
11.49167,301
11.50000,295
11.50833,289
11.51667,282
11.52500,276
11.53333,270
11.54167,264
11.55000,258
11.55833,252
11.56667,247
11.57500,241
11.58333,236
11.59167,230
11.60000,224
11.60833,218
11.61667,213
11.62500,207
11.63333,201
11.64167,196
11.65000,190
11.65833,185
11.66667,180
11.67500,175
11.68333,170
11.69167,166
11.70000,161
11.70833,156
11.71667,152
11.72500,147
11.73333,143
11.74167,139
11.75000,135
11.75833,131
11.76667,127
11.77500,123
11.78333,119
11.79167,115
11.80000,111
11.80833,108
11.81667,105
11.82500,101
11.83333,98
11.84167,95
11.85000,92
11.85833,89
11.86667,85
11.87500,82
11.88333,79
11.89167,75
11.90000,73
11.90833,70
11.91667,68
11.92500,65
11.93333,62
11.94167,60
11.95000,57
11.95833,55
11.96667,52
11.97500,50
11.98333,48
11.99167,46
12.00000,44
12.00833,42
12.01667,41
12.02500,39
12.03333,37
12.04167,36
12.05000,34
12.05833,33
12.06667,32
12.07500,30
12.08333,29
12.09167,27
12.10000,26
12.10833,25
12.11667,24
12.12500,22
12.13333,21
12.14167,21
12.15000,20
12.15833,19
12.16667,18
12.17500,17
12.18333,16
12.19167,15
12.20000,14
12.20833,13
12.21667,13
12.22500,13
12.23333,12
12.24167,12
12.25000,11
12.25833,11
12.26667,10
12.27500,10
12.28333,9
12.29167,9
12.30000,10
12.30833,10
12.31667,10
12.32500,10
12.33333,10
12.34167,10
12.35000,10
12.35833,10
12.36667,10
12.37500,9
12.38333,9
12.39167,9
12.40000,9
12.40833,9
12.41667,8
12.42500,8
12.43333,8
12.44167,9
12.45000,9
12.45833,9
12.46667,9
12.47500,9
12.48333,9
12.49167,9
12.50000,9
12.50833,9
12.51667,9
12.52500,9
12.53333,9
12.54167,9
12.55000,9
12.55833,9
12.56667,9
12.57500,9
12.58333,9
12.59167,9
12.60000,10
12.60833,10
12.61667,11
12.62500,12
12.63333,13
12.64167,15
12.65000,16
12.65833,18
12.66667,21
12.67500,25
12.68333,30
12.69167,36
12.70000,43
12.70833,52
12.71667,62
12.72500,75
12.73333,91
12.74167,109
12.75000,131
12.75833,156
12.76667,185
12.77500,219
12.78333,257
12.79167,300
12.80000,348
12.80833,402
12.81667,462
12.82500,527
12.83333,598
12.84167,676
12.85000,761
12.85833,852
12.86667,951
12.87500,1056
12.88333,1167
12.89167,1285
12.90000,1410
12.90833,1541
12.91667,1678
12.92500,1821
12.93333,1971
12.94167,2126
12.95000,2288
12.95833,2455
12.96667,2627
12.97500,2805
12.98333,2988
12.99167,3176
13.00000,3368
13.00833,3566
13.01667,3767
13.02500,3973
13.03333,4183
13.04167,4396
13.05000,4614
13.05833,4835
13.06667,5059
13.07500,5287
13.08333,5518
13.09167,5753
13.10000,5990
13.10833,6231
13.11667,6474
13.12500,6721
13.13333,6971
13.14167,7223
13.15000,7478
13.15833,7735
13.16667,7995
13.17500,8258
13.18333,8523
13.19167,8790
13.20000,9061
13.20833,9333
13.21667,9608
13.22500,9886
13.23333,10165
13.24167,10447
13.25000,10731
13.25833,11017
13.26667,11305
13.27500,11596
13.28333,11890
13.29167,12185
13.30000,12483
13.30833,12783
13.31667,13086
13.32500,13390
13.33333,13697
13.34167,14007
13.35000,14318
13.35833,14632
13.36667,14947
13.37500,15266
13.38333,15586
13.39167,15908
13.40000,16233
13.40833,16560
13.41667,16889
13.42500,17220
13.43333,17554
13.44167,17890
13.45000,18228
13.45833,18569
13.46667,18912
13.47500,19257
13.48333,19605
13.49167,19955
13.50000,20307
13.50833,20662
13.51667,21020
13.52500,21379
13.53333,21741
13.54167,22106
13.55000,22472
13.55833,22842
13.56667,23213
13.57500,23588
13.58333,23965
13.59167,24344
13.60000,24726
13.60833,25111
13.61667,25498
13.62500,25888
13.63333,26281
13.64167,26676
13.65000,27073
13.65833,27474
13.66667,27877
13.67500,28283
13.68333,28692
13.69167,29103
13.70000,29517
13.70833,29934
13.71667,30353
13.72500,30776
13.73333,31201
13.74167,31629
13.75000,32060
13.75833,32494
13.76667,32931
13.77500,33371
13.78333,33814
13.79167,34259
13.80000,34708
13.80833,35159
13.81667,35613
13.82500,36071
13.83333,36531
13.84167,36993
13.85000,37458
13.85833,37926
13.86667,38395
13.87500,38864
13.88333,39332
13.89167,39795
13.90000,40247
13.90833,40681
13.91667,41085
13.92500,41444
13.93333,41739
13.94167,41949
13.95000,42047
13.95833,42007
13.96667,41801
13.97500,41405
13.98333,40799
13.99167,39970
14.00000,38913
14.00833,37630
14.01667,36136
14.02500,34453
14.03333,32610
14.04167,30643
14.05000,28591
14.05833,26493
14.06667,24388
14.07500,22312
14.08333,20297
14.09167,18370
14.10000,16551
14.10833,14854
14.11667,13289
14.12500,11859
14.13333,10565
14.14167,9403
14.15000,8369
14.15833,7455
14.16667,6652
14.17500,5953
14.18333,5348
14.19167,4830
14.20000,4390
14.20833,4023
14.21667,3720
14.22500,3477
14.23333,3288
14.24167,3149
14.25000,3056
14.25833,3005
14.26667,2993
14.27500,3017
14.28333,3076
14.29167,3165
14.30000,3283
14.30833,3426
14.31667,3592
14.32500,3779
14.33333,3984
14.34167,4204
14.35000,4436
14.35833,4677
14.36667,4923
14.37500,5172
14.38333,5420
14.39167,5664
14.40000,5901
14.40833,6127
14.41667,6340
14.42500,6538
14.43333,6716
14.44167,6873
14.45000,7008
14.45833,7118
14.46667,7203
14.47500,7261
14.48333,7292
14.49167,7297
14.50000,7275
14.50833,7226
14.51667,7153
14.52500,7055
14.53333,6936
14.54167,6796
14.55000,6638
14.55833,6463
14.56667,6273
14.57500,6071
14.58333,5859
14.59167,5639
14.60000,5414
14.60833,5184
14.61667,4953
14.62500,4721
14.63333,4490
14.64167,4263
14.65000,4039
14.65833,3821
14.66667,3609
14.67500,3403
14.68333,3205
14.69167,3014
14.70000,2832
14.70833,2658
14.71667,2493
14.72500,2336
14.73333,2188
14.74167,2048
14.75000,1917
14.75833,1793
14.76667,1678
14.77500,1570
14.78333,1468
14.79167,1374
14.80000,1285
14.80833,1203
14.81667,1127
14.82500,1056
14.83333,991
14.84167,930
14.85000,873
14.85833,820
14.86667,771
14.87500,726
14.88333,685
14.89167,646
14.90000,611
14.90833,578
14.91667,548
14.92500,519
14.93333,494
14.94167,470
14.95000,448
14.95833,427
14.96667,409
14.97500,392
14.98333,376
14.99167,362
15.00000,349
15.00833,337
15.01667,326
15.02500,316
15.03333,307
15.04167,300
15.05000,293
15.05833,287
15.06667,281
15.07500,277
15.08333,273
15.09167,270
15.10000,267
15.10833,265
15.11667,264
15.12500,263
15.13333,263
15.14167,263
15.15000,263
15.15833,263
15.16667,264
15.17500,265
15.18333,266
15.19167,267
15.20000,269
15.20833,271
15.21667,272
15.22500,273
15.23333,275
15.24167,276
15.25000,277
15.25833,278
15.26667,279
15.27500,279
15.28333,279
15.29167,279
15.30000,278
15.30833,278
15.31667,276
15.32500,275
15.33333,272
15.34167,270
15.35000,268
15.35833,265
15.36667,262
15.37500,259
15.38333,256
15.39167,252
15.40000,248
15.40833,244
15.41667,239
15.42500,235
15.43333,230
15.44167,226
15.45000,221
15.45833,217
15.46667,213
15.47500,209
15.48333,205
15.49167,200
15.50000,196
15.50833,192
15.51667,188
15.52500,184
15.53333,181
15.54167,177
15.55000,173
15.55833,170
15.56667,167
15.57500,163
15.58333,160
15.59167,158
15.60000,155
15.60833,153
15.61667,150
15.62500,148
15.63333,146
15.64167,144
15.65000,142
15.65833,140
15.66667,138
15.67500,136
15.68333,134
15.69167,133
15.70000,132
15.70833,131
15.71667,130
15.72500,129
15.73333,128
15.74167,126
15.75000,125
15.75833,124
15.76667,123
15.77500,123
15.78333,122
15.79167,121
15.80000,120
15.80833,119
15.81667,118
15.82500,118
15.83333,117
15.84167,116
15.85000,115
15.85833,114
15.86667,113
15.87500,112
15.88333,111
15.89167,110
15.90000,110
15.90833,109
15.91667,109
15.92500,108
15.93333,108
15.94167,107
15.95000,107
15.95833,106
15.96667,105
15.97500,105
15.98333,104
15.99167,103
16.00000,103
16.00833,102
16.01667,101
16.02500,101
16.03333,100
16.04167,100
16.05000,100
16.05833,99
16.06667,99
16.07500,98
16.08333,98
16.09167,97
16.10000,97
16.10833,96
16.11667,96
16.12500,95
16.13333,95
16.14167,95
16.15000,95
16.15833,95
16.16667,94
16.17500,94
16.18333,94
16.19167,93
16.20000,93
16.20833,92
16.21667,92
16.22500,91
16.23333,91
16.24167,91
16.25000,91
16.25833,91
16.26667,91
16.27500,90
16.28333,89
16.29167,89
16.30000,88
16.30833,88
16.31667,88
16.32500,88
16.33333,88
16.34167,88
16.35000,88
16.35833,88
16.36667,87
16.37500,87
16.38333,87
16.39167,87
16.40000,86
16.40833,86
16.41667,85
16.42500,85
16.43333,85
16.44167,85
16.45000,85
16.45833,84
16.46667,84
16.47500,84
16.48333,83
16.49167,83
16.50000,83
16.50833,83
16.51667,83
16.52500,83
16.53333,82
16.54167,82
16.55000,81
16.55833,81
16.56667,81
16.57500,81
16.58333,80
16.59167,80
16.60000,80
16.60833,79
16.61667,79
16.62500,79
16.63333,78
16.64167,78
16.65000,78
16.65833,77
16.66667,77
16.67500,77
16.68333,76
16.69167,76
16.70000,76
16.70833,75
16.71667,75
16.72500,75
16.73333,75
16.74167,74
16.75000,74
16.75833,73
16.76667,73
16.77500,72
16.78333,72
16.79167,71
16.80000,71
16.80833,71
16.81667,71
16.82500,70
16.83333,71
16.84167,71
16.85000,71
16.85833,70
16.86667,70
16.87500,70
16.88333,70
16.89167,69
16.90000,68
16.90833,68
16.91667,67
16.92500,67
16.93333,67
16.94167,67
16.95000,67
16.95833,67
16.96667,67
16.97500,66
16.98333,66
16.99167,66
17.00000,65
17.00833,65
17.01667,65
17.02500,64
17.03333,64
17.04167,64
17.05000,64
17.05833,64
17.06667,64
17.07500,63
17.08333,63
17.09167,63
17.10000,62
17.10833,62
17.11667,62
17.12500,62
17.13333,62
17.14167,62
17.15000,61
17.15833,61
17.16667,60
17.17500,60
17.18333,60
17.19167,60
17.20000,60
17.20833,60
17.21667,60
17.22500,60
17.23333,60
17.24167,59
17.25000,59
17.25833,59
17.26667,58
17.27500,58
17.28333,58
17.29167,58
17.30000,58
17.30833,57
17.31667,57
17.32500,57
17.33333,57
17.34167,57
17.35000,57
17.35833,56
17.36667,56
17.37500,56
17.38333,56
17.39167,56
17.40000,56
17.40833,56
17.41667,55
17.42500,55
17.43333,54
17.44167,54
17.45000,54
17.45833,54
17.46667,54
17.47500,54
17.48333,54
17.49167,54
17.50000,54
17.50833,54
17.51667,54
17.52500,54
17.53333,54
17.54167,54
17.55000,53
17.55833,53
17.56667,53
17.57500,52
17.58333,52
17.59167,52
17.60000,51
17.60833,52
17.61667,52
17.62500,53
17.63333,53
17.64167,53
17.65000,53
17.65833,52
17.66667,52
17.67500,52
17.68333,52
17.69167,52
17.70000,52
17.70833,52
17.71667,52
17.72500,51
17.73333,51
17.74167,52
17.75000,52
17.75833,52
17.76667,52
17.77500,52
17.78333,52
17.79167,52
17.80000,52
17.80833,52
17.81667,52
17.82500,52
17.83333,52
17.84167,52
17.85000,53
17.85833,53
17.86667,53
17.87500,54
17.88333,54
17.89167,54
17.90000,53
17.90833,53
17.91667,53
17.92500,53
17.93333,53
17.94167,54
17.95000,54
17.95833,54
17.96667,54
17.97500,54
17.98333,54
17.99167,54
18.00000,54
18.00833,54
18.01667,53
18.02500,53
18.03333,53
18.04167,53
18.05000,53
18.05833,53
18.06667,53
18.07500,53
18.08333,53
18.09167,53
18.10000,52
18.10833,52
18.11667,52
18.12500,52
18.13333,52
18.14167,52
18.15000,51
18.15833,51
18.16667,51
18.17500,51
18.18333,51
18.19167,51
18.20000,50
18.20833,50
18.21667,49
18.22500,49
18.23333,49
18.24167,49
18.25000,49
18.25833,49
18.26667,49
18.27500,49
18.28333,49
18.29167,48
18.30000,48
18.30833,47
18.31667,47
18.32500,47
18.33333,47
18.34167,47
18.35000,47
18.35833,47
18.36667,47
18.37500,46
18.38333,46
18.39167,47
18.40000,47
18.40833,47
18.41667,47
18.42500,47
18.43333,46
18.44167,46
18.45000,46
18.45833,46
18.46667,46
18.47500,46
18.48333,47
18.49167,47
18.50000,46
18.50833,46
18.51667,46
18.52500,46
18.53333,46
18.54167,46
18.55000,46
18.55833,46
18.56667,46
18.57500,46
18.58333,46
18.59167,47
18.60000,47
18.60833,47
18.61667,47
18.62500,47
18.63333,47
18.64167,47
18.65000,47
18.65833,47
18.66667,48
18.67500,48
18.68333,48
18.69167,47
18.70000,47
18.70833,47
18.71667,47
18.72500,46
18.73333,46
18.74167,47
18.75000,47
18.75833,47
18.76667,47
18.77500,48
18.78333,48
18.79167,49
18.80000,49
18.80833,49
18.81667,48
18.82500,48
18.83333,48
18.84167,49
18.85000,49
18.85833,50
18.86667,50
18.87500,51
18.88333,51
18.89167,52
18.90000,53
18.90833,54
18.91667,55
18.92500,57
18.93333,59
18.94167,60
18.95000,62
18.95833,64
18.96667,66
18.97500,68
18.98333,70
18.99167,72
19.00000,74
19.00833,77
19.01667,79
19.02500,82
19.03333,85
19.04167,88
19.05000,91
19.05833,94
19.06667,98
19.07500,101
19.08333,104
19.09167,107
19.10000,110
19.10833,113
19.11667,116
19.12500,119
19.13333,121
19.14167,124
19.15000,127
19.15833,129
19.16667,131
19.17500,133
19.18333,135
19.19167,137
19.20000,138
19.20833,139
19.21667,140
19.22500,140
19.23333,141
19.24167,140
19.25000,140
19.25833,139
19.26667,138
19.27500,137
19.28333,136
19.29167,135
19.30000,133
19.30833,132
19.31667,130
19.32500,128
19.33333,126
19.34167,124
19.35000,121
19.35833,119
19.36667,117
19.37500,114
19.38333,111
19.39167,109
19.40000,105
19.40833,102
19.41667,99
19.42500,96
19.43333,94
19.44167,91
19.45000,89
19.45833,86
19.46667,84
19.47500,81
19.48333,79
19.49167,77
19.50000,75
19.50833,73
19.51667,71
19.52500,69
19.53333,67
19.54167,65
19.55000,64
19.55833,63
19.56667,62
19.57500,61
19.58333,60
19.59167,59
19.60000,58
19.60833,57
19.61667,56
19.62500,55
19.63333,54
19.64167,53
19.65000,52
19.65833,52
19.66667,51
19.67500,51
19.68333,50
19.69167,49
19.70000,49
19.70833,48
19.71667,48
19.72500,48
19.73333,47
19.74167,47
19.75000,46
19.75833,46
19.76667,46
19.77500,47
19.78333,46
19.79167,46
19.80000,47
19.80833,47
19.81667,46
19.82500,46
19.83333,46
19.84167,46
19.85000,45
19.85833,45
19.86667,45
19.87500,45
19.88333,45
19.89167,44
19.90000,44
19.90833,45
19.91667,45
19.92500,45
19.93333,45
19.94167,45
19.95000,45
19.95833,44
19.96667,44
19.97500,44
19.98333,44
19.99167,44
20.00000,44
20.00833,44
20.01667,44
20.02500,44
20.03333,44
20.04167,44
20.05000,44
20.05833,44
20.06667,44
20.07500,44
20.08333,44
20.09167,44
20.10000,44
20.10833,44
20.11667,44
20.12500,44
20.13333,44
20.14167,44
20.15000,44
20.15833,44
20.16667,44
20.17500,44
20.18333,44
20.19167,44
20.20000,44
20.20833,45
20.21667,45
20.22500,45
20.23333,45
20.24167,45
20.25000,45
20.25833,45
20.26667,45
20.27500,45
20.28333,45
20.29167,45
20.30000,45
20.30833,45
20.31667,45
20.32500,45
20.33333,45
20.34167,45
20.35000,45
20.35833,45
20.36667,45
20.37500,45
20.38333,46
20.39167,46
20.40000,46
20.40833,46
20.41667,46
20.42500,46
20.43333,46
20.44167,46
20.45000,45
20.45833,45
20.46667,45
20.47500,45
20.48333,45
20.49167,46
20.50000,46
20.50833,46
20.51667,46
20.52500,46
20.53333,46
20.54167,46
20.55000,46
20.55833,46
20.56667,46
20.57500,46
20.58333,46
20.59167,46
20.60000,46
20.60833,46
20.61667,46
20.62500,46
20.63333,46
20.64167,46
20.65000,46
20.65833,47
20.66667,47
20.67500,47
20.68333,47
20.69167,47
20.70000,47
20.70833,47
20.71667,48
20.72500,48
20.73333,48
20.74167,48
20.75000,49
20.75833,49
20.76667,49
20.77500,49
20.78333,49
20.79167,49
20.80000,49
20.80833,49
20.81667,50
20.82500,50
20.83333,50
20.84167,50
20.85000,50
20.85833,50
20.86667,50
20.87500,51
20.88333,51
20.89167,52
20.90000,52
20.90833,52
20.91667,52
20.92500,53
20.93333,53
20.94167,53
20.95000,53
20.95833,54
20.96667,54
20.97500,54
20.98333,54
20.99167,54
21.00000,54
21.00833,54
21.01667,54
21.02500,55
21.03333,56
21.04167,56
21.05000,57
21.05833,57
21.06667,58
21.07500,58
21.08333,58
21.09167,59
21.10000,59
21.10833,60
21.11667,61
21.12500,62
21.13333,63
21.14167,64
21.15000,64
21.15833,64
21.16667,65
21.17500,65
21.18333,66
21.19167,67
21.20000,67
21.20833,68
21.21667,68
21.22500,69
21.23333,69
21.24167,70
21.25000,70
21.25833,70
21.26667,71
21.27500,71
21.28333,72
21.29167,72
21.30000,72
21.30833,72
21.31667,71
21.32500,71
21.33333,71
21.34167,71
21.35000,71
21.35833,71
21.36667,71
21.37500,71
21.38333,70
21.39167,70
21.40000,70
21.40833,69
21.41667,69
21.42500,69
21.43333,68
21.44167,68
21.45000,68
21.45833,67
21.46667,67
21.47500,66
21.48333,65
21.49167,65
21.50000,64
21.50833,64
21.51667,63
21.52500,62
21.53333,62
21.54167,61
21.55000,60
21.55833,59
21.56667,59
21.57500,58
21.58333,58
21.59167,57
21.60000,57
21.60833,56
21.61667,56
21.62500,56
21.63333,56
21.64167,55
21.65000,55
21.65833,55
21.66667,54
21.67500,54
21.68333,54
21.69167,53
21.70000,53
21.70833,53
21.71667,53
21.72500,53
21.73333,52
21.74167,52
21.75000,52
21.75833,52
21.76667,52
21.77500,51
21.78333,51
21.79167,51
21.80000,51
21.80833,51
21.81667,51
21.82500,51
21.83333,51
21.84167,51
21.85000,51
21.85833,51
21.86667,51
21.87500,51
21.88333,51
21.89167,50
21.90000,50
21.90833,50
21.91667,50
21.92500,51
21.93333,51
21.94167,51
21.95000,51
21.95833,51
21.96667,51
21.97500,51
21.98333,51
21.99167,51
22.00000,51
22.00833,51
22.01667,51
22.02500,51
22.03333,51
22.04167,51
22.05000,51
22.05833,51
22.06667,51
22.07500,51
22.08333,51
22.09167,51
22.10000,51
22.10833,51
22.11667,51
22.12500,51
22.13333,51
22.14167,50
22.15000,51
22.15833,51
22.16667,51
22.17500,51
22.18333,51
22.19167,51
22.20000,52
22.20833,52
22.21667,52
22.22500,52
22.23333,52
22.24167,52
22.25000,52
22.25833,52
22.26667,52
22.27500,52
22.28333,52
22.29167,51
22.30000,51
22.30833,51
22.31667,51
22.32500,52
22.33333,52
22.34167,52
22.35000,53
22.35833,53
22.36667,53
22.37500,53
22.38333,53
22.39167,53
22.40000,53
22.40833,53
22.41667,53
22.42500,54
22.43333,54
22.44167,54
22.45000,54
22.45833,53
22.46667,53
22.47500,53
22.48333,53
22.49167,52
22.50000,52
22.50833,53
22.51667,53
22.52500,53
22.53333,53
22.54167,53
22.55000,53
22.55833,53
22.56667,53
22.57500,53
22.58333,54
22.59167,54
22.60000,54
22.60833,54
22.61667,54
22.62500,54
22.63333,54
22.64167,54
22.65000,54
22.65833,55
22.66667,55
22.67500,55
22.68333,55
22.69167,56
22.70000,56
22.70833,56
22.71667,56
22.72500,57
22.73333,57
22.74167,58
22.75000,58
22.75833,59
22.76667,60
22.77500,61
22.78333,61
22.79167,62
22.80000,63
22.80833,63
22.81667,64
22.82500,65
22.83333,65
22.84167,66
22.85000,66
22.85833,67
22.86667,67
22.87500,68
22.88333,69
22.89167,70
22.90000,71
22.90833,72
22.91667,73
22.92500,74
22.93333,74
22.94167,75
22.95000,76
22.95833,77
22.96667,77
22.97500,78
22.98333,78
22.99167,79
23.00000,79
23.00833,80
23.01667,80
23.02500,80
23.03333,81
23.04167,81
23.05000,81
23.05833,81
23.06667,81
23.07500,82
23.08333,82
23.09167,82
23.10000,82
23.10833,82
23.11667,81
23.12500,81
23.13333,81
23.14167,81
23.15000,80
23.15833,80
23.16667,79
23.17500,79
23.18333,78
23.19167,77
23.20000,76
23.20833,75
23.21667,74
23.22500,73
23.23333,72
23.24167,72
23.25000,71
23.25833,70
23.26667,70
23.27500,69
23.28333,69
23.29167,68
23.30000,68
23.30833,67
23.31667,66
23.32500,66
23.33333,65
23.34167,65
23.35000,65
23.35833,65
23.36667,64
23.37500,64
23.38333,63
23.39167,63
23.40000,63
23.40833,62
23.41667,62
23.42500,62
23.43333,61
23.44167,61
23.45000,61
23.45833,61
23.46667,60
23.47500,60
23.48333,60
23.49167,60
23.50000,60
23.50833,60
23.51667,60
23.52500,60
23.53333,59
23.54167,59
23.55000,59
23.55833,58
23.56667,58
23.57500,58
23.58333,58
23.59167,58
23.60000,58
23.60833,58
23.61667,58
23.62500,58
23.63333,58
23.64167,58
23.65000,58
23.65833,58
23.66667,58
23.67500,58
23.68333,58
23.69167,58
23.70000,59
23.70833,59
23.71667,58
23.72500,58
23.73333,59
23.74167,59
23.75000,59
23.75833,60
23.76667,60
23.77500,60
23.78333,60
23.79167,59
23.80000,59
23.80833,59
23.81667,59
23.82500,60
23.83333,60
23.84167,60
23.85000,60
23.85833,61
23.86667,61
23.87500,62
23.88333,62
23.89167,62
23.90000,62
23.90833,63
23.91667,63
23.92500,63
23.93333,63
23.94167,64
23.95000,64
23.95833,64
23.96667,64
23.97500,64
23.98333,64
23.99167,64
24.00000,65
24.00833,65
24.01667,65
24.02500,66
24.03333,66
24.04167,66
24.05000,66
24.05833,65
24.06667,65
24.07500,66
24.08333,66
24.09167,66
24.10000,66
24.10833,66
24.11667,66
24.12500,66
24.13333,66
24.14167,66
24.15000,66
24.15833,66
24.16667,66
24.17500,66
24.18333,66
24.19167,65
24.20000,65
24.20833,66
24.21667,66
24.22500,66
24.23333,66
24.24167,66
24.25000,66
24.25833,66
24.26667,66
24.27500,66
24.28333,66
24.29167,66
24.30000,66
24.30833,67
24.31667,67
24.32500,68
24.33333,68
24.34167,69
24.35000,69
24.35833,70
24.36667,70
24.37500,71
24.38333,72
24.39167,73
24.40000,75
24.40833,76
24.41667,78
24.42500,81
24.43333,83
24.44167,86
24.45000,89
24.45833,92
24.46667,96
24.47500,101
24.48333,106
24.49167,111
24.50000,118
24.50833,125
24.51667,133
24.52500,143
24.53333,154
24.54167,166
24.55000,179
24.55833,194
24.56667,211
24.57500,229
24.58333,249
24.59167,272
24.60000,298
24.60833,327
24.61667,359
24.62500,394
24.63333,433
24.64167,476
24.65000,524
24.65833,576
24.66667,634
24.67500,698
24.68333,768
24.69167,844
24.70000,927
24.70833,1017
24.71667,1115
24.72500,1220
24.73333,1335
24.74167,1458
24.75000,1590
24.75833,1731
24.76667,1883
24.77500,2044
24.78333,2216
24.79167,2398
24.80000,2591
24.80833,2794
24.81667,3008
24.82500,3232
24.83333,3466
24.84167,3710
24.85000,3964
24.85833,4228
24.86667,4499
24.87500,4779
24.88333,5066
24.89167,5360
24.90000,5659
24.90833,5963
24.91667,6271
24.92500,6581
24.93333,6892
24.94167,7203
24.95000,7514
24.95833,7821
24.96667,8124
24.97500,8422
24.98333,8713
24.99167,8996
25.00000,9270
25.00833,9533
25.01667,9783
25.02500,10020
25.03333,10243
25.04167,10450
25.05000,10640
25.05833,10812
25.06667,10965
25.07500,11100
25.08333,11214
25.09167,11308
25.10000,11381
25.10833,11433
25.11667,11463
25.12500,11473
25.13333,11461
25.14167,11429
25.15000,11376
25.15833,11303
25.16667,11211
25.17500,11100
25.18333,10970
25.19167,10823
25.20000,10660
25.20833,10481
25.21667,10288
25.22500,10082
25.23333,9864
25.24167,9635
25.25000,9396
25.25833,9148
25.26667,8892
25.27500,8630
25.28333,8362
25.29167,8091
25.30000,7817
25.30833,7541
25.31667,7263
25.32500,6986
25.33333,6709
25.34167,6434
25.35000,6162
25.35833,5894
25.36667,5630
25.37500,5370
25.38333,5116
25.39167,4868
25.40000,4626
25.40833,4390
25.41667,4161
25.42500,3940
25.43333,3726
25.44167,3520
25.45000,3322
25.45833,3132
25.46667,2950
25.47500,2776
25.48333,2609
25.49167,2451
25.50000,2300
25.50833,2157
25.51667,2021
25.52500,1893
25.53333,1772
25.54167,1658
25.55000,1550
25.55833,1449
25.56667,1354
25.57500,1265
25.58333,1182
25.59167,1104
25.60000,1031
25.60833,963
25.61667,899
25.62500,840
25.63333,785
25.64167,734
25.65000,687
25.65833,643
25.66667,603
25.67500,566
25.68333,531
25.69167,500
25.70000,470
25.70833,443
25.71667,418
25.72500,395
25.73333,373
25.74167,354
25.75000,336
25.75833,319
25.76667,303
25.77500,289
25.78333,276
25.79167,264
25.80000,253
25.80833,244
25.81667,235
25.82500,226
25.83333,218
25.84167,211
25.85000,204
25.85833,198
25.86667,193
25.87500,188
25.88333,183
25.89167,178
25.90000,174
25.90833,171
25.91667,168
25.92500,164
25.93333,161
25.94167,158
25.95000,156
25.95833,153
25.96667,150
25.97500,148
25.98333,146
25.99167,144
26.00000,142
26.00833,140
26.01667,138
26.02500,137
26.03333,136
26.04167,135
26.05000,133
26.05833,132
26.06667,132
26.07500,131
26.08333,130
26.09167,129
26.10000,128
26.10833,127
26.11667,126
26.12500,126
26.13333,125
26.14167,124
26.15000,124
26.15833,123
26.16667,122
26.17500,121
26.18333,120
26.19167,120
26.20000,119
26.20833,119
26.21667,118
26.22500,118
26.23333,117
26.24167,117
26.25000,117
26.25833,116
26.26667,116
26.27500,116
26.28333,116
26.29167,116
26.30000,115
26.30833,115
26.31667,114
26.32500,114
26.33333,114
26.34167,113
26.35000,113
26.35833,113
26.36667,112
26.37500,112
26.38333,112
26.39167,111
26.40000,111
26.40833,111
26.41667,110
26.42500,110
26.43333,110
26.44167,109
26.45000,108
26.45833,108
26.46667,108
26.47500,107
26.48333,107
26.49167,106
26.50000,106
26.50833,106
26.51667,106
26.52500,106
26.53333,106
26.54167,105
26.55000,105
26.55833,105
26.56667,105
26.57500,105
26.58333,105
26.59167,105
26.60000,105
26.60833,105
26.61667,105
26.62500,104
26.63333,104
26.64167,103
26.65000,103
26.65833,103
26.66667,102
26.67500,101
26.68333,101
26.69167,100
26.70000,100
26.70833,100
26.71667,100
26.72500,100
26.73333,100
26.74167,101
26.75000,101
26.75833,101
26.76667,101
26.77500,101
26.78333,101
26.79167,100
26.80000,100
26.80833,100
26.81667,99
26.82500,99
26.83333,99
26.84167,99
26.85000,98
26.85833,98
26.86667,98
26.87500,98
26.88333,98
26.89167,98
26.90000,98
26.90833,97
26.91667,97
26.92500,97
26.93333,97
26.94167,97
26.95000,97
26.95833,97
26.96667,97
26.97500,97
26.98333,97
26.99167,97
27.00000,97
27.00833,97
27.01667,97
27.02500,96
27.03333,96
27.04167,96
27.05000,96
27.05833,96
27.06667,95
27.07500,95
27.08333,95
27.09167,95
27.10000,95
27.10833,95
27.11667,95
27.12500,95
27.13333,95
27.14167,95
27.15000,94
27.15833,94
27.16667,94
27.17500,94
27.18333,94
27.19167,94
27.20000,94
27.20833,95
27.21667,95
27.22500,95
27.23333,94
27.24167,94
27.25000,94
27.25833,94
27.26667,94
27.27500,94
27.28333,94
27.29167,93
27.30000,93
27.30833,93
27.31667,93
27.32500,93
27.33333,93
27.34167,93
27.35000,93
27.35833,93
27.36667,93
27.37500,93
27.38333,93
27.39167,94
27.40000,93
27.40833,93
27.41667,93
27.42500,93
27.43333,93
27.44167,92
27.45000,92
27.45833,92
27.46667,92
27.47500,91
27.48333,91
27.49167,91
27.50000,91
27.50833,91
27.51667,90
27.52500,90
27.53333,90
27.54167,90
27.55000,90
27.55833,90
27.56667,90
27.57500,90
27.58333,90
27.59167,89
27.60000,89
27.60833,88
27.61667,88
27.62500,87
27.63333,86
27.64167,85
27.65000,85
27.65833,84
27.66667,84
27.67500,83
27.68333,83
27.69167,82
27.70000,81
27.70833,80
27.71667,79
27.72500,78
27.73333,76
27.74167,75
27.75000,73
27.75833,72
27.76667,71
27.77500,69
27.78333,67
27.79167,66
27.80000,65
27.80833,63
27.81667,61
27.82500,59
27.83333,57
27.84167,55
27.85000,53
27.85833,51
27.86667,48
27.87500,46
27.88333,43
27.89167,40
27.90000,37
27.90833,35
27.91667,32
27.92500,29
27.93333,26
27.94167,23
27.95000,19
27.95833,16
27.96667,13
27.97500,10
27.98333,7
27.99167,3
28.00000,-0
28.00833,-4
28.01667,-7
28.02500,-10
28.03333,-13
28.04167,-16
28.05000,-19
28.05833,-22
28.06667,-25
28.07500,-28
28.08333,-31
28.09167,-34
28.10000,-37
28.10833,-40
28.11667,-43
28.12500,-46
28.13333,-48
28.14167,-51
28.15000,-53
28.15833,-55
28.16667,-57
28.17500,-58
28.18333,-59
28.19167,-60
28.20000,-61
28.20833,-62
28.21667,-63
28.22500,-64
28.23333,-64
28.24167,-65
28.25000,-65
28.25833,-65
28.26667,-65
28.27500,-65
28.28333,-64
28.29167,-63
28.30000,-62
28.30833,-61
28.31667,-60
28.32500,-59
28.33333,-57
28.34167,-55
28.35000,-54
28.35833,-52
28.36667,-50
28.37500,-48
28.38333,-46
28.39167,-44
28.40000,-41
28.40833,-39
28.41667,-36
28.42500,-33
28.43333,-30
28.44167,-28
28.45000,-25
28.45833,-23
28.46667,-20
28.47500,-17
28.48333,-14
28.49167,-12
28.50000,-9
28.50833,-6
28.51667,-3
28.52500,0
28.53333,2
28.54167,5
28.55000,7
28.55833,10
28.56667,12
28.57500,15
28.58333,18
28.59167,20
28.60000,23
28.60833,25
28.61667,27
28.62500,29
28.63333,31
28.64167,33
28.65000,35
28.65833,37
28.66667,39
28.67500,41
28.68333,43
28.69167,44
28.70000,46
28.70833,47
28.71667,49
28.72500,51
28.73333,52
28.74167,54
28.75000,55
28.75833,56
28.76667,57
28.77500,58
28.78333,59
28.79167,59
28.80000,60
28.80833,61
28.81667,62
28.82500,63
28.83333,64
28.84167,65
28.85000,66
28.85833,67
28.86667,68
28.87500,69
28.88333,69
28.89167,70
28.90000,71
28.90833,72
28.91667,72
28.92500,72
28.93333,73
28.94167,74
28.95000,74
28.95833,75
28.96667,75
28.97500,75
28.98333,75
28.99167,76
29.00000,76
29.00833,77
29.01667,77
29.02500,77
29.03333,77
29.04167,77
29.05000,78
29.05833,78
29.06667,78
29.07500,78
29.08333,78
29.09167,78
29.10000,79
29.10833,79
29.11667,79
29.12500,80
29.13333,80
29.14167,80
29.15000,80
29.15833,80
29.16667,81
29.17500,81
29.18333,81
29.19167,81
29.20000,81
29.20833,81
29.21667,82
29.22500,82
29.23333,82
29.24167,81
29.25000,81
29.25833,81
29.26667,81
29.27500,81
29.28333,80
29.29167,80
29.30000,80
29.30833,81
29.31667,81
29.32500,81
29.33333,81
29.34167,81
29.35000,81
29.35833,81
29.36667,80
29.37500,80
29.38333,80
29.39167,79
29.40000,78
29.40833,78
29.41667,78
29.42500,77
29.43333,77
29.44167,76
29.45000,76
29.45833,75
29.46667,75
29.47500,74
29.48333,74
29.49167,73
29.50000,73
29.50833,72
29.51667,71
29.52500,70
29.53333,70
29.54167,69
29.55000,68
29.55833,67
29.56667,66
29.57500,65
29.58333,64
29.59167,63
29.60000,62
29.60833,61
29.61667,60
29.62500,59
29.63333,58
29.64167,57
29.65000,56
29.65833,55
29.66667,54
29.67500,53
29.68333,52
29.69167,50
29.70000,49
29.70833,48
29.71667,47
29.72500,45
29.73333,44
29.74167,43
29.75000,42
29.75833,40
29.76667,39
29.77500,38
29.78333,37
29.79167,36
29.80000,35
29.80833,34
29.81667,33
29.82500,32
29.83333,31
29.84167,30
29.85000,29
29.85833,29
29.86667,28
29.87500,27
29.88333,26
29.89167,26
29.90000,25
29.90833,24
29.91667,24
29.92500,23
29.93333,23
29.94167,23
29.95000,22
29.95833,22
29.96667,22
29.97500,22
29.98333,22
29.99167,22
30.00000,22
30.00833,22
30.01667,23
30.02500,23
30.03333,23
30.04167,23
30.05000,24
30.05833,24
30.06667,25
30.07500,25
30.08333,26
30.09167,27
30.10000,28
30.10833,29
30.11667,29
30.12500,30
30.13333,31
30.14167,32
30.15000,32
30.15833,33
30.16667,34
30.17500,35
30.18333,37
30.19167,38
30.20000,39
30.20833,40
30.21667,41
30.22500,42
30.23333,43
30.24167,44
30.25000,45
30.25833,46
30.26667,47
30.27500,48
30.28333,49
30.29167,50
30.30000,51
30.30833,52
30.31667,53
30.32500,54
30.33333,54
30.34167,55
30.35000,56
30.35833,56
30.36667,57
30.37500,58
30.38333,59
30.39167,60
30.40000,61
30.40833,62
30.41667,62
30.42500,63
30.43333,64
30.44167,64
30.45000,65
30.45833,66
30.46667,66
30.47500,67
30.48333,68
30.49167,68
30.50000,68
30.50833,68
30.51667,69
30.52500,69
30.53333,69
30.54167,70
30.55000,70
30.55833,70
30.56667,69
30.57500,70
30.58333,70
30.59167,70
30.60000,70
30.60833,70
30.61667,71
30.62500,71
30.63333,71
30.64167,71
30.65000,70
30.65833,70
30.66667,70
30.67500,70
30.68333,70
30.69167,70
30.70000,69
30.70833,69
30.71667,69
30.72500,69
30.73333,69
30.74167,69
30.75000,68
30.75833,68
30.76667,68
30.77500,68
30.78333,67
30.79167,67
30.80000,67
30.80833,67
30.81667,67
30.82500,67
30.83333,67
30.84167,67
30.85000,67
30.85833,67
30.86667,67
30.87500,67
30.88333,66
30.89167,66
30.90000,67
30.90833,67
30.91667,67
30.92500,68
30.93333,68
30.94167,68
30.95000,68
30.95833,68
30.96667,68
30.97500,68
30.98333,68
30.99167,69
31.00000,69
31.00833,69
31.01667,69
31.02500,69
31.03333,69
31.04167,70
31.05000,70
31.05833,71
31.06667,71
31.07500,72
31.08333,72
31.09167,72
31.10000,73
31.10833,73
31.11667,74
31.12500,74
31.13333,75
31.14167,75
31.15000,75
31.15833,75
31.16667,76
31.17500,77
31.18333,77
31.19167,78
31.20000,79
31.20833,80
31.21667,80
31.22500,80
31.23333,81
31.24167,81
31.25000,82
31.25833,82
31.26667,82
31.27500,83
31.28333,83
31.29167,83
31.30000,83
31.30833,83
31.31667,84
31.32500,84
31.33333,84
31.34167,85
31.35000,85
31.35833,85
31.36667,85
31.37500,86
31.38333,86
31.39167,86
31.40000,86
31.40833,87
31.41667,87
31.42500,87
31.43333,87
31.44167,88
31.45000,88
31.45833,88
31.46667,88
31.47500,88
31.48333,88
31.49167,88
31.50000,88
31.50833,88
31.51667,89
31.52500,89
31.53333,89
31.54167,89
31.55000,89
31.55833,89
31.56667,89
31.57500,89
31.58333,88
31.59167,88
31.60000,88
31.60833,88
31.61667,89
31.62500,89
31.63333,89
31.64167,88
31.65000,88
31.65833,88
31.66667,88
31.67500,89
31.68333,89
31.69167,88
31.70000,88
31.70833,89
31.71667,89
31.72500,89
31.73333,89
31.74167,89
31.75000,89
31.75833,89
31.76667,89
31.77500,89
31.78333,89
31.79167,89
31.80000,89
31.80833,89
31.81667,89
31.82500,89
31.83333,88
31.84167,88
31.85000,88
31.85833,88
31.86667,89
31.87500,89
31.88333,89
31.89167,89
31.90000,88
31.90833,88
31.91667,88
31.92500,88
31.93333,88
31.94167,88
31.95000,88
31.95833,89
31.96667,89
31.97500,89
31.98333,89
31.99167,89
32.00000,89
32.00833,90
32.01667,89
32.02500,89
32.03333,89
32.04167,89
32.05000,89
32.05833,89
32.06667,89
32.07500,89
32.08333,88
32.09167,89
32.10000,89
32.10833,89
32.11667,89
32.12500,89
32.13333,89
32.14167,89
32.15000,89
32.15833,89
32.16667,89
32.17500,89
32.18333,89
32.19167,90
32.20000,90
32.20833,90
32.21667,90
32.22500,90
32.23333,90
32.24167,90
32.25000,90
32.25833,90
32.26667,90
32.27500,90
32.28333,91
32.29167,91
32.30000,91
32.30833,92
32.31667,92
32.32500,91
32.33333,91
32.34167,91
32.35000,91
32.35833,91
32.36667,90
32.37500,90
32.38333,90
32.39167,90
32.40000,90
32.40833,90
32.41667,90
32.42500,90
32.43333,90
32.44167,90
32.45000,90
32.45833,90
32.46667,90
32.47500,90
32.48333,90
32.49167,90
32.50000,90
32.50833,91
32.51667,91
32.52500,91
32.53333,91
32.54167,92
32.55000,92
32.55833,92
32.56667,92
32.57500,92
32.58333,92
32.59167,92
32.60000,92
32.60833,92
32.61667,92
32.62500,92
32.63333,92
32.64167,92
32.65000,92
32.65833,92
32.66667,92
32.67500,92
32.68333,92
32.69167,92
32.70000,93
32.70833,93
32.71667,93
32.72500,93
32.73333,93
32.74167,93
32.75000,93
32.75833,93
32.76667,93
32.77500,93
32.78333,92
32.79167,93
32.80000,93
32.80833,93
32.81667,93
32.82500,93
32.83333,94
32.84167,94
32.85000,94
32.85833,94
32.86667,94
32.87500,94
32.88333,94
32.89167,95
32.90000,95
32.90833,95
32.91667,95
32.92500,95
32.93333,94
32.94167,94
32.95000,94
32.95833,94
32.96667,94
32.97500,94
32.98333,94
32.99167,95
33.00000,95
33.00833,94
33.01667,94
33.02500,94
33.03333,94
33.04167,94
33.05000,94
33.05833,94
33.06667,94
33.07500,94
33.08333,94
33.09167,95
33.10000,95
33.10833,95
33.11667,95
33.12500,95
33.13333,95
33.14167,95
33.15000,95
33.15833,95
33.16667,95
33.17500,95
33.18333,96
33.19167,96
33.20000,96
33.20833,96
33.21667,96
33.22500,96
33.23333,96
33.24167,96
33.25000,95
33.25833,95
33.26667,95
33.27500,95
33.28333,95
33.29167,95
33.30000,96
33.30833,96
33.31667,97
33.32500,97
33.33333,98
33.34167,98
33.35000,98
33.35833,98
33.36667,98
33.37500,98
33.38333,98
33.39167,98
33.40000,97
33.40833,97
33.41667,97
33.42500,97
33.43333,97
33.44167,97
33.45000,97
33.45833,97
33.46667,97
33.47500,97
33.48333,97
33.49167,97
33.50000,97
33.50833,97
33.51667,98
33.52500,98
33.53333,99
33.54167,99
33.55000,99
33.55833,99
33.56667,99
33.57500,99
33.58333,99
33.59167,99
33.60000,99
33.60833,99
33.61667,99
33.62500,99
33.63333,99
33.64167,99
33.65000,99
33.65833,99
33.66667,99
33.67500,99
33.68333,99
33.69167,99
33.70000,99
33.70833,99
33.71667,99
33.72500,99
33.73333,99
33.74167,99
33.75000,99
33.75833,99
33.76667,99
33.77500,99
33.78333,99
33.79167,99
33.80000,99
33.80833,99
33.81667,99
33.82500,99
33.83333,99
33.84167,99
33.85000,100
33.85833,100
33.86667,100
33.87500,100
33.88333,100
33.89167,100
33.90000,100
33.90833,100
33.91667,100
33.92500,100
33.93333,101
33.94167,101
33.95000,101
33.95833,101
33.96667,101
33.97500,101
33.98333,101
33.99167,101
34.00000,102
34.00833,102
34.01667,102
34.02500,102
34.03333,102
34.04167,102
34.05000,102
34.05833,102
34.06667,102
34.07500,101
34.08333,101
34.09167,101
34.10000,101
34.10833,101
34.11667,101
34.12500,101
34.13333,100
34.14167,100
34.15000,101
34.15833,101
34.16667,101
34.17500,101
34.18333,101
34.19167,101
34.20000,101
34.20833,101
34.21667,101
34.22500,101
34.23333,101
34.24167,101
34.25000,101
34.25833,101
34.26667,102
34.27500,102
34.28333,102
34.29167,102
34.30000,102
34.30833,102
34.31667,102
34.32500,102
34.33333,102
34.34167,102
34.35000,101
34.35833,101
34.36667,101
34.37500,101
34.38333,101
34.39167,101
34.40000,101
34.40833,102
34.41667,102
34.42500,102
34.43333,103
34.44167,102
34.45000,103
34.45833,103
34.46667,103
34.47500,103
34.48333,103
34.49167,103
34.50000,103
34.50833,103
34.51667,102
34.52500,102
34.53333,102
34.54167,101
34.55000,101
34.55833,101
34.56667,101
34.57500,101
34.58333,101
34.59167,101
34.60000,101
34.60833,102
34.61667,102
34.62500,102
34.63333,102
34.64167,102
34.65000,102
34.65833,102
34.66667,102
34.67500,102
34.68333,102
34.69167,102
34.70000,102
34.70833,102
34.71667,102
34.72500,102
34.73333,103
34.74167,103
34.75000,102
34.75833,102
34.76667,102
34.77500,102
34.78333,102
34.79167,102
34.80000,101
34.80833,101
34.81667,101
34.82500,102
34.83333,102
34.84167,102
34.85000,102
34.85833,102
34.86667,102
34.87500,102
34.88333,102
34.89167,102
34.90000,102
34.90833,102
34.91667,101
34.92500,101
34.93333,101
34.94167,101
34.95000,101
34.95833,101
34.96667,101
34.97500,101
34.98333,101
34.99167,101
35.00000,101
35.00833,101
35.01667,102
35.02500,102
35.03333,102
35.04167,102
35.05000,102
35.05833,102
35.06667,102
35.07500,103
35.08333,103
35.09167,103
35.10000,103
35.10833,103
35.11667,102
35.12500,102
35.13333,103
35.14167,103
35.15000,103
35.15833,103
35.16667,102
35.17500,102
35.18333,102
35.19167,103
35.20000,102
35.20833,102
35.21667,102
35.22500,102
35.23333,102
35.24167,103
35.25000,103
35.25833,103
35.26667,102
35.27500,102
35.28333,102
35.29167,103
35.30000,103
35.30833,103
35.31667,103
35.32500,104
35.33333,104
35.34167,104
35.35000,103
35.35833,103
35.36667,103
35.37500,103
35.38333,102
35.39167,102
35.40000,102
35.40833,102
35.41667,102
35.42500,102
35.43333,103
35.44167,103
35.45000,103
35.45833,103
35.46667,103
35.47500,103
35.48333,103
35.49167,104
35.50000,104
35.50833,104
35.51667,104
35.52500,104
35.53333,103
35.54167,103
35.55000,103
35.55833,103
35.56667,104
35.57500,104
35.58333,104
35.59167,103
35.60000,103
35.60833,103
35.61667,103
35.62500,103
35.63333,103
35.64167,103
35.65000,103
35.65833,103
35.66667,103
35.67500,102
35.68333,102
35.69167,103
35.70000,103
35.70833,103
35.71667,103
35.72500,103
35.73333,103
35.74167,103
35.75000,103
35.75833,103
35.76667,103
35.77500,103
35.78333,103
35.79167,103
35.80000,102
35.80833,102
35.81667,102
35.82500,102
35.83333,102
35.84167,101
35.85000,101
35.85833,101
35.86667,101
35.87500,101
35.88333,101
35.89167,102
35.90000,102
35.90833,103
35.91667,103
35.92500,103
35.93333,103
35.94167,104
35.95000,104
35.95833,104
35.96667,104
35.97500,103
35.98333,103
35.99167,104
36.00000,104
36.00833,103
36.01667,103
36.02500,103
36.03333,103
36.04167,103
36.05000,103
36.05833,103
36.06667,103
36.07500,104
36.08333,104
36.09167,104
36.10000,104
36.10833,104
36.11667,104
36.12500,105
36.13333,105
36.14167,105
36.15000,104
36.15833,104
36.16667,104
36.17500,104
36.18333,104
36.19167,104
36.20000,104
36.20833,104
36.21667,105
36.22500,105
36.23333,105
36.24167,105
36.25000,105
36.25833,105
36.26667,105
36.27500,105
36.28333,105
36.29167,105
36.30000,105
36.30833,105
36.31667,104
36.32500,104
36.33333,104
36.34167,104
36.35000,104
36.35833,104
36.36667,104
36.37500,104
36.38333,104
36.39167,104
36.40000,104
36.40833,104
36.41667,105
36.42500,105
36.43333,105
36.44167,105
36.45000,105
36.45833,105
36.46667,105
36.47500,105
36.48333,105
36.49167,105
36.50000,104
36.50833,104
36.51667,104
36.52500,105
36.53333,105
36.54167,105
36.55000,105
36.55833,104
36.56667,104
36.57500,104
36.58333,105
36.59167,105
36.60000,105
36.60833,105
36.61667,105
36.62500,104
36.63333,104
36.64167,104
36.65000,104
36.65833,104
36.66667,105
36.67500,105
36.68333,105
36.69167,106
36.70000,106
36.70833,106
36.71667,106
36.72500,106
36.73333,106
36.74167,106
36.75000,106
36.75833,106
36.76667,105
36.77500,105
36.78333,105
36.79167,104
36.80000,104
36.80833,104
36.81667,105
36.82500,105
36.83333,105
36.84167,105
36.85000,105
36.85833,105
36.86667,105
36.87500,105
36.88333,105
36.89167,105
36.90000,105
36.90833,105
36.91667,104
36.92500,104
36.93333,105
36.94167,105
36.95000,105
36.95833,105
36.96667,105
36.97500,106
36.98333,105
36.99167,105
37.00000,105
37.00833,105
37.01667,105
37.02500,105
37.03333,105
37.04167,105
37.05000,105
37.05833,106
37.06667,106
37.07500,106
37.08333,106
37.09167,106
37.10000,106
37.10833,106
37.11667,106
37.12500,106
37.13333,106
37.14167,106
37.15000,106
37.15833,106
37.16667,106
37.17500,106
37.18333,106
37.19167,106
37.20000,106
37.20833,106
37.21667,106
37.22500,106
37.23333,105
37.24167,105
37.25000,106
37.25833,106
37.26667,106
37.27500,106
37.28333,106
37.29167,106
37.30000,106
37.30833,106
37.31667,106
37.32500,106
37.33333,106
37.34167,107
37.35000,107
37.35833,107
37.36667,107
37.37500,107
37.38333,107
37.39167,107
37.40000,107
37.40833,107
37.41667,107
37.42500,107
37.43333,107
37.44167,107
37.45000,107
37.45833,107
37.46667,108
37.47500,108
37.48333,108
37.49167,108
37.50000,108
37.50833,108
37.51667,107
37.52500,108
37.53333,108
37.54167,108
37.55000,108
37.55833,108
37.56667,108
37.57500,108
37.58333,108
37.59167,109
37.60000,109
37.60833,109
37.61667,109
37.62500,109
37.63333,109
37.64167,108
37.65000,108
37.65833,108
37.66667,108
37.67500,108
37.68333,108
37.69167,108
37.70000,109
37.70833,109
37.71667,109
37.72500,109
37.73333,109
37.74167,109
37.75000,109
37.75833,109
37.76667,109
37.77500,110
37.78333,110
37.79167,110
37.80000,110
37.80833,110
37.81667,110
37.82500,110
37.83333,110
37.84167,110
37.85000,110
37.85833,110
37.86667,110
37.87500,110
37.88333,110
37.89167,109
37.90000,109
37.90833,109
37.91667,109
37.92500,109
37.93333,110
37.94167,110
37.95000,110
37.95833,110
37.96667,110
37.97500,110
37.98333,110
37.99167,110
38.00000,110
38.00833,110
38.01667,110
38.02500,110
38.03333,110
38.04167,110
38.05000,110
38.05833,110
38.06667,110
38.07500,111
38.08333,111
38.09167,111
38.10000,111
38.10833,111
38.11667,110
38.12500,110
38.13333,110
38.14167,110
38.15000,109
38.15833,109
38.16667,109
38.17500,110
38.18333,110
38.19167,110
38.20000,111
38.20833,111
38.21667,111
38.22500,110
38.23333,110
38.24167,110
38.25000,110
38.25833,111
38.26667,110
38.27500,110
38.28333,110
38.29167,110
38.30000,110
38.30833,110
38.31667,110
38.32500,110
38.33333,110
38.34167,110
38.35000,110
38.35833,110
38.36667,110
38.37500,110
38.38333,110
38.39167,110
38.40000,110
38.40833,110
38.41667,110
38.42500,110
38.43333,110
38.44167,110
38.45000,111
38.45833,111
38.46667,111
38.47500,110
38.48333,110
38.49167,110
38.50000,111
38.50833,111
38.51667,111
38.52500,111
38.53333,112
38.54167,112
38.55000,112
38.55833,111
38.56667,111
38.57500,111
38.58333,111
38.59167,111
38.60000,112
38.60833,112
38.61667,112
38.62500,112
38.63333,112
38.64167,112
38.65000,111
38.65833,112
38.66667,112
38.67500,112
38.68333,112
38.69167,112
38.70000,112
38.70833,112
38.71667,112
38.72500,112
38.73333,112
38.74167,112
38.75000,111
38.75833,111
38.76667,111
38.77500,112
38.78333,112
38.79167,112
38.80000,111
38.80833,111
38.81667,111
38.82500,111
38.83333,111
38.84167,111
38.85000,111
38.85833,111
38.86667,112
38.87500,112
38.88333,112
38.89167,112
38.90000,112
38.90833,111
38.91667,111
38.92500,112
38.93333,112
38.94167,112
38.95000,112
38.95833,113
38.96667,113
38.97500,113
38.98333,113
38.99167,113
39.00000,113
39.00833,113
39.01667,113
39.02500,113
39.03333,113
39.04167,113
39.05000,113
39.05833,113
39.06667,113
39.07500,113
39.08333,113
39.09167,113
39.10000,113
39.10833,113
39.11667,113
39.12500,113
39.13333,112
39.14167,112
39.15000,113
39.15833,113
39.16667,113
39.17500,113
39.18333,113
39.19167,113
39.20000,113
39.20833,113
39.21667,113
39.22500,113
39.23333,113
39.24167,113
39.25000,113
39.25833,113
39.26667,113
39.27500,113
39.28333,113
39.29167,113
39.30000,113
39.30833,114
39.31667,114
39.32500,114
39.33333,114
39.34167,114
39.35000,114
39.35833,114
39.36667,114
39.37500,114
39.38333,114
39.39167,114
39.40000,114
39.40833,114
39.41667,114
39.42500,114
39.43333,115
39.44167,115
39.45000,115
39.45833,115
39.46667,114
39.47500,114
39.48333,114
39.49167,114
39.50000,114
39.50833,114
39.51667,114
39.52500,115
39.53333,115
39.54167,115
39.55000,115
39.55833,115
39.56667,116
39.57500,116
39.58333,115
39.59167,115
39.60000,115
39.60833,115
39.61667,115
39.62500,115
39.63333,115
39.64167,115
39.65000,115
39.65833,115
39.66667,115
39.67500,116
39.68333,116
39.69167,116
39.70000,116
39.70833,115
39.71667,115
39.72500,116
39.73333,116
39.74167,116
39.75000,115
39.75833,115
39.76667,115
39.77500,115
39.78333,115
39.79167,115
39.80000,115
39.80833,116
39.81667,116
39.82500,116
39.83333,116
39.84167,116
39.85000,116
39.85833,116
39.86667,116
39.87500,116
39.88333,116
39.89167,117
39.90000,116
39.90833,117
39.91667,117
39.92500,117
39.93333,117
39.94167,116
39.95000,116
39.95833,116
39.96667,116
39.97500,116
39.98333,116
39.99167,116
40.00000,115

