[Header]
Application Name,LabSolutions
Version,5.97 SP1
Data File Name,C:\Users\cremerlab\Desktop\griffin\2021-04-27_REL606_acetate_turnover_redux\2021-04-27_REL606_DM_acetate_turnover_4282021_001_013.lcd
Output Date,4/28/2021
Output Time,9:41:20 PM

[File Information]
Type,Data File
Generated,4/28/2021 9:01:01 PM
Generated by,System Administrator
Modified,4/28/2021 9:41:20 PM
Modified by,System Administrator

[Sample Information]
Operator Name,System Administrator
Acquired,4/28/2021 9:01:19 PM
Sample Type,0:Unknown
Level,0
Sample Name,2021-04-07_REL606_replicate_004_timepoint_001
Sample ID,001
ISTD Amount1,1
ISTD Amount2,1
ISTD Amount3,1
ISTD Amount4,1
ISTD Amount5,1
ISTD Amount6,1
ISTD Amount7,1
ISTD Amount8,1
ISTD Amount9,1
ISTD Amount10,1
ISTD Amount11,1
ISTD Amount12,1
ISTD Amount13,1
ISTD Amount14,1
ISTD Amount15,1
ISTD Amount16,1
ISTD Amount17,1
ISTD Amount18,1
ISTD Amount19,1
ISTD Amount20,1
ISTD Amount21,1
ISTD Amount22,1
ISTD Amount23,1
ISTD Amount24,1
ISTD Amount25,1
ISTD Amount26,1
ISTD Amount27,1
ISTD Amount28,1
ISTD Amount29,1
ISTD Amount30,1
ISTD Amount31,1
ISTD Amount32,1
Sample Amount,1
Dilution Factor,1
Vial#,28
Injection Volume,20

[Original Files]
Data File,C:\Users\cremerlab\Desktop\griffin\2021-04-27_REL606_acetate_turnover_redux\2021-04-27_REL606_DM_acetate_turnover_4282021_001_013.lcd
Method File,C:\Users\cremerlab\Desktop\griffin\2.5mM_H2SO4_mobile_phase.lcm
Batch File,C:\Users\cremerlab\Desktop\griffin\2021-04-27_REL606_acetate_turnover_redux\2021-04-27_REL606_DM_acetate_turnover.lcb
Report Format File,c:\LabSolutions\System\DEFAULT.lsr

[File Description]


[Configuration]
Instrument Name,HPLC-PC-Instrument1
Instrument #,1
Line #,1
# of Detectors,2
Detector ID,Detector A,Detector B
Detector Name,Detector A,Detector B
# of Channels,1,1

[Peak Table(Detector A)]
# of Peaks,0

[Peak Table(Detector B)]
# of Peaks,6
Peak#,R.Time,I.Time,F.Time,Area,Height,A/H,Conc.,Mark,ID#,Name,k',Plate #,Plate Ht.,Tailing,Resolution,Sep.Factor,Area Ratio,Height Ratio,Conc. %,Norm Conc.
1,10.928,10.442,12.242,245364,13717,17.888,0.000,   ,,,0.000,9320,16.094,1.117,0.000,0.000,0,0,0.000,0.000
2,13.953,12.608,14.267,1550739,42016,36.908,0.000,   ,,,0.277,3207,46.775,0.000,4.207,0.000,0,0,0.000,0.000
3,14.494,14.267,15.125,156289,7248,21.564,0.000, V ,,,0.326,9577,15.663,0.000,0.685,1.179,0,0,0.000,0.000
4,15.282,15.125,16.008,5251,208,25.204,0.000, V ,,,0.398,1742,86.095,0.000,0.766,1.221,0,0,0.000,0.000
5,19.238,18.892,19.717,2330,101,23.024,0.000,   ,,,0.761,14815,10.125,1.137,3.774,1.909,0,0,0.000,0.000
6,25.128,24.375,26.225,335855,11320,29.668,0.000,   ,,,1.300,16436,9.126,1.079,8.318,1.709,0,0,0.000,0.000

[LC Chromatogram(Detector B-Ch1)]
Interval(msec),500
# of Points,4801
Start Time(min),0.000
End Time(min),40.000
Intensity Units,mV
Intensity Multiplier,0.001
R.Time (min),Intensity
0.00000,148
0.00833,148
0.01667,54
0.02500,2
0.03333,3
0.04167,5
0.05000,7
0.05833,9
0.06667,10
0.07500,11
0.08333,12
0.09167,13
0.10000,14
0.10833,15
0.11667,16
0.12500,17
0.13333,18
0.14167,19
0.15000,20
0.15833,20
0.16667,21
0.17500,21
0.18333,22
0.19167,23
0.20000,23
0.20833,24
0.21667,24
0.22500,25
0.23333,25
0.24167,25
0.25000,25
0.25833,26
0.26667,26
0.27500,26
0.28333,27
0.29167,28
0.30000,28
0.30833,28
0.31667,28
0.32500,29
0.33333,29
0.34167,29
0.35000,29
0.35833,29
0.36667,29
0.37500,29
0.38333,29
0.39167,29
0.40000,29
0.40833,29
0.41667,29
0.42500,29
0.43333,29
0.44167,29
0.45000,29
0.45833,29
0.46667,29
0.47500,28
0.48333,28
0.49167,28
0.50000,28
0.50833,28
0.51667,28
0.52500,28
0.53333,28
0.54167,28
0.55000,28
0.55833,28
0.56667,28
0.57500,28
0.58333,28
0.59167,28
0.60000,27
0.60833,27
0.61667,26
0.62500,26
0.63333,26
0.64167,25
0.65000,25
0.65833,26
0.66667,26
0.67500,26
0.68333,26
0.69167,26
0.70000,25
0.70833,25
0.71667,24
0.72500,24
0.73333,23
0.74167,23
0.75000,22
0.75833,22
0.76667,22
0.77500,22
0.78333,21
0.79167,21
0.80000,21
0.80833,21
0.81667,20
0.82500,20
0.83333,19
0.84167,19
0.85000,18
0.85833,18
0.86667,17
0.87500,17
0.88333,17
0.89167,17
0.90000,16
0.90833,16
0.91667,16
0.92500,15
0.93333,15
0.94167,14
0.95000,14
0.95833,14
0.96667,14
0.97500,13
0.98333,13
0.99167,12
1.00000,12
1.00833,12
1.01667,12
1.02500,12
1.03333,11
1.04167,11
1.05000,11
1.05833,10
1.06667,10
1.07500,10
1.08333,10
1.09167,9
1.10000,9
1.10833,9
1.11667,8
1.12500,8
1.13333,7
1.14167,7
1.15000,7
1.15833,6
1.16667,6
1.17500,6
1.18333,6
1.19167,5
1.20000,4
1.20833,4
1.21667,4
1.22500,5
1.23333,4
1.24167,4
1.25000,3
1.25833,3
1.26667,2
1.27500,1
1.28333,1
1.29167,1
1.30000,1
1.30833,0
1.31667,0
1.32500,0
1.33333,-0
1.34167,-0
1.35000,-1
1.35833,-1
1.36667,-1
1.37500,-1
1.38333,-1
1.39167,-1
1.40000,-2
1.40833,-2
1.41667,-3
1.42500,-3
1.43333,-4
1.44167,-4
1.45000,-4
1.45833,-4
1.46667,-4
1.47500,-4
1.48333,-4
1.49167,-5
1.50000,-5
1.50833,-6
1.51667,-6
1.52500,-7
1.53333,-7
1.54167,-7
1.55000,-7
1.55833,-8
1.56667,-8
1.57500,-9
1.58333,-9
1.59167,-9
1.60000,-9
1.60833,-9
1.61667,-10
1.62500,-10
1.63333,-10
1.64167,-10
1.65000,-10
1.65833,-10
1.66667,-11
1.67500,-11
1.68333,-11
1.69167,-11
1.70000,-11
1.70833,-12
1.71667,-12
1.72500,-13
1.73333,-13
1.74167,-14
1.75000,-14
1.75833,-14
1.76667,-14
1.77500,-15
1.78333,-15
1.79167,-14
1.80000,-14
1.80833,-14
1.81667,-14
1.82500,-14
1.83333,-15
1.84167,-15
1.85000,-15
1.85833,-15
1.86667,-15
1.87500,-15
1.88333,-15
1.89167,-16
1.90000,-16
1.90833,-17
1.91667,-17
1.92500,-17
1.93333,-17
1.94167,-17
1.95000,-17
1.95833,-17
1.96667,-17
1.97500,-17
1.98333,-17
1.99167,-17
2.00000,-17
2.00833,-17
2.01667,-17
2.02500,-18
2.03333,-18
2.04167,-18
2.05000,-18
2.05833,-18
2.06667,-18
2.07500,-19
2.08333,-19
2.09167,-20
2.10000,-20
2.10833,-20
2.11667,-20
2.12500,-21
2.13333,-21
2.14167,-21
2.15000,-21
2.15833,-21
2.16667,-21
2.17500,-21
2.18333,-21
2.19167,-21
2.20000,-22
2.20833,-22
2.21667,-22
2.22500,-22
2.23333,-22
2.24167,-23
2.25000,-23
2.25833,-23
2.26667,-23
2.27500,-24
2.28333,-24
2.29167,-25
2.30000,-26
2.30833,-26
2.31667,-27
2.32500,-28
2.33333,-29
2.34167,-30
2.35000,-31
2.35833,-32
2.36667,-33
2.37500,-34
2.38333,-35
2.39167,-37
2.40000,-38
2.40833,-39
2.41667,-41
2.42500,-43
2.43333,-45
2.44167,-47
2.45000,-49
2.45833,-52
2.46667,-55
2.47500,-57
2.48333,-60
2.49167,-63
2.50000,-67
2.50833,-70
2.51667,-74
2.52500,-78
2.53333,-82
2.54167,-87
2.55000,-91
2.55833,-96
2.56667,-101
2.57500,-106
2.58333,-112
2.59167,-118
2.60000,-125
2.60833,-132
2.61667,-139
2.62500,-146
2.63333,-153
2.64167,-161
2.65000,-168
2.65833,-177
2.66667,-185
2.67500,-194
2.68333,-203
2.69167,-213
2.70000,-223
2.70833,-233
2.71667,-243
2.72500,-254
2.73333,-265
2.74167,-276
2.75000,-288
2.75833,-299
2.76667,-311
2.77500,-324
2.78333,-336
2.79167,-349
2.80000,-363
2.80833,-376
2.81667,-389
2.82500,-402
2.83333,-416
2.84167,-429
2.85000,-443
2.85833,-458
2.86667,-472
2.87500,-486
2.88333,-500
2.89167,-514
2.90000,-528
2.90833,-542
2.91667,-557
2.92500,-571
2.93333,-585
2.94167,-599
2.95000,-613
2.95833,-627
2.96667,-640
2.97500,-654
2.98333,-667
2.99167,-681
3.00000,-694
3.00833,-707
3.01667,-720
3.02500,-732
3.03333,-745
3.04167,-757
3.05000,-769
3.05833,-781
3.06667,-792
3.07500,-803
3.08333,-813
3.09167,-824
3.10000,-834
3.10833,-845
3.11667,-855
3.12500,-864
3.13333,-874
3.14167,-883
3.15000,-891
3.15833,-900
3.16667,-908
3.17500,-915
3.18333,-923
3.19167,-931
3.20000,-938
3.20833,-945
3.21667,-952
3.22500,-958
3.23333,-964
3.24167,-970
3.25000,-976
3.25833,-982
3.26667,-987
3.27500,-992
3.28333,-997
3.29167,-1002
3.30000,-1006
3.30833,-1011
3.31667,-1015
3.32500,-1019
3.33333,-1023
3.34167,-1027
3.35000,-1030
3.35833,-1034
3.36667,-1037
3.37500,-1041
3.38333,-1044
3.39167,-1048
3.40000,-1051
3.40833,-1054
3.41667,-1056
3.42500,-1059
3.43333,-1062
3.44167,-1065
3.45000,-1067
3.45833,-1070
3.46667,-1072
3.47500,-1075
3.48333,-1078
3.49167,-1080
3.50000,-1082
3.50833,-1084
3.51667,-1085
3.52500,-1087
3.53333,-1089
3.54167,-1091
3.55000,-1092
3.55833,-1094
3.56667,-1096
3.57500,-1098
3.58333,-1099
3.59167,-1101
3.60000,-1103
3.60833,-1104
3.61667,-1105
3.62500,-1107
3.63333,-1108
3.64167,-1110
3.65000,-1111
3.65833,-1113
3.66667,-1115
3.67500,-1116
3.68333,-1117
3.69167,-1118
3.70000,-1119
3.70833,-1120
3.71667,-1121
3.72500,-1122
3.73333,-1123
3.74167,-1123
3.75000,-1124
3.75833,-1125
3.76667,-1126
3.77500,-1127
3.78333,-1128
3.79167,-1129
3.80000,-1130
3.80833,-1130
3.81667,-1130
3.82500,-1130
3.83333,-1131
3.84167,-1131
3.85000,-1131
3.85833,-1131
3.86667,-1131
3.87500,-1131
3.88333,-1131
3.89167,-1131
3.90000,-1130
3.90833,-1130
3.91667,-1130
3.92500,-1129
3.93333,-1129
3.94167,-1128
3.95000,-1128
3.95833,-1126
3.96667,-1125
3.97500,-1125
3.98333,-1123
3.99167,-1122
4.00000,-1121
4.00833,-1120
4.01667,-1118
4.02500,-1117
4.03333,-1116
4.04167,-1115
4.05000,-1114
4.05833,-1112
4.06667,-1111
4.07500,-1109
4.08333,-1108
4.09167,-1106
4.10000,-1104
4.10833,-1102
4.11667,-1101
4.12500,-1099
4.13333,-1098
4.14167,-1097
4.15000,-1096
4.15833,-1094
4.16667,-1092
4.17500,-1090
4.18333,-1088
4.19167,-1087
4.20000,-1086
4.20833,-1084
4.21667,-1082
4.22500,-1081
4.23333,-1079
4.24167,-1078
4.25000,-1077
4.25833,-1075
4.26667,-1074
4.27500,-1073
4.28333,-1072
4.29167,-1072
4.30000,-1071
4.30833,-1070
4.31667,-1069
4.32500,-1068
4.33333,-1068
4.34167,-1068
4.35000,-1069
4.35833,-1069
4.36667,-1069
4.37500,-1070
4.38333,-1070
4.39167,-1070
4.40000,-1071
4.40833,-1072
4.41667,-1072
4.42500,-1073
4.43333,-1073
4.44167,-1074
4.45000,-1075
4.45833,-1076
4.46667,-1077
4.47500,-1078
4.48333,-1079
4.49167,-1080
4.50000,-1082
4.50833,-1083
4.51667,-1084
4.52500,-1086
4.53333,-1087
4.54167,-1089
4.55000,-1090
4.55833,-1092
4.56667,-1093
4.57500,-1095
4.58333,-1096
4.59167,-1098
4.60000,-1100
4.60833,-1102
4.61667,-1103
4.62500,-1105
4.63333,-1106
4.64167,-1108
4.65000,-1110
4.65833,-1112
4.66667,-1113
4.67500,-1115
4.68333,-1116
4.69167,-1117
4.70000,-1118
4.70833,-1119
4.71667,-1120
4.72500,-1121
4.73333,-1122
4.74167,-1123
4.75000,-1124
4.75833,-1124
4.76667,-1125
4.77500,-1125
4.78333,-1126
4.79167,-1126
4.80000,-1126
4.80833,-1126
4.81667,-1125
4.82500,-1125
4.83333,-1125
4.84167,-1124
4.85000,-1124
4.85833,-1123
4.86667,-1122
4.87500,-1121
4.88333,-1119
4.89167,-1118
4.90000,-1116
4.90833,-1115
4.91667,-1114
4.92500,-1112
4.93333,-1110
4.94167,-1108
4.95000,-1106
4.95833,-1103
4.96667,-1101
4.97500,-1098
4.98333,-1096
4.99167,-1093
5.00000,-1090
5.00833,-1087
5.01667,-1084
5.02500,-1081
5.03333,-1078
5.04167,-1075
5.05000,-1072
5.05833,-1068
5.06667,-1065
5.07500,-1062
5.08333,-1058
5.09167,-1055
5.10000,-1052
5.10833,-1048
5.11667,-1044
5.12500,-1040
5.13333,-1036
5.14167,-1033
5.15000,-1029
5.15833,-1024
5.16667,-1020
5.17500,-1016
5.18333,-1012
5.19167,-1008
5.20000,-1004
5.20833,-1000
5.21667,-997
5.22500,-993
5.23333,-989
5.24167,-985
5.25000,-981
5.25833,-977
5.26667,-972
5.27500,-968
5.28333,-964
5.29167,-960
5.30000,-956
5.30833,-952
5.31667,-948
5.32500,-944
5.33333,-940
5.34167,-937
5.35000,-933
5.35833,-929
5.36667,-925
5.37500,-921
5.38333,-917
5.39167,-913
5.40000,-909
5.40833,-906
5.41667,-902
5.42500,-898
5.43333,-894
5.44167,-891
5.45000,-887
5.45833,-883
5.46667,-880
5.47500,-876
5.48333,-873
5.49167,-869
5.50000,-865
5.50833,-862
5.51667,-858
5.52500,-854
5.53333,-851
5.54167,-847
5.55000,-844
5.55833,-841
5.56667,-838
5.57500,-834
5.58333,-831
5.59167,-828
5.60000,-824
5.60833,-821
5.61667,-817
5.62500,-814
5.63333,-811
5.64167,-807
5.65000,-804
5.65833,-801
5.66667,-798
5.67500,-794
5.68333,-792
5.69167,-789
5.70000,-786
5.70833,-783
5.71667,-780
5.72500,-777
5.73333,-773
5.74167,-770
5.75000,-767
5.75833,-764
5.76667,-760
5.77500,-757
5.78333,-754
5.79167,-751
5.80000,-748
5.80833,-745
5.81667,-742
5.82500,-739
5.83333,-736
5.84167,-733
5.85000,-730
5.85833,-727
5.86667,-724
5.87500,-720
5.88333,-717
5.89167,-714
5.90000,-711
5.90833,-709
5.91667,-705
5.92500,-702
5.93333,-699
5.94167,-696
5.95000,-692
5.95833,-689
5.96667,-686
5.97500,-683
5.98333,-680
5.99167,-677
6.00000,-674
6.00833,-672
6.01667,-669
6.02500,-666
6.03333,-663
6.04167,-660
6.05000,-657
6.05833,-654
6.06667,-651
6.07500,-648
6.08333,-645
6.09167,-642
6.10000,-638
6.10833,-634
6.11667,-631
6.12500,-628
6.13333,-625
6.14167,-622
6.15000,-619
6.15833,-616
6.16667,-613
6.17500,-610
6.18333,-607
6.19167,-604
6.20000,-600
6.20833,-597
6.21667,-594
6.22500,-590
6.23333,-587
6.24167,-583
6.25000,-580
6.25833,-577
6.26667,-573
6.27500,-569
6.28333,-566
6.29167,-563
6.30000,-559
6.30833,-556
6.31667,-553
6.32500,-549
6.33333,-546
6.34167,-543
6.35000,-540
6.35833,-536
6.36667,-533
6.37500,-530
6.38333,-526
6.39167,-523
6.40000,-519
6.40833,-516
6.41667,-512
6.42500,-509
6.43333,-505
6.44167,-502
6.45000,-498
6.45833,-494
6.46667,-491
6.47500,-487
6.48333,-484
6.49167,-480
6.50000,-477
6.50833,-473
6.51667,-470
6.52500,-467
6.53333,-463
6.54167,-460
6.55000,-457
6.55833,-453
6.56667,-450
6.57500,-446
6.58333,-443
6.59167,-439
6.60000,-436
6.60833,-433
6.61667,-429
6.62500,-426
6.63333,-423
6.64167,-419
6.65000,-416
6.65833,-413
6.66667,-409
6.67500,-406
6.68333,-402
6.69167,-399
6.70000,-395
6.70833,-392
6.71667,-389
6.72500,-386
6.73333,-383
6.74167,-380
6.75000,-376
6.75833,-373
6.76667,-370
6.77500,-367
6.78333,-364
6.79167,-360
6.80000,-357
6.80833,-354
6.81667,-351
6.82500,-348
6.83333,-346
6.84167,-343
6.85000,-340
6.85833,-337
6.86667,-334
6.87500,-332
6.88333,-329
6.89167,-326
6.90000,-323
6.90833,-321
6.91667,-319
6.92500,-316
6.93333,-314
6.94167,-312
6.95000,-310
6.95833,-307
6.96667,-305
6.97500,-302
6.98333,-299
6.99167,-297
7.00000,-294
7.00833,-292
7.01667,-290
7.02500,-288
7.03333,-286
7.04167,-284
7.05000,-282
7.05833,-280
7.06667,-278
7.07500,-276
7.08333,-274
7.09167,-272
7.10000,-270
7.10833,-268
7.11667,-266
7.12500,-265
7.13333,-263
7.14167,-261
7.15000,-260
7.15833,-258
7.16667,-256
7.17500,-255
7.18333,-253
7.19167,-251
7.20000,-249
7.20833,-248
7.21667,-247
7.22500,-245
7.23333,-244
7.24167,-243
7.25000,-241
7.25833,-240
7.26667,-239
7.27500,-238
7.28333,-237
7.29167,-236
7.30000,-234
7.30833,-233
7.31667,-232
7.32500,-231
7.33333,-230
7.34167,-229
7.35000,-227
7.35833,-226
7.36667,-225
7.37500,-224
7.38333,-223
7.39167,-222
7.40000,-221
7.40833,-220
7.41667,-219
7.42500,-217
7.43333,-216
7.44167,-216
7.45000,-215
7.45833,-214
7.46667,-213
7.47500,-213
7.48333,-212
7.49167,-211
7.50000,-210
7.50833,-209
7.51667,-208
7.52500,-208
7.53333,-207
7.54167,-206
7.55000,-206
7.55833,-205
7.56667,-205
7.57500,-204
7.58333,-203
7.59167,-203
7.60000,-202
7.60833,-201
7.61667,-201
7.62500,-200
7.63333,-199
7.64167,-199
7.65000,-198
7.65833,-197
7.66667,-196
7.67500,-196
7.68333,-195
7.69167,-194
7.70000,-193
7.70833,-193
7.71667,-192
7.72500,-191
7.73333,-191
7.74167,-191
7.75000,-190
7.75833,-190
7.76667,-189
7.77500,-189
7.78333,-189
7.79167,-188
7.80000,-187
7.80833,-186
7.81667,-185
7.82500,-185
7.83333,-184
7.84167,-183
7.85000,-182
7.85833,-181
7.86667,-181
7.87500,-180
7.88333,-180
7.89167,-179
7.90000,-179
7.90833,-179
7.91667,-178
7.92500,-177
7.93333,-177
7.94167,-176
7.95000,-175
7.95833,-175
7.96667,-174
7.97500,-174
7.98333,-174
7.99167,-173
8.00000,-172
8.00833,-172
8.01667,-172
8.02500,-171
8.03333,-171
8.04167,-171
8.05000,-170
8.05833,-169
8.06667,-169
8.07500,-168
8.08333,-168
8.09167,-167
8.10000,-166
8.10833,-166
8.11667,-166
8.12500,-165
8.13333,-165
8.14167,-164
8.15000,-163
8.15833,-163
8.16667,-162
8.17500,-162
8.18333,-161
8.19167,-161
8.20000,-160
8.20833,-160
8.21667,-159
8.22500,-159
8.23333,-158
8.24167,-158
8.25000,-158
8.25833,-157
8.26667,-156
8.27500,-155
8.28333,-155
8.29167,-154
8.30000,-154
8.30833,-154
8.31667,-153
8.32500,-153
8.33333,-152
8.34167,-152
8.35000,-152
8.35833,-151
8.36667,-151
8.37500,-150
8.38333,-149
8.39167,-149
8.40000,-149
8.40833,-148
8.41667,-147
8.42500,-147
8.43333,-146
8.44167,-146
8.45000,-146
8.45833,-145
8.46667,-145
8.47500,-144
8.48333,-144
8.49167,-143
8.50000,-143
8.50833,-142
8.51667,-142
8.52500,-141
8.53333,-141
8.54167,-140
8.55000,-140
8.55833,-140
8.56667,-140
8.57500,-139
8.58333,-139
8.59167,-139
8.60000,-138
8.60833,-138
8.61667,-137
8.62500,-136
8.63333,-136
8.64167,-135
8.65000,-135
8.65833,-134
8.66667,-134
8.67500,-133
8.68333,-133
8.69167,-132
8.70000,-131
8.70833,-131
8.71667,-130
8.72500,-130
8.73333,-130
8.74167,-130
8.75000,-129
8.75833,-129
8.76667,-128
8.77500,-128
8.78333,-127
8.79167,-127
8.80000,-126
8.80833,-126
8.81667,-126
8.82500,-126
8.83333,-126
8.84167,-125
8.85000,-125
8.85833,-124
8.86667,-124
8.87500,-123
8.88333,-123
8.89167,-123
8.90000,-122
8.90833,-122
8.91667,-122
8.92500,-122
8.93333,-121
8.94167,-121
8.95000,-121
8.95833,-121
8.96667,-120
8.97500,-119
8.98333,-119
8.99167,-119
9.00000,-118
9.00833,-118
9.01667,-117
9.02500,-117
9.03333,-117
9.04167,-116
9.05000,-116
9.05833,-116
9.06667,-115
9.07500,-115
9.08333,-115
9.09167,-115
9.10000,-114
9.10833,-114
9.11667,-113
9.12500,-113
9.13333,-113
9.14167,-113
9.15000,-113
9.15833,-112
9.16667,-112
9.17500,-112
9.18333,-112
9.19167,-111
9.20000,-111
9.20833,-111
9.21667,-110
9.22500,-110
9.23333,-110
9.24167,-109
9.25000,-109
9.25833,-108
9.26667,-108
9.27500,-108
9.28333,-107
9.29167,-107
9.30000,-106
9.30833,-106
9.31667,-105
9.32500,-105
9.33333,-105
9.34167,-104
9.35000,-104
9.35833,-104
9.36667,-103
9.37500,-103
9.38333,-103
9.39167,-103
9.40000,-103
9.40833,-103
9.41667,-102
9.42500,-102
9.43333,-102
9.44167,-102
9.45000,-101
9.45833,-100
9.46667,-100
9.47500,-100
9.48333,-100
9.49167,-100
9.50000,-99
9.50833,-99
9.51667,-99
9.52500,-99
9.53333,-99
9.54167,-99
9.55000,-98
9.55833,-97
9.56667,-97
9.57500,-96
9.58333,-96
9.59167,-95
9.60000,-96
9.60833,-96
9.61667,-95
9.62500,-95
9.63333,-95
9.64167,-95
9.65000,-95
9.65833,-94
9.66667,-94
9.67500,-94
9.68333,-93
9.69167,-93
9.70000,-93
9.70833,-92
9.71667,-92
9.72500,-92
9.73333,-92
9.74167,-91
9.75000,-91
9.75833,-91
9.76667,-91
9.77500,-91
9.78333,-90
9.79167,-90
9.80000,-90
9.80833,-89
9.81667,-89
9.82500,-89
9.83333,-89
9.84167,-89
9.85000,-88
9.85833,-88
9.86667,-87
9.87500,-87
9.88333,-87
9.89167,-87
9.90000,-86
9.90833,-86
9.91667,-86
9.92500,-86
9.93333,-86
9.94167,-85
9.95000,-85
9.95833,-85
9.96667,-85
9.97500,-84
9.98333,-84
9.99167,-84
10.00000,-84
10.00833,-83
10.01667,-82
10.02500,-82
10.03333,-82
10.04167,-81
10.05000,-81
10.05833,-80
10.06667,-80
10.07500,-79
10.08333,-79
10.09167,-78
10.10000,-77
10.10833,-77
10.11667,-76
10.12500,-76
10.13333,-75
10.14167,-74
10.15000,-74
10.15833,-73
10.16667,-72
10.17500,-71
10.18333,-70
10.19167,-70
10.20000,-69
10.20833,-68
10.21667,-67
10.22500,-67
10.23333,-66
10.24167,-65
10.25000,-64
10.25833,-63
10.26667,-63
10.27500,-62
10.28333,-61
10.29167,-61
10.30000,-60
10.30833,-59
10.31667,-59
10.32500,-59
10.33333,-59
10.34167,-59
10.35000,-59
10.35833,-58
10.36667,-57
10.37500,-56
10.38333,-56
10.39167,-56
10.40000,-55
10.40833,-55
10.41667,-54
10.42500,-53
10.43333,-52
10.44167,-52
10.45000,-51
10.45833,-51
10.46667,-50
10.47500,-48
10.48333,-47
10.49167,-45
10.50000,-42
10.50833,-39
10.51667,-34
10.52500,-29
10.53333,-22
10.54167,-13
10.55000,-2
10.55833,12
10.56667,29
10.57500,51
10.58333,79
10.59167,112
10.60000,154
10.60833,204
10.61667,265
10.62500,337
10.63333,422
10.64167,523
10.65000,641
10.65833,778
10.66667,935
10.67500,1115
10.68333,1318
10.69167,1548
10.70000,1804
10.70833,2090
10.71667,2405
10.72500,2750
10.73333,3127
10.74167,3534
10.75000,3972
10.75833,4439
10.76667,4935
10.77500,5457
10.78333,6003
10.79167,6569
10.80000,7152
10.80833,7747
10.81667,8349
10.82500,8953
10.83333,9551
10.84167,10136
10.85000,10701
10.85833,11239
10.86667,11742
10.87500,12202
10.88333,12612
10.89167,12964
10.90000,13252
10.90833,13469
10.91667,13612
10.92500,13676
10.93333,13661
10.94167,13565
10.95000,13389
10.95833,13137
10.96667,12813
10.97500,12421
10.98333,11970
10.99167,11468
11.00000,10924
11.00833,10346
11.01667,9745
11.02500,9130
11.03333,8509
11.04167,7892
11.05000,7286
11.05833,6698
11.06667,6133
11.07500,5596
11.08333,5090
11.09167,4617
11.10000,4179
11.10833,3775
11.11667,3406
11.12500,3070
11.13333,2767
11.14167,2494
11.15000,2249
11.15833,2031
11.16667,1836
11.17500,1663
11.18333,1510
11.19167,1374
11.20000,1253
11.20833,1146
11.21667,1051
11.22500,968
11.23333,893
11.24167,827
11.25000,769
11.25833,718
11.26667,672
11.27500,630
11.28333,594
11.29167,561
11.30000,532
11.30833,507
11.31667,484
11.32500,463
11.33333,445
11.34167,428
11.35000,413
11.35833,400
11.36667,388
11.37500,377
11.38333,367
11.39167,358
11.40000,349
11.40833,341
11.41667,333
11.42500,326
11.43333,319
11.44167,313
11.45000,306
11.45833,300
11.46667,294
11.47500,288
11.48333,282
11.49167,276
11.50000,271
11.50833,264
11.51667,258
11.52500,252
11.53333,246
11.54167,240
11.55000,235
11.55833,229
11.56667,223
11.57500,218
11.58333,213
11.59167,207
11.60000,202
11.60833,197
11.61667,191
11.62500,186
11.63333,181
11.64167,175
11.65000,170
11.65833,165
11.66667,160
11.67500,155
11.68333,150
11.69167,146
11.70000,141
11.70833,137
11.71667,132
11.72500,128
11.73333,124
11.74167,119
11.75000,115
11.75833,111
11.76667,107
11.77500,103
11.78333,99
11.79167,95
11.80000,91
11.80833,88
11.81667,85
11.82500,82
11.83333,78
11.84167,75
11.85000,71
11.85833,68
11.86667,65
11.87500,62
11.88333,59
11.89167,56
11.90000,53
11.90833,50
11.91667,47
11.92500,44
11.93333,42
11.94167,39
11.95000,36
11.95833,34
11.96667,31
11.97500,29
11.98333,26
11.99167,24
12.00000,22
12.00833,20
12.01667,18
12.02500,17
12.03333,15
12.04167,13
12.05000,12
12.05833,10
12.06667,9
12.07500,8
12.08333,6
12.09167,5
12.10000,4
12.10833,2
12.11667,1
12.12500,0
12.13333,-1
12.14167,-2
12.15000,-3
12.15833,-4
12.16667,-5
12.17500,-6
12.18333,-7
12.19167,-8
12.20000,-9
12.20833,-9
12.21667,-10
12.22500,-10
12.23333,-11
12.24167,-11
12.25000,-11
12.25833,-11
12.26667,-12
12.27500,-12
12.28333,-12
12.29167,-12
12.30000,-13
12.30833,-13
12.31667,-14
12.32500,-14
12.33333,-14
12.34167,-14
12.35000,-14
12.35833,-14
12.36667,-14
12.37500,-14
12.38333,-14
12.39167,-14
12.40000,-15
12.40833,-15
12.41667,-15
12.42500,-15
12.43333,-15
12.44167,-15
12.45000,-15
12.45833,-15
12.46667,-15
12.47500,-15
12.48333,-15
12.49167,-15
12.50000,-15
12.50833,-16
12.51667,-16
12.52500,-16
12.53333,-16
12.54167,-16
12.55000,-16
12.55833,-16
12.56667,-16
12.57500,-15
12.58333,-15
12.59167,-14
12.60000,-14
12.60833,-13
12.61667,-12
12.62500,-12
12.63333,-11
12.64167,-9
12.65000,-7
12.65833,-5
12.66667,-3
12.67500,1
12.68333,6
12.69167,12
12.70000,20
12.70833,28
12.71667,39
12.72500,51
12.73333,66
12.74167,84
12.75000,106
12.75833,130
12.76667,159
12.77500,192
12.78333,230
12.79167,273
12.80000,321
12.80833,374
12.81667,433
12.82500,498
12.83333,570
12.84167,647
12.85000,732
12.85833,823
12.86667,921
12.87500,1025
12.88333,1136
12.89167,1253
12.90000,1377
12.90833,1508
12.91667,1645
12.92500,1788
12.93333,1938
12.94167,2093
12.95000,2254
12.95833,2420
12.96667,2592
12.97500,2770
12.98333,2952
12.99167,3140
13.00000,3332
13.00833,3528
13.01667,3729
13.02500,3935
13.03333,4144
13.04167,4357
13.05000,4574
13.05833,4795
13.06667,5019
13.07500,5247
13.08333,5478
13.09167,5712
13.10000,5949
13.10833,6190
13.11667,6433
13.12500,6679
13.13333,6928
13.14167,7180
13.15000,7435
13.15833,7692
13.16667,7952
13.17500,8214
13.18333,8479
13.19167,8747
13.20000,9017
13.20833,9289
13.21667,9564
13.22500,9841
13.23333,10120
13.24167,10401
13.25000,10685
13.25833,10972
13.26667,11260
13.27500,11551
13.28333,11843
13.29167,12138
13.30000,12435
13.30833,12735
13.31667,13036
13.32500,13341
13.33333,13648
13.34167,13957
13.35000,14268
13.35833,14581
13.36667,14896
13.37500,15214
13.38333,15534
13.39167,15856
13.40000,16180
13.40833,16507
13.41667,16835
13.42500,17167
13.43333,17500
13.44167,17836
13.45000,18173
13.45833,18513
13.46667,18856
13.47500,19201
13.48333,19548
13.49167,19898
13.50000,20250
13.50833,20604
13.51667,20961
13.52500,21320
13.53333,21682
13.54167,22046
13.55000,22413
13.55833,22782
13.56667,23154
13.57500,23528
13.58333,23905
13.59167,24284
13.60000,24665
13.60833,25049
13.61667,25436
13.62500,25825
13.63333,26217
13.64167,26612
13.65000,27010
13.65833,27410
13.66667,27812
13.67500,28218
13.68333,28626
13.69167,29037
13.70000,29451
13.70833,29867
13.71667,30286
13.72500,30708
13.73333,31133
13.74167,31560
13.75000,31991
13.75833,32424
13.76667,32861
13.77500,33300
13.78333,33742
13.79167,34187
13.80000,34635
13.80833,35085
13.81667,35539
13.82500,35996
13.83333,36455
13.84167,36918
13.85000,37383
13.85833,37850
13.86667,38319
13.87500,38788
13.88333,39256
13.89167,39720
13.90000,40174
13.90833,40611
13.91667,41021
13.92500,41388
13.93333,41695
13.94167,41919
13.95000,42037
13.95833,42019
13.96667,41841
13.97500,41476
13.98333,40903
13.99167,40109
14.00000,39087
14.00833,37838
14.01667,36374
14.02500,34716
14.03333,32894
14.04167,30941
14.05000,28895
14.05833,26797
14.06667,24686
14.07500,22598
14.08333,20567
14.09167,18620
14.10000,16778
14.10833,15056
14.11667,13465
14.12500,12011
14.13333,10692
14.14167,9508
14.15000,8452
14.15833,7517
14.16667,6695
14.17500,5978
14.18333,5357
14.19167,4824
14.20000,4370
14.20833,3990
14.21667,3675
14.22500,3421
14.23333,3221
14.24167,3071
14.25000,2968
14.25833,2907
14.26667,2886
14.27500,2902
14.28333,2952
14.29167,3033
14.30000,3143
14.30833,3279
14.31667,3440
14.32500,3621
14.33333,3821
14.34167,4038
14.35000,4267
14.35833,4506
14.36667,4752
14.37500,5003
14.38333,5254
14.39167,5503
14.40000,5746
14.40833,5979
14.41667,6201
14.42500,6409
14.43333,6599
14.44167,6769
14.45000,6918
14.45833,7042
14.46667,7142
14.47500,7215
14.48333,7262
14.49167,7282
14.50000,7275
14.50833,7241
14.51667,7182
14.52500,7098
14.53333,6991
14.54167,6862
14.55000,6713
14.55833,6546
14.56667,6364
14.57500,6168
14.58333,5960
14.59167,5744
14.60000,5520
14.60833,5291
14.61667,5059
14.62500,4825
14.63333,4592
14.64167,4362
14.65000,4134
14.65833,3911
14.66667,3694
14.67500,3483
14.68333,3279
14.69167,3083
14.70000,2895
14.70833,2715
14.71667,2543
14.72500,2381
14.73333,2226
14.74167,2081
14.75000,1944
14.75833,1815
14.76667,1694
14.77500,1582
14.78333,1476
14.79167,1377
14.80000,1285
14.80833,1199
14.81667,1119
14.82500,1045
14.83333,977
14.84167,913
14.85000,854
14.85833,800
14.86667,750
14.87500,703
14.88333,660
14.89167,621
14.90000,584
14.90833,550
14.91667,519
14.92500,491
14.93333,464
14.94167,440
14.95000,418
14.95833,397
14.96667,379
14.97500,362
14.98333,346
14.99167,332
15.00000,319
15.00833,307
15.01667,296
15.02500,287
15.03333,279
15.04167,272
15.05000,265
15.05833,259
15.06667,254
15.07500,249
15.08333,246
15.09167,243
15.10000,240
15.10833,239
15.11667,238
15.12500,237
15.13333,237
15.14167,238
15.15000,239
15.15833,240
15.16667,242
15.17500,243
15.18333,245
15.19167,247
15.20000,249
15.20833,251
15.21667,253
15.22500,255
15.23333,256
15.24167,258
15.25000,259
15.25833,261
15.26667,262
15.27500,262
15.28333,262
15.29167,262
15.30000,262
15.30833,261
15.31667,260
15.32500,259
15.33333,257
15.34167,255
15.35000,252
15.35833,249
15.36667,246
15.37500,242
15.38333,238
15.39167,235
15.40000,231
15.40833,227
15.41667,222
15.42500,218
15.43333,213
15.44167,208
15.45000,203
15.45833,198
15.46667,193
15.47500,188
15.48333,183
15.49167,179
15.50000,174
15.50833,170
15.51667,165
15.52500,161
15.53333,157
15.54167,153
15.55000,149
15.55833,145
15.56667,142
15.57500,138
15.58333,135
15.59167,132
15.60000,129
15.60833,127
15.61667,124
15.62500,122
15.63333,120
15.64167,117
15.65000,115
15.65833,113
15.66667,111
15.67500,109
15.68333,107
15.69167,106
15.70000,104
15.70833,102
15.71667,101
15.72500,99
15.73333,99
15.74167,98
15.75000,96
15.75833,95
15.76667,94
15.77500,93
15.78333,92
15.79167,91
15.80000,90
15.80833,89
15.81667,89
15.82500,88
15.83333,87
15.84167,86
15.85000,85
15.85833,84
15.86667,83
15.87500,83
15.88333,82
15.89167,82
15.90000,81
15.90833,81
15.91667,80
15.92500,79
15.93333,78
15.94167,77
15.95000,77
15.95833,76
15.96667,75
15.97500,74
15.98333,73
15.99167,73
16.00000,72
16.00833,72
16.01667,72
16.02500,71
16.03333,71
16.04167,70
16.05000,69
16.05833,68
16.06667,68
16.07500,68
16.08333,67
16.09167,67
16.10000,66
16.10833,66
16.11667,66
16.12500,65
16.13333,65
16.14167,64
16.15000,64
16.15833,63
16.16667,63
16.17500,62
16.18333,62
16.19167,62
16.20000,62
16.20833,62
16.21667,62
16.22500,61
16.23333,61
16.24167,61
16.25000,60
16.25833,60
16.26667,60
16.27500,60
16.28333,59
16.29167,59
16.30000,58
16.30833,57
16.31667,57
16.32500,56
16.33333,56
16.34167,56
16.35000,55
16.35833,56
16.36667,56
16.37500,56
16.38333,56
16.39167,55
16.40000,55
16.40833,54
16.41667,54
16.42500,54
16.43333,53
16.44167,53
16.45000,53
16.45833,53
16.46667,53
16.47500,53
16.48333,53
16.49167,53
16.50000,52
16.50833,52
16.51667,51
16.52500,51
16.53333,51
16.54167,50
16.55000,50
16.55833,49
16.56667,49
16.57500,48
16.58333,48
16.59167,48
16.60000,48
16.60833,47
16.61667,47
16.62500,47
16.63333,47
16.64167,46
16.65000,46
16.65833,45
16.66667,45
16.67500,44
16.68333,44
16.69167,43
16.70000,43
16.70833,42
16.71667,42
16.72500,42
16.73333,42
16.74167,41
16.75000,41
16.75833,41
16.76667,40
16.77500,40
16.78333,40
16.79167,39
16.80000,39
16.80833,38
16.81667,38
16.82500,37
16.83333,37
16.84167,37
16.85000,37
16.85833,37
16.86667,37
16.87500,37
16.88333,37
16.89167,36
16.90000,36
16.90833,35
16.91667,35
16.92500,34
16.93333,34
16.94167,34
16.95000,34
16.95833,34
16.96667,34
16.97500,34
16.98333,33
16.99167,33
17.00000,33
17.00833,33
17.01667,32
17.02500,32
17.03333,32
17.04167,32
17.05000,31
17.05833,31
17.06667,30
17.07500,30
17.08333,30
17.09167,30
17.10000,30
17.10833,29
17.11667,29
17.12500,29
17.13333,29
17.14167,28
17.15000,28
17.15833,27
17.16667,27
17.17500,27
17.18333,27
17.19167,27
17.20000,26
17.20833,26
17.21667,26
17.22500,26
17.23333,26
17.24167,26
17.25000,26
17.25833,25
17.26667,25
17.27500,25
17.28333,24
17.29167,24
17.30000,24
17.30833,24
17.31667,24
17.32500,24
17.33333,24
17.34167,24
17.35000,24
17.35833,24
17.36667,24
17.37500,24
17.38333,23
17.39167,23
17.40000,23
17.40833,23
17.41667,23
17.42500,22
17.43333,22
17.44167,22
17.45000,22
17.45833,22
17.46667,21
17.47500,21
17.48333,21
17.49167,21
17.50000,20
17.50833,20
17.51667,20
17.52500,20
17.53333,20
17.54167,20
17.55000,19
17.55833,19
17.56667,19
17.57500,19
17.58333,19
17.59167,18
17.60000,19
17.60833,19
17.61667,19
17.62500,19
17.63333,19
17.64167,18
17.65000,18
17.65833,18
17.66667,18
17.67500,18
17.68333,18
17.69167,18
17.70000,18
17.70833,18
17.71667,18
17.72500,18
17.73333,18
17.74167,19
17.75000,19
17.75833,19
17.76667,19
17.77500,19
17.78333,19
17.79167,19
17.80000,19
17.80833,19
17.81667,19
17.82500,19
17.83333,19
17.84167,19
17.85000,19
17.85833,19
17.86667,19
17.87500,19
17.88333,19
17.89167,19
17.90000,19
17.90833,19
17.91667,19
17.92500,19
17.93333,19
17.94167,18
17.95000,19
17.95833,19
17.96667,19
17.97500,20
17.98333,20
17.99167,20
18.00000,20
18.00833,20
18.01667,20
18.02500,20
18.03333,20
18.04167,20
18.05000,20
18.05833,20
18.06667,19
18.07500,19
18.08333,19
18.09167,19
18.10000,18
18.10833,18
18.11667,18
18.12500,17
18.13333,17
18.14167,17
18.15000,17
18.15833,17
18.16667,16
18.17500,16
18.18333,16
18.19167,16
18.20000,16
18.20833,15
18.21667,15
18.22500,15
18.23333,14
18.24167,14
18.25000,13
18.25833,13
18.26667,13
18.27500,12
18.28333,12
18.29167,12
18.30000,12
18.30833,12
18.31667,12
18.32500,12
18.33333,12
18.34167,12
18.35000,12
18.35833,12
18.36667,11
18.37500,11
18.38333,12
18.39167,12
18.40000,12
18.40833,12
18.41667,12
18.42500,11
18.43333,11
18.44167,11
18.45000,11
18.45833,11
18.46667,11
18.47500,11
18.48333,12
18.49167,12
18.50000,12
18.50833,12
18.51667,11
18.52500,11
18.53333,11
18.54167,11
18.55000,11
18.55833,11
18.56667,11
18.57500,11
18.58333,11
18.59167,11
18.60000,11
18.60833,11
18.61667,11
18.62500,11
18.63333,11
18.64167,11
18.65000,11
18.65833,11
18.66667,11
18.67500,11
18.68333,11
18.69167,12
18.70000,11
18.70833,11
18.71667,11
18.72500,11
18.73333,11
18.74167,11
18.75000,12
18.75833,12
18.76667,12
18.77500,12
18.78333,12
18.79167,12
18.80000,13
18.80833,13
18.81667,13
18.82500,13
18.83333,13
18.84167,14
18.85000,14
18.85833,15
18.86667,15
18.87500,15
18.88333,16
18.89167,17
18.90000,18
18.90833,20
18.91667,21
18.92500,23
18.93333,24
18.94167,27
18.95000,28
18.95833,30
18.96667,32
18.97500,34
18.98333,36
18.99167,38
19.00000,41
19.00833,44
19.01667,47
19.02500,50
19.03333,53
19.04167,56
19.05000,59
19.05833,63
19.06667,66
19.07500,70
19.08333,73
19.09167,76
19.10000,80
19.10833,83
19.11667,86
19.12500,89
19.13333,93
19.14167,96
19.15000,99
19.15833,102
19.16667,104
19.17500,107
19.18333,109
19.19167,111
19.20000,113
19.20833,114
19.21667,114
19.22500,115
19.23333,115
19.24167,116
19.25000,115
19.25833,114
19.26667,113
19.27500,112
19.28333,111
19.29167,109
19.30000,108
19.30833,107
19.31667,105
19.32500,103
19.33333,101
19.34167,98
19.35000,95
19.35833,92
19.36667,89
19.37500,85
19.38333,82
19.39167,79
19.40000,76
19.40833,73
19.41667,70
19.42500,67
19.43333,64
19.44167,61
19.45000,58
19.45833,56
19.46667,53
19.47500,51
19.48333,48
19.49167,46
19.50000,43
19.50833,41
19.51667,39
19.52500,37
19.53333,35
19.54167,33
19.55000,31
19.55833,29
19.56667,27
19.57500,26
19.58333,24
19.59167,23
19.60000,21
19.60833,20
19.61667,19
19.62500,18
19.63333,18
19.64167,17
19.65000,16
19.65833,15
19.66667,14
19.67500,13
19.68333,12
19.69167,12
19.70000,11
19.70833,11
19.71667,11
19.72500,11
19.73333,11
19.74167,10
19.75000,10
19.75833,10
19.76667,9
19.77500,9
19.78333,9
19.79167,8
19.80000,8
19.80833,8
19.81667,8
19.82500,7
19.83333,7
19.84167,7
19.85000,7
19.85833,7
19.86667,7
19.87500,7
19.88333,7
19.89167,7
19.90000,7
19.90833,7
19.91667,7
19.92500,6
19.93333,6
19.94167,6
19.95000,6
19.95833,6
19.96667,6
19.97500,6
19.98333,6
19.99167,6
20.00000,6
20.00833,6
20.01667,6
20.02500,6
20.03333,6
20.04167,6
20.05000,6
20.05833,6
20.06667,6
20.07500,6
20.08333,6
20.09167,6
20.10000,5
20.10833,5
20.11667,5
20.12500,5
20.13333,5
20.14167,5
20.15000,5
20.15833,6
20.16667,6
20.17500,6
20.18333,6
20.19167,6
20.20000,6
20.20833,6
20.21667,5
20.22500,5
20.23333,5
20.24167,5
20.25000,6
20.25833,6
20.26667,6
20.27500,5
20.28333,6
20.29167,6
20.30000,5
20.30833,6
20.31667,6
20.32500,6
20.33333,6
20.34167,6
20.35000,6
20.35833,6
20.36667,6
20.37500,6
20.38333,5
20.39167,6
20.40000,6
20.40833,6
20.41667,6
20.42500,6
20.43333,6
20.44167,6
20.45000,6
20.45833,6
20.46667,6
20.47500,6
20.48333,6
20.49167,5
20.50000,5
20.50833,5
20.51667,5
20.52500,5
20.53333,5
20.54167,6
20.55000,6
20.55833,6
20.56667,6
20.57500,6
20.58333,6
20.59167,7
20.60000,7
20.60833,7
20.61667,6
20.62500,7
20.63333,7
20.64167,7
20.65000,7
20.65833,7
20.66667,7
20.67500,7
20.68333,7
20.69167,8
20.70000,8
20.70833,8
20.71667,8
20.72500,8
20.73333,9
20.74167,9
20.75000,8
20.75833,9
20.76667,9
20.77500,9
20.78333,9
20.79167,9
20.80000,9
20.80833,9
20.81667,9
20.82500,9
20.83333,9
20.84167,10
20.85000,10
20.85833,10
20.86667,10
20.87500,10
20.88333,11
20.89167,11
20.90000,11
20.90833,11
20.91667,11
20.92500,11
20.93333,11
20.94167,11
20.95000,12
20.95833,12
20.96667,12
20.97500,13
20.98333,13
20.99167,14
21.00000,14
21.00833,15
21.01667,15
21.02500,16
21.03333,16
21.04167,16
21.05000,17
21.05833,17
21.06667,18
21.07500,19
21.08333,20
21.09167,20
21.10000,21
21.10833,22
21.11667,23
21.12500,23
21.13333,24
21.14167,24
21.15000,25
21.15833,25
21.16667,26
21.17500,26
21.18333,27
21.19167,27
21.20000,28
21.20833,28
21.21667,29
21.22500,30
21.23333,30
21.24167,31
21.25000,31
21.25833,32
21.26667,32
21.27500,32
21.28333,33
21.29167,33
21.30000,33
21.30833,33
21.31667,32
21.32500,32
21.33333,32
21.34167,32
21.35000,31
21.35833,31
21.36667,31
21.37500,31
21.38333,30
21.39167,30
21.40000,30
21.40833,29
21.41667,29
21.42500,28
21.43333,28
21.44167,28
21.45000,27
21.45833,27
21.46667,26
21.47500,25
21.48333,24
21.49167,24
21.50000,23
21.50833,22
21.51667,22
21.52500,21
21.53333,21
21.54167,21
21.55000,21
21.55833,20
21.56667,19
21.57500,19
21.58333,18
21.59167,18
21.60000,17
21.60833,16
21.61667,15
21.62500,15
21.63333,14
21.64167,13
21.65000,13
21.65833,13
21.66667,13
21.67500,12
21.68333,12
21.69167,12
21.70000,12
21.70833,12
21.71667,12
21.72500,11
21.73333,11
21.74167,11
21.75000,11
21.75833,10
21.76667,10
21.77500,10
21.78333,10
21.79167,9
21.80000,9
21.80833,9
21.81667,9
21.82500,9
21.83333,9
21.84167,9
21.85000,9
21.85833,9
21.86667,10
21.87500,10
21.88333,10
21.89167,9
21.90000,9
21.90833,9
21.91667,9
21.92500,9
21.93333,9
21.94167,9
21.95000,9
21.95833,9
21.96667,9
21.97500,9
21.98333,9
21.99167,9
22.00000,9
22.00833,9
22.01667,9
22.02500,9
22.03333,9
22.04167,9
22.05000,9
22.05833,9
22.06667,9
22.07500,10
22.08333,10
22.09167,10
22.10000,9
22.10833,9
22.11667,9
22.12500,8
22.13333,8
22.14167,8
22.15000,8
22.15833,8
22.16667,9
22.17500,9
22.18333,9
22.19167,9
22.20000,10
22.20833,10
22.21667,10
22.22500,10
22.23333,9
22.24167,9
22.25000,9
22.25833,9
22.26667,9
22.27500,9
22.28333,8
22.29167,9
22.30000,9
22.30833,9
22.31667,9
22.32500,9
22.33333,9
22.34167,9
22.35000,9
22.35833,9
22.36667,9
22.37500,9
22.38333,9
22.39167,9
22.40000,9
22.40833,9
22.41667,10
22.42500,10
22.43333,10
22.44167,10
22.45000,11
22.45833,11
22.46667,10
22.47500,10
22.48333,10
22.49167,10
22.50000,10
22.50833,10
22.51667,11
22.52500,11
22.53333,11
22.54167,11
22.55000,11
22.55833,11
22.56667,11
22.57500,11
22.58333,11
22.59167,11
22.60000,11
22.60833,11
22.61667,11
22.62500,11
22.63333,11
22.64167,11
22.65000,11
22.65833,11
22.66667,11
22.67500,11
22.68333,11
22.69167,12
22.70000,12
22.70833,12
22.71667,12
22.72500,13
22.73333,13
22.74167,14
22.75000,14
22.75833,15
22.76667,15
22.77500,16
22.78333,17
22.79167,17
22.80000,18
22.80833,18
22.81667,19
22.82500,20
22.83333,21
22.84167,22
22.85000,23
22.85833,24
22.86667,25
22.87500,26
22.88333,27
22.89167,27
22.90000,28
22.90833,28
22.91667,29
22.92500,30
22.93333,30
22.94167,31
22.95000,32
22.95833,33
22.96667,34
22.97500,34
22.98333,35
22.99167,35
23.00000,35
23.00833,36
23.01667,36
23.02500,37
23.03333,37
23.04167,38
23.05000,38
23.05833,38
23.06667,38
23.07500,38
23.08333,38
23.09167,38
23.10000,37
23.10833,37
23.11667,36
23.12500,36
23.13333,36
23.14167,36
23.15000,35
23.15833,34
23.16667,34
23.17500,33
23.18333,32
23.19167,32
23.20000,32
23.20833,31
23.21667,30
23.22500,30
23.23333,29
23.24167,29
23.25000,28
23.25833,27
23.26667,27
23.27500,26
23.28333,26
23.29167,25
23.30000,25
23.30833,24
23.31667,24
23.32500,23
23.33333,23
23.34167,22
23.35000,22
23.35833,21
23.36667,20
23.37500,20
23.38333,20
23.39167,19
23.40000,19
23.40833,18
23.41667,18
23.42500,17
23.43333,17
23.44167,17
23.45000,16
23.45833,16
23.46667,16
23.47500,15
23.48333,15
23.49167,15
23.50000,15
23.50833,15
23.51667,15
23.52500,14
23.53333,14
23.54167,14
23.55000,15
23.55833,15
23.56667,15
23.57500,14
23.58333,14
23.59167,14
23.60000,14
23.60833,14
23.61667,14
23.62500,14
23.63333,14
23.64167,13
23.65000,13
23.65833,13
23.66667,14
23.67500,13
23.68333,13
23.69167,13
23.70000,13
23.70833,14
23.71667,14
23.72500,14
23.73333,14
23.74167,14
23.75000,14
23.75833,14
23.76667,14
23.77500,15
23.78333,15
23.79167,15
23.80000,15
23.80833,15
23.81667,15
23.82500,15
23.83333,15
23.84167,15
23.85000,16
23.85833,16
23.86667,16
23.87500,17
23.88333,17
23.89167,17
23.90000,17
23.90833,17
23.91667,17
23.92500,17
23.93333,17
23.94167,17
23.95000,17
23.95833,17
23.96667,17
23.97500,17
23.98333,17
23.99167,17
24.00000,18
24.00833,18
24.01667,18
24.02500,18
24.03333,18
24.04167,19
24.05000,19
24.05833,19
24.06667,19
24.07500,20
24.08333,20
24.09167,20
24.10000,20
24.10833,20
24.11667,20
24.12500,20
24.13333,21
24.14167,21
24.15000,21
24.15833,21
24.16667,20
24.17500,20
24.18333,20
24.19167,20
24.20000,20
24.20833,20
24.21667,20
24.22500,20
24.23333,20
24.24167,21
24.25000,21
24.25833,21
24.26667,21
24.27500,21
24.28333,21
24.29167,21
24.30000,21
24.30833,20
24.31667,21
24.32500,21
24.33333,21
24.34167,22
24.35000,22
24.35833,23
24.36667,24
24.37500,24
24.38333,26
24.39167,27
24.40000,28
24.40833,30
24.41667,31
24.42500,33
24.43333,35
24.44167,37
24.45000,40
24.45833,44
24.46667,48
24.47500,52
24.48333,57
24.49167,62
24.50000,68
24.50833,75
24.51667,83
24.52500,92
24.53333,101
24.54167,112
24.55000,124
24.55833,138
24.56667,154
24.57500,172
24.58333,192
24.59167,214
24.60000,239
24.60833,267
24.61667,297
24.62500,331
24.63333,368
24.64167,410
24.65000,455
24.65833,506
24.66667,561
24.67500,622
24.68333,688
24.69167,761
24.70000,840
24.70833,926
24.71667,1020
24.72500,1122
24.73333,1232
24.74167,1351
24.75000,1479
24.75833,1616
24.76667,1762
24.77500,1919
24.78333,2085
24.79167,2262
24.80000,2449
24.80833,2646
24.81667,2854
24.82500,3073
24.83333,3302
24.84167,3541
24.85000,3789
24.85833,4047
24.86667,4313
24.87500,4589
24.88333,4871
24.89167,5161
24.90000,5456
24.90833,5756
24.91667,6061
24.92500,6369
24.93333,6678
24.94167,6988
24.95000,7297
24.95833,7604
24.96667,7907
24.97500,8206
24.98333,8499
24.99167,8783
25.00000,9059
25.00833,9325
25.01667,9579
25.02500,9820
25.03333,10048
25.04167,10261
25.05000,10457
25.05833,10636
25.06667,10797
25.07500,10939
25.08333,11061
25.09167,11163
25.10000,11244
25.10833,11305
25.11667,11344
25.12500,11363
25.13333,11361
25.14167,11338
25.15000,11294
25.15833,11230
25.16667,11147
25.17500,11045
25.18333,10924
25.19167,10785
25.20000,10630
25.20833,10460
25.21667,10274
25.22500,10075
25.23333,9863
25.24167,9639
25.25000,9406
25.25833,9163
25.26667,8913
25.27500,8655
25.28333,8392
25.29167,8124
25.30000,7853
25.30833,7579
25.31667,7303
25.32500,7027
25.33333,6752
25.34167,6478
25.35000,6206
25.35833,5937
25.36667,5673
25.37500,5412
25.38333,5157
25.39167,4907
25.40000,4664
25.40833,4427
25.41667,4196
25.42500,3973
25.43333,3757
25.44167,3549
25.45000,3348
25.45833,3156
25.46667,2971
25.47500,2794
25.48333,2625
25.49167,2464
25.50000,2311
25.50833,2165
25.51667,2027
25.52500,1896
25.53333,1772
25.54167,1654
25.55000,1545
25.55833,1441
25.56667,1344
25.57500,1253
25.58333,1167
25.59167,1087
25.60000,1012
25.60833,942
25.61667,877
25.62500,816
25.63333,759
25.64167,707
25.65000,658
25.65833,613
25.66667,571
25.67500,532
25.68333,496
25.69167,463
25.70000,433
25.70833,405
25.71667,378
25.72500,354
25.73333,332
25.74167,312
25.75000,294
25.75833,276
25.76667,261
25.77500,246
25.78333,232
25.79167,220
25.80000,208
25.80833,198
25.81667,188
25.82500,180
25.83333,172
25.84167,165
25.85000,158
25.85833,152
25.86667,146
25.87500,141
25.88333,136
25.89167,131
25.90000,126
25.90833,123
25.91667,119
25.92500,116
25.93333,112
25.94167,110
25.95000,108
25.95833,105
25.96667,103
25.97500,101
25.98333,98
25.99167,96
26.00000,94
26.00833,93
26.01667,91
26.02500,89
26.03333,88
26.04167,86
26.05000,85
26.05833,84
26.06667,83
26.07500,81
26.08333,80
26.09167,79
26.10000,79
26.10833,78
26.11667,77
26.12500,76
26.13333,76
26.14167,75
26.15000,74
26.15833,74
26.16667,73
26.17500,72
26.18333,71
26.19167,70
26.20000,70
26.20833,70
26.21667,69
26.22500,69
26.23333,69
26.24167,68
26.25000,68
26.25833,67
26.26667,66
26.27500,66
26.28333,65
26.29167,65
26.30000,64
26.30833,64
26.31667,63
26.32500,62
26.33333,62
26.34167,61
26.35000,61
26.35833,60
26.36667,61
26.37500,61
26.38333,61
26.39167,60
26.40000,60
26.40833,60
26.41667,59
26.42500,59
26.43333,59
26.44167,58
26.45000,58
26.45833,58
26.46667,57
26.47500,57
26.48333,57
26.49167,56
26.50000,56
26.50833,56
26.51667,56
26.52500,56
26.53333,56
26.54167,56
26.55000,55
26.55833,55
26.56667,54
26.57500,54
26.58333,54
26.59167,53
26.60000,53
26.60833,53
26.61667,52
26.62500,52
26.63333,52
26.64167,52
26.65000,51
26.65833,51
26.66667,50
26.67500,50
26.68333,50
26.69167,50
26.70000,50
26.70833,50
26.71667,51
26.72500,51
26.73333,51
26.74167,51
26.75000,51
26.75833,50
26.76667,49
26.77500,49
26.78333,49
26.79167,48
26.80000,48
26.80833,48
26.81667,48
26.82500,48
26.83333,48
26.84167,47
26.85000,47
26.85833,47
26.86667,47
26.87500,47
26.88333,47
26.89167,46
26.90000,46
26.90833,46
26.91667,45
26.92500,45
26.93333,45
26.94167,45
26.95000,45
26.95833,45
26.96667,45
26.97500,45
26.98333,45
26.99167,45
27.00000,45
27.00833,46
27.01667,46
27.02500,46
27.03333,46
27.04167,46
27.05000,46
27.05833,46
27.06667,46
27.07500,45
27.08333,45
27.09167,44
27.10000,44
27.10833,44
27.11667,44
27.12500,44
27.13333,44
27.14167,44
27.15000,44
27.15833,43
27.16667,43
27.17500,43
27.18333,43
27.19167,43
27.20000,44
27.20833,44
27.21667,44
27.22500,43
27.23333,43
27.24167,43
27.25000,43
27.25833,43
27.26667,43
27.27500,43
27.28333,43
27.29167,43
27.30000,43
27.30833,42
27.31667,42
27.32500,41
27.33333,41
27.34167,42
27.35000,42
27.35833,42
27.36667,42
27.37500,42
27.38333,42
27.39167,42
27.40000,42
27.40833,42
27.41667,41
27.42500,41
27.43333,41
27.44167,41
27.45000,41
27.45833,40
27.46667,40
27.47500,40
27.48333,40
27.49167,40
27.50000,39
27.50833,39
27.51667,39
27.52500,39
27.53333,39
27.54167,38
27.55000,38
27.55833,37
27.56667,37
27.57500,37
27.58333,36
27.59167,36
27.60000,36
27.60833,35
27.61667,35
27.62500,35
27.63333,34
27.64167,33
27.65000,33
27.65833,32
27.66667,31
27.67500,30
27.68333,29
27.69167,28
27.70000,27
27.70833,27
27.71667,26
27.72500,25
27.73333,24
27.74167,23
27.75000,21
27.75833,20
27.76667,19
27.77500,17
27.78333,15
27.79167,13
27.80000,11
27.80833,9
27.81667,8
27.82500,6
27.83333,4
27.84167,2
27.85000,-0
27.85833,-3
27.86667,-5
27.87500,-8
27.88333,-11
27.89167,-14
27.90000,-16
27.90833,-19
27.91667,-22
27.92500,-25
27.93333,-28
27.94167,-31
27.95000,-35
27.95833,-38
27.96667,-41
27.97500,-45
27.98333,-48
27.99167,-51
28.00000,-55
28.00833,-58
28.01667,-61
28.02500,-65
28.03333,-68
28.04167,-71
28.05000,-75
28.05833,-78
28.06667,-81
28.07500,-84
28.08333,-87
28.09167,-89
28.10000,-92
28.10833,-95
28.11667,-97
28.12500,-100
28.13333,-103
28.14167,-105
28.15000,-107
28.15833,-109
28.16667,-111
28.17500,-113
28.18333,-114
28.19167,-115
28.20000,-117
28.20833,-118
28.21667,-118
28.22500,-119
28.23333,-120
28.24167,-121
28.25000,-121
28.25833,-121
28.26667,-121
28.27500,-120
28.28333,-120
28.29167,-119
28.30000,-118
28.30833,-117
28.31667,-115
28.32500,-114
28.33333,-112
28.34167,-111
28.35000,-109
28.35833,-107
28.36667,-105
28.37500,-103
28.38333,-101
28.39167,-99
28.40000,-97
28.40833,-94
28.41667,-92
28.42500,-89
28.43333,-86
28.44167,-83
28.45000,-81
28.45833,-78
28.46667,-76
28.47500,-73
28.48333,-70
28.49167,-67
28.50000,-64
28.50833,-61
28.51667,-58
28.52500,-56
28.53333,-53
28.54167,-50
28.55000,-47
28.55833,-44
28.56667,-41
28.57500,-39
28.58333,-36
28.59167,-34
28.60000,-32
28.60833,-30
28.61667,-27
28.62500,-25
28.63333,-23
28.64167,-21
28.65000,-19
28.65833,-17
28.66667,-15
28.67500,-13
28.68333,-12
28.69167,-10
28.70000,-9
28.70833,-7
28.71667,-6
28.72500,-5
28.73333,-3
28.74167,-2
28.75000,-1
28.75833,1
28.76667,2
28.77500,3
28.78333,4
28.79167,5
28.80000,6
28.80833,7
28.81667,8
28.82500,10
28.83333,11
28.84167,12
28.85000,12
28.85833,13
28.86667,13
28.87500,14
28.88333,14
28.89167,15
28.90000,15
28.90833,16
28.91667,16
28.92500,17
28.93333,18
28.94167,18
28.95000,19
28.95833,19
28.96667,20
28.97500,20
28.98333,20
28.99167,20
29.00000,21
29.00833,21
29.01667,22
29.02500,22
29.03333,23
29.04167,23
29.05000,23
29.05833,23
29.06667,23
29.07500,23
29.08333,23
29.09167,24
29.10000,24
29.10833,24
29.11667,24
29.12500,24
29.13333,24
29.14167,25
29.15000,25
29.15833,25
29.16667,25
29.17500,25
29.18333,25
29.19167,26
29.20000,26
29.20833,26
29.21667,26
29.22500,26
29.23333,26
29.24167,26
29.25000,26
29.25833,26
29.26667,26
29.27500,26
29.28333,26
29.29167,26
29.30000,26
29.30833,26
29.31667,26
29.32500,26
29.33333,26
29.34167,25
29.35000,25
29.35833,25
29.36667,25
29.37500,25
29.38333,24
29.39167,24
29.40000,24
29.40833,23
29.41667,22
29.42500,22
29.43333,21
29.44167,20
29.45000,20
29.45833,19
29.46667,19
29.47500,18
29.48333,17
29.49167,17
29.50000,17
29.50833,16
29.51667,15
29.52500,15
29.53333,14
29.54167,13
29.55000,12
29.55833,11
29.56667,10
29.57500,10
29.58333,8
29.59167,8
29.60000,7
29.60833,6
29.61667,4
29.62500,3
29.63333,2
29.64167,1
29.65000,-0
29.65833,-1
29.66667,-3
29.67500,-4
29.68333,-5
29.69167,-6
29.70000,-7
29.70833,-8
29.71667,-9
29.72500,-11
29.73333,-12
29.74167,-14
29.75000,-15
29.75833,-16
29.76667,-17
29.77500,-19
29.78333,-20
29.79167,-21
29.80000,-22
29.80833,-23
29.81667,-23
29.82500,-24
29.83333,-25
29.84167,-27
29.85000,-28
29.85833,-29
29.86667,-29
29.87500,-30
29.88333,-31
29.89167,-32
29.90000,-32
29.90833,-33
29.91667,-33
29.92500,-33
29.93333,-34
29.94167,-34
29.95000,-34
29.95833,-34
29.96667,-34
29.97500,-34
29.98333,-35
29.99167,-35
30.00000,-34
30.00833,-34
30.01667,-34
30.02500,-34
30.03333,-34
30.04167,-34
30.05000,-33
30.05833,-33
30.06667,-33
30.07500,-32
30.08333,-31
30.09167,-30
30.10000,-30
30.10833,-29
30.11667,-29
30.12500,-27
30.13333,-26
30.14167,-25
30.15000,-24
30.15833,-24
30.16667,-23
30.17500,-22
30.18333,-21
30.19167,-20
30.20000,-19
30.20833,-18
30.21667,-16
30.22500,-15
30.23333,-14
30.24167,-12
30.25000,-11
30.25833,-10
30.26667,-9
30.27500,-8
30.28333,-8
30.29167,-7
30.30000,-6
30.30833,-4
30.31667,-3
30.32500,-2
30.33333,-1
30.34167,-0
30.35000,1
30.35833,1
30.36667,2
30.37500,3
30.38333,4
30.39167,5
30.40000,5
30.40833,6
30.41667,7
30.42500,7
30.43333,8
30.44167,8
30.45000,9
30.45833,9
30.46667,9
30.47500,10
30.48333,10
30.49167,11
30.50000,11
30.50833,12
30.51667,12
30.52500,13
30.53333,13
30.54167,13
30.55000,14
30.55833,14
30.56667,14
30.57500,14
30.58333,14
30.59167,14
30.60000,14
30.60833,14
30.61667,14
30.62500,14
30.63333,14
30.64167,14
30.65000,14
30.65833,14
30.66667,14
30.67500,14
30.68333,14
30.69167,14
30.70000,14
30.70833,14
30.71667,14
30.72500,14
30.73333,14
30.74167,14
30.75000,14
30.75833,14
30.76667,14
30.77500,14
30.78333,13
30.79167,13
30.80000,13
30.80833,13
30.81667,12
30.82500,11
30.83333,11
30.84167,11
30.85000,11
30.85833,10
30.86667,10
30.87500,10
30.88333,10
30.89167,10
30.90000,10
30.90833,10
30.91667,11
30.92500,11
30.93333,11
30.94167,11
30.95000,11
30.95833,11
30.96667,11
30.97500,11
30.98333,11
30.99167,12
31.00000,12
31.00833,12
31.01667,12
31.02500,12
31.03333,13
31.04167,13
31.05000,13
31.05833,13
31.06667,13
31.07500,14
31.08333,15
31.09167,15
31.10000,15
31.10833,16
31.11667,16
31.12500,17
31.13333,17
31.14167,18
31.15000,18
31.15833,18
31.16667,19
31.17500,19
31.18333,20
31.19167,20
31.20000,21
31.20833,21
31.21667,21
31.22500,22
31.23333,22
31.24167,23
31.25000,23
31.25833,24
31.26667,25
31.27500,25
31.28333,25
31.29167,26
31.30000,26
31.30833,26
31.31667,27
31.32500,27
31.33333,27
31.34167,27
31.35000,27
31.35833,27
31.36667,27
31.37500,27
31.38333,27
31.39167,27
31.40000,27
31.40833,28
31.41667,28
31.42500,28
31.43333,28
31.44167,28
31.45000,29
31.45833,29
31.46667,30
31.47500,30
31.48333,29
31.49167,29
31.50000,29
31.50833,29
31.51667,29
31.52500,30
31.53333,30
31.54167,30
31.55000,30
31.55833,30
31.56667,30
31.57500,30
31.58333,29
31.59167,29
31.60000,30
31.60833,29
31.61667,29
31.62500,29
31.63333,29
31.64167,30
31.65000,30
31.65833,30
31.66667,30
31.67500,30
31.68333,30
31.69167,30
31.70000,30
31.70833,30
31.71667,30
31.72500,30
31.73333,30
31.74167,30
31.75000,29
31.75833,29
31.76667,29
31.77500,30
31.78333,30
31.79167,30
31.80000,30
31.80833,30
31.81667,29
31.82500,29
31.83333,30
31.84167,30
31.85000,30
31.85833,30
31.86667,30
31.87500,30
31.88333,30
31.89167,29
31.90000,29
31.90833,29
31.91667,29
31.92500,28
31.93333,28
31.94167,29
31.95000,29
31.95833,28
31.96667,28
31.97500,28
31.98333,29
31.99167,29
32.00000,29
32.00833,29
32.01667,29
32.02500,29
32.03333,29
32.04167,29
32.05000,29
32.05833,29
32.06667,29
32.07500,29
32.08333,28
32.09167,28
32.10000,28
32.10833,28
32.11667,29
32.12500,29
32.13333,29
32.14167,29
32.15000,29
32.15833,29
32.16667,29
32.17500,29
32.18333,29
32.19167,29
32.20000,29
32.20833,29
32.21667,29
32.22500,29
32.23333,30
32.24167,30
32.25000,29
32.25833,29
32.26667,30
32.27500,30
32.28333,30
32.29167,30
32.30000,30
32.30833,30
32.31667,30
32.32500,30
32.33333,30
32.34167,30
32.35000,30
32.35833,30
32.36667,29
32.37500,29
32.38333,29
32.39167,29
32.40000,29
32.40833,29
32.41667,29
32.42500,29
32.43333,29
32.44167,29
32.45000,29
32.45833,29
32.46667,29
32.47500,29
32.48333,29
32.49167,29
32.50000,29
32.50833,29
32.51667,29
32.52500,29
32.53333,30
32.54167,30
32.55000,30
32.55833,30
32.56667,30
32.57500,30
32.58333,30
32.59167,30
32.60000,30
32.60833,30
32.61667,30
32.62500,30
32.63333,30
32.64167,30
32.65000,30
32.65833,30
32.66667,30
32.67500,30
32.68333,30
32.69167,30
32.70000,30
32.70833,30
32.71667,31
32.72500,31
32.73333,31
32.74167,31
32.75000,31
32.75833,32
32.76667,32
32.77500,32
32.78333,32
32.79167,32
32.80000,31
32.80833,31
32.81667,31
32.82500,31
32.83333,32
32.84167,32
32.85000,32
32.85833,32
32.86667,32
32.87500,32
32.88333,32
32.89167,32
32.90000,32
32.90833,32
32.91667,32
32.92500,32
32.93333,32
32.94167,31
32.95000,32
32.95833,32
32.96667,32
32.97500,32
32.98333,32
32.99167,32
33.00000,32
33.00833,32
33.01667,32
33.02500,32
33.03333,32
33.04167,32
33.05000,32
33.05833,32
33.06667,32
33.07500,32
33.08333,32
33.09167,32
33.10000,32
33.10833,32
33.11667,32
33.12500,32
33.13333,32
33.14167,32
33.15000,32
33.15833,32
33.16667,32
33.17500,33
33.18333,32
33.19167,32
33.20000,32
33.20833,32
33.21667,32
33.22500,33
33.23333,33
33.24167,33
33.25000,33
33.25833,33
33.26667,33
33.27500,33
33.28333,33
33.29167,33
33.30000,33
33.30833,33
33.31667,33
33.32500,33
33.33333,33
33.34167,33
33.35000,33
33.35833,33
33.36667,33
33.37500,33
33.38333,33
33.39167,33
33.40000,33
33.40833,33
33.41667,33
33.42500,34
33.43333,34
33.44167,34
33.45000,34
33.45833,34
33.46667,34
33.47500,34
33.48333,34
33.49167,34
33.50000,34
33.50833,34
33.51667,34
33.52500,34
33.53333,33
33.54167,33
33.55000,33
33.55833,33
33.56667,34
33.57500,34
33.58333,34
33.59167,35
33.60000,35
33.60833,35
33.61667,34
33.62500,35
33.63333,35
33.64167,35
33.65000,35
33.65833,34
33.66667,34
33.67500,34
33.68333,34
33.69167,34
33.70000,34
33.70833,34
33.71667,34
33.72500,35
33.73333,35
33.74167,35
33.75000,35
33.75833,34
33.76667,34
33.77500,34
33.78333,33
33.79167,33
33.80000,34
33.80833,34
33.81667,34
33.82500,34
33.83333,34
33.84167,35
33.85000,35
33.85833,35
33.86667,35
33.87500,35
33.88333,35
33.89167,35
33.90000,34
33.90833,34
33.91667,34
33.92500,34
33.93333,34
33.94167,34
33.95000,34
33.95833,34
33.96667,34
33.97500,35
33.98333,35
33.99167,35
34.00000,35
34.00833,34
34.01667,34
34.02500,34
34.03333,34
34.04167,34
34.05000,34
34.05833,34
34.06667,34
34.07500,34
34.08333,34
34.09167,34
34.10000,34
34.10833,34
34.11667,34
34.12500,34
34.13333,35
34.14167,35
34.15000,35
34.15833,35
34.16667,35
34.17500,35
34.18333,35
34.19167,35
34.20000,35
34.20833,35
34.21667,35
34.22500,36
34.23333,35
34.24167,35
34.25000,36
34.25833,35
34.26667,35
34.27500,35
34.28333,36
34.29167,35
34.30000,35
34.30833,35
34.31667,34
34.32500,34
34.33333,34
34.34167,34
34.35000,34
34.35833,35
34.36667,35
34.37500,35
34.38333,35
34.39167,35
34.40000,35
34.40833,35
34.41667,35
34.42500,35
34.43333,36
34.44167,36
34.45000,35
34.45833,35
34.46667,36
34.47500,36
34.48333,35
34.49167,35
34.50000,35
34.50833,35
34.51667,36
34.52500,36
34.53333,36
34.54167,36
34.55000,36
34.55833,36
34.56667,36
34.57500,36
34.58333,36
34.59167,36
34.60000,36
34.60833,36
34.61667,36
34.62500,36
34.63333,36
34.64167,36
34.65000,36
34.65833,36
34.66667,36
34.67500,36
34.68333,36
34.69167,36
34.70000,36
34.70833,36
34.71667,36
34.72500,36
34.73333,36
34.74167,36
34.75000,36
34.75833,36
34.76667,36
34.77500,35
34.78333,35
34.79167,35
34.80000,35
34.80833,35
34.81667,35
34.82500,35
34.83333,35
34.84167,35
34.85000,35
34.85833,35
34.86667,35
34.87500,36
34.88333,36
34.89167,36
34.90000,36
34.90833,35
34.91667,35
34.92500,35
34.93333,35
34.94167,35
34.95000,35
34.95833,35
34.96667,35
34.97500,35
34.98333,35
34.99167,35
35.00000,35
35.00833,36
35.01667,36
35.02500,36
35.03333,36
35.04167,36
35.05000,36
35.05833,36
35.06667,36
35.07500,36
35.08333,36
35.09167,36
35.10000,36
35.10833,36
35.11667,36
35.12500,36
35.13333,36
35.14167,36
35.15000,36
35.15833,36
35.16667,36
35.17500,36
35.18333,36
35.19167,36
35.20000,35
35.20833,35
35.21667,35
35.22500,35
35.23333,35
35.24167,35
35.25000,35
35.25833,35
35.26667,35
35.27500,35
35.28333,35
35.29167,35
35.30000,35
35.30833,35
35.31667,36
35.32500,36
35.33333,37
35.34167,37
35.35000,37
35.35833,37
35.36667,37
35.37500,37
35.38333,37
35.39167,37
35.40000,36
35.40833,36
35.41667,36
35.42500,36
35.43333,36
35.44167,36
35.45000,36
35.45833,36
35.46667,36
35.47500,36
35.48333,36
35.49167,36
35.50000,36
35.50833,36
35.51667,36
35.52500,36
35.53333,36
35.54167,36
35.55000,35
35.55833,35
35.56667,36
35.57500,36
35.58333,36
35.59167,36
35.60000,36
35.60833,36
35.61667,36
35.62500,36
35.63333,36
35.64167,36
35.65000,36
35.65833,36
35.66667,36
35.67500,36
35.68333,36
35.69167,36
35.70000,36
35.70833,36
35.71667,36
35.72500,36
35.73333,36
35.74167,36
35.75000,36
35.75833,36
35.76667,35
35.77500,35
35.78333,36
35.79167,36
35.80000,36
35.80833,36
35.81667,36
35.82500,36
35.83333,35
35.84167,35
35.85000,35
35.85833,36
35.86667,36
35.87500,36
35.88333,36
35.89167,36
35.90000,36
35.90833,37
35.91667,37
35.92500,37
35.93333,37
35.94167,37
35.95000,37
35.95833,37
35.96667,37
35.97500,37
35.98333,37
35.99167,37
36.00000,37
36.00833,37
36.01667,37
36.02500,37
36.03333,37
36.04167,37
36.05000,37
36.05833,37
36.06667,37
36.07500,38
36.08333,38
36.09167,38
36.10000,38
36.10833,38
36.11667,38
36.12500,38
36.13333,37
36.14167,37
36.15000,38
36.15833,38
36.16667,37
36.17500,37
36.18333,37
36.19167,37
36.20000,37
36.20833,37
36.21667,37
36.22500,37
36.23333,37
36.24167,37
36.25000,37
36.25833,37
36.26667,37
36.27500,37
36.28333,37
36.29167,37
36.30000,37
36.30833,37
36.31667,37
36.32500,37
36.33333,37
36.34167,37
36.35000,37
36.35833,37
36.36667,37
36.37500,38
36.38333,38
36.39167,38
36.40000,38
36.40833,38
36.41667,37
36.42500,38
36.43333,37
36.44167,37
36.45000,37
36.45833,37
36.46667,37
36.47500,37
36.48333,37
36.49167,37
36.50000,37
36.50833,37
36.51667,37
36.52500,37
36.53333,37
36.54167,37
36.55000,37
36.55833,38
36.56667,38
36.57500,38
36.58333,38
36.59167,38
36.60000,38
36.60833,38
36.61667,38
36.62500,38
36.63333,38
36.64167,38
36.65000,38
36.65833,37
36.66667,37
36.67500,38
36.68333,38
36.69167,38
36.70000,38
36.70833,38
36.71667,38
36.72500,38
36.73333,38
36.74167,38
36.75000,37
36.75833,37
36.76667,38
36.77500,38
36.78333,38
36.79167,38
36.80000,38
36.80833,37
36.81667,37
36.82500,38
36.83333,38
36.84167,38
36.85000,38
36.85833,38
36.86667,37
36.87500,37
36.88333,37
36.89167,37
36.90000,37
36.90833,37
36.91667,37
36.92500,37
36.93333,38
36.94167,38
36.95000,38
36.95833,38
36.96667,38
36.97500,38
36.98333,38
36.99167,39
37.00000,39
37.00833,39
37.01667,39
37.02500,39
37.03333,38
37.04167,38
37.05000,38
37.05833,38
37.06667,38
37.07500,38
37.08333,38
37.09167,38
37.10000,38
37.10833,38
37.11667,38
37.12500,38
37.13333,38
37.14167,38
37.15000,38
37.15833,38
37.16667,38
37.17500,38
37.18333,39
37.19167,39
37.20000,39
37.20833,39
37.21667,39
37.22500,39
37.23333,39
37.24167,39
37.25000,39
37.25833,39
37.26667,39
37.27500,39
37.28333,39
37.29167,39
37.30000,39
37.30833,39
37.31667,40
37.32500,40
37.33333,40
37.34167,40
37.35000,40
37.35833,40
37.36667,39
37.37500,40
37.38333,40
37.39167,40
37.40000,40
37.40833,39
37.41667,39
37.42500,39
37.43333,39
37.44167,40
37.45000,40
37.45833,40
37.46667,40
37.47500,40
37.48333,40
37.49167,40
37.50000,40
37.50833,40
37.51667,40
37.52500,40
37.53333,41
37.54167,40
37.55000,40
37.55833,40
37.56667,40
37.57500,40
37.58333,40
37.59167,40
37.60000,41
37.60833,41
37.61667,41
37.62500,41
37.63333,41
37.64167,41
37.65000,41
37.65833,41
37.66667,41
37.67500,41
37.68333,41
37.69167,41
37.70000,41
37.70833,42
37.71667,42
37.72500,42
37.73333,42
37.74167,41
37.75000,41
37.75833,41
37.76667,41
37.77500,41
37.78333,41
37.79167,41
37.80000,41
37.80833,41
37.81667,41
37.82500,41
37.83333,41
37.84167,41
37.85000,42
37.85833,41
37.86667,41
37.87500,41
37.88333,41
37.89167,41
37.90000,42
37.90833,42
37.91667,42
37.92500,41
37.93333,41
37.94167,41
37.95000,41
37.95833,41
37.96667,41
37.97500,41
37.98333,41
37.99167,41
38.00000,41
38.00833,41
38.01667,41
38.02500,42
38.03333,42
38.04167,42
38.05000,42
38.05833,42
38.06667,42
38.07500,42
38.08333,41
38.09167,41
38.10000,41
38.10833,41
38.11667,41
38.12500,41
38.13333,42
38.14167,42
38.15000,42
38.15833,42
38.16667,42
38.17500,42
38.18333,42
38.19167,42
38.20000,42
38.20833,42
38.21667,42
38.22500,42
38.23333,42
38.24167,42
38.25000,42
38.25833,42
38.26667,42
38.27500,42
38.28333,42
38.29167,42
38.30000,42
38.30833,42
38.31667,42
38.32500,42
38.33333,42
38.34167,42
38.35000,42
38.35833,42
38.36667,42
38.37500,42
38.38333,42
38.39167,42
38.40000,42
38.40833,41
38.41667,41
38.42500,41
38.43333,41
38.44167,41
38.45000,41
38.45833,41
38.46667,41
38.47500,41
38.48333,41
38.49167,42
38.50000,42
38.50833,43
38.51667,43
38.52500,43
38.53333,43
38.54167,43
38.55000,43
38.55833,43
38.56667,43
38.57500,43
38.58333,43
38.59167,43
38.60000,43
38.60833,43
38.61667,43
38.62500,43
38.63333,43
38.64167,43
38.65000,43
38.65833,43
38.66667,42
38.67500,42
38.68333,42
38.69167,42
38.70000,42
38.70833,42
38.71667,42
38.72500,42
38.73333,42
38.74167,42
38.75000,42
38.75833,43
38.76667,43
38.77500,43
38.78333,43
38.79167,43
38.80000,43
38.80833,43
38.81667,43
38.82500,43
38.83333,43
38.84167,43
38.85000,43
38.85833,43
38.86667,43
38.87500,44
38.88333,44
38.89167,44
38.90000,44
38.90833,44
38.91667,44
38.92500,44
38.93333,44
38.94167,44
38.95000,44
38.95833,44
38.96667,43
38.97500,43
38.98333,43
38.99167,43
39.00000,43
39.00833,43
39.01667,43
39.02500,43
39.03333,43
39.04167,43
39.05000,43
39.05833,43
39.06667,44
39.07500,44
39.08333,44
39.09167,43
39.10000,43
39.10833,42
39.11667,42
39.12500,42
39.13333,42
39.14167,43
39.15000,43
39.15833,43
39.16667,43
39.17500,43
39.18333,43
39.19167,43
39.20000,43
39.20833,43
39.21667,43
39.22500,43
39.23333,42
39.24167,43
39.25000,43
39.25833,43
39.26667,43
39.27500,43
39.28333,43
39.29167,43
39.30000,43
39.30833,43
39.31667,43
39.32500,43
39.33333,43
39.34167,43
39.35000,44
39.35833,44
39.36667,44
39.37500,44
39.38333,44
39.39167,44
39.40000,44
39.40833,44
39.41667,43
39.42500,43
39.43333,43
39.44167,43
39.45000,44
39.45833,44
39.46667,44
39.47500,45
39.48333,45
39.49167,45
39.50000,44
39.50833,44
39.51667,43
39.52500,43
39.53333,43
39.54167,43
39.55000,43
39.55833,44
39.56667,44
39.57500,44
39.58333,44
39.59167,44
39.60000,43
39.60833,43
39.61667,43
39.62500,43
39.63333,43
39.64167,44
39.65000,44
39.65833,44
39.66667,44
39.67500,45
39.68333,45
39.69167,45
39.70000,45
39.70833,45
39.71667,45
39.72500,45
39.73333,45
39.74167,45
39.75000,45
39.75833,46
39.76667,46
39.77500,46
39.78333,46
39.79167,46
39.80000,46
39.80833,45
39.81667,45
39.82500,45
39.83333,46
39.84167,46
39.85000,46
39.85833,46
39.86667,46
39.87500,46
39.88333,45
39.89167,45
39.90000,45
39.90833,45
39.91667,45
39.92500,45
39.93333,45
39.94167,46
39.95000,46
39.95833,46
39.96667,46
39.97500,46
39.98333,46
39.99167,46
40.00000,46

