[Header]
Application Name,LabSolutions
Version,5.97 SP1
Data File Name,C:\Users\cremerlab\Desktop\griffin\2021-04-27_REL606_acetate_turnover_redux\2021-04-27_REL606_DM_acetate_turnover_4282021_004_004.lcd
Output Date,4/28/2021
Output Time,1:36:24 PM

[File Information]
Type,Data File
Generated,4/28/2021 12:56:04 PM
Generated by,System Administrator
Modified,4/28/2021 1:36:24 PM
Modified by,System Administrator

[Sample Information]
Operator Name,System Administrator
Acquired,4/28/2021 12:56:22 PM
Sample Type,0:Unknown
Level,0
Sample Name,2021-04-07_REL606_replicate_001_timepoint_004
Sample ID,004
ISTD Amount1,1
ISTD Amount2,1
ISTD Amount3,1
ISTD Amount4,1
ISTD Amount5,1
ISTD Amount6,1
ISTD Amount7,1
ISTD Amount8,1
ISTD Amount9,1
ISTD Amount10,1
ISTD Amount11,1
ISTD Amount12,1
ISTD Amount13,1
ISTD Amount14,1
ISTD Amount15,1
ISTD Amount16,1
ISTD Amount17,1
ISTD Amount18,1
ISTD Amount19,1
ISTD Amount20,1
ISTD Amount21,1
ISTD Amount22,1
ISTD Amount23,1
ISTD Amount24,1
ISTD Amount25,1
ISTD Amount26,1
ISTD Amount27,1
ISTD Amount28,1
ISTD Amount29,1
ISTD Amount30,1
ISTD Amount31,1
ISTD Amount32,1
Sample Amount,1
Dilution Factor,1
Vial#,4
Injection Volume,20

[Original Files]
Data File,C:\Users\cremerlab\Desktop\griffin\2021-04-27_REL606_acetate_turnover_redux\2021-04-27_REL606_DM_acetate_turnover_4282021_004_004.lcd
Method File,C:\Users\cremerlab\Desktop\griffin\2.5mM_H2SO4_mobile_phase.lcm
Batch File,C:\Users\cremerlab\Desktop\griffin\2021-04-27_REL606_acetate_turnover_redux\2021-04-27_REL606_DM_acetate_turnover.lcb
Report Format File,c:\LabSolutions\System\DEFAULT.lsr

[File Description]


[Configuration]
Instrument Name,HPLC-PC-Instrument1
Instrument #,1
Line #,1
# of Detectors,2
Detector ID,Detector A,Detector B
Detector Name,Detector A,Detector B
# of Channels,1,1

[Peak Table(Detector A)]
# of Peaks,0

[Peak Table(Detector B)]
# of Peaks,4
Peak#,R.Time,I.Time,F.Time,Area,Height,A/H,Conc.,Mark,ID#,Name,k',Plate #,Plate Ht.,Tailing,Resolution,Sep.Factor,Area Ratio,Height Ratio,Conc. %,Norm Conc.
1,10.928,10.467,11.542,228415,13545,16.863,0.000,   ,,,0.000,9531,15.737,1.034,0.000,0.000,0,0,0.000,0.000
2,13.953,12.617,14.267,1544826,41900,36.869,0.000,   ,,,0.277,3210,46.723,0.000,4.223,0.000,0,0,0.000,0.000
3,14.490,14.267,15.183,150453,7167,20.991,0.000, V ,,,0.326,9712,15.445,0.000,0.683,1.178,0,0,0.000,0.000
4,25.127,24.367,26.258,307548,10370,29.658,0.000,   ,,,1.299,16449,9.119,1.078,15.509,3.986,0,0,0.000,0.000

[LC Chromatogram(Detector B-Ch1)]
Interval(msec),500
# of Points,4801
Start Time(min),0.000
End Time(min),40.000
Intensity Units,mV
Intensity Multiplier,0.001
R.Time (min),Intensity
0.00000,1
0.00833,1
0.01667,0
0.02500,1
0.03333,0
0.04167,0
0.05000,0
0.05833,0
0.06667,0
0.07500,1
0.08333,1
0.09167,1
0.10000,1
0.10833,1
0.11667,1
0.12500,1
0.13333,1
0.14167,2
0.15000,2
0.15833,2
0.16667,1
0.17500,1
0.18333,1
0.19167,1
0.20000,1
0.20833,1
0.21667,1
0.22500,1
0.23333,1
0.24167,1
0.25000,1
0.25833,1
0.26667,1
0.27500,1
0.28333,1
0.29167,1
0.30000,1
0.30833,1
0.31667,1
0.32500,2
0.33333,2
0.34167,2
0.35000,2
0.35833,3
0.36667,3
0.37500,3
0.38333,3
0.39167,3
0.40000,3
0.40833,3
0.41667,3
0.42500,3
0.43333,3
0.44167,3
0.45000,3
0.45833,4
0.46667,4
0.47500,4
0.48333,4
0.49167,4
0.50000,4
0.50833,4
0.51667,5
0.52500,5
0.53333,5
0.54167,5
0.55000,5
0.55833,5
0.56667,5
0.57500,5
0.58333,4
0.59167,4
0.60000,4
0.60833,4
0.61667,4
0.62500,4
0.63333,4
0.64167,4
0.65000,5
0.65833,5
0.66667,5
0.67500,6
0.68333,6
0.69167,6
0.70000,6
0.70833,6
0.71667,6
0.72500,6
0.73333,6
0.74167,6
0.75000,6
0.75833,7
0.76667,7
0.77500,6
0.78333,6
0.79167,6
0.80000,6
0.80833,6
0.81667,6
0.82500,7
0.83333,7
0.84167,7
0.85000,7
0.85833,7
0.86667,6
0.87500,6
0.88333,7
0.89167,7
0.90000,7
0.90833,7
0.91667,7
0.92500,7
0.93333,7
0.94167,7
0.95000,7
0.95833,7
0.96667,7
0.97500,8
0.98333,8
0.99167,8
1.00000,7
1.00833,7
1.01667,7
1.02500,8
1.03333,8
1.04167,8
1.05000,8
1.05833,8
1.06667,9
1.07500,9
1.08333,9
1.09167,9
1.10000,9
1.10833,9
1.11667,8
1.12500,8
1.13333,8
1.14167,9
1.15000,9
1.15833,9
1.16667,9
1.17500,9
1.18333,9
1.19167,9
1.20000,9
1.20833,9
1.21667,9
1.22500,9
1.23333,9
1.24167,9
1.25000,9
1.25833,9
1.26667,9
1.27500,9
1.28333,8
1.29167,8
1.30000,8
1.30833,8
1.31667,8
1.32500,8
1.33333,9
1.34167,9
1.35000,9
1.35833,9
1.36667,9
1.37500,9
1.38333,9
1.39167,9
1.40000,9
1.40833,9
1.41667,9
1.42500,9
1.43333,9
1.44167,8
1.45000,8
1.45833,9
1.46667,9
1.47500,9
1.48333,9
1.49167,9
1.50000,9
1.50833,9
1.51667,9
1.52500,8
1.53333,8
1.54167,8
1.55000,8
1.55833,8
1.56667,8
1.57500,8
1.58333,8
1.59167,8
1.60000,8
1.60833,8
1.61667,8
1.62500,8
1.63333,9
1.64167,9
1.65000,9
1.65833,9
1.66667,9
1.67500,9
1.68333,9
1.69167,8
1.70000,9
1.70833,9
1.71667,9
1.72500,8
1.73333,8
1.74167,8
1.75000,8
1.75833,8
1.76667,8
1.77500,9
1.78333,9
1.79167,9
1.80000,9
1.80833,9
1.81667,9
1.82500,9
1.83333,9
1.84167,8
1.85000,8
1.85833,8
1.86667,8
1.87500,9
1.88333,9
1.89167,9
1.90000,9
1.90833,9
1.91667,8
1.92500,8
1.93333,9
1.94167,9
1.95000,9
1.95833,9
1.96667,9
1.97500,9
1.98333,9
1.99167,9
2.00000,8
2.00833,9
2.01667,9
2.02500,9
2.03333,9
2.04167,9
2.05000,9
2.05833,9
2.06667,9
2.07500,9
2.08333,9
2.09167,9
2.10000,9
2.10833,9
2.11667,9
2.12500,9
2.13333,9
2.14167,9
2.15000,9
2.15833,9
2.16667,9
2.17500,9
2.18333,9
2.19167,10
2.20000,10
2.20833,10
2.21667,10
2.22500,9
2.23333,9
2.24167,9
2.25000,9
2.25833,9
2.26667,9
2.27500,9
2.28333,9
2.29167,10
2.30000,10
2.30833,9
2.31667,9
2.32500,10
2.33333,10
2.34167,10
2.35000,10
2.35833,10
2.36667,10
2.37500,10
2.38333,10
2.39167,10
2.40000,10
2.40833,10
2.41667,10
2.42500,10
2.43333,10
2.44167,11
2.45000,11
2.45833,11
2.46667,11
2.47500,11
2.48333,11
2.49167,11
2.50000,11
2.50833,11
2.51667,11
2.52500,11
2.53333,12
2.54167,12
2.55000,12
2.55833,12
2.56667,12
2.57500,11
2.58333,11
2.59167,11
2.60000,11
2.60833,12
2.61667,12
2.62500,12
2.63333,12
2.64167,12
2.65000,12
2.65833,11
2.66667,11
2.67500,11
2.68333,11
2.69167,11
2.70000,11
2.70833,11
2.71667,12
2.72500,12
2.73333,12
2.74167,12
2.75000,12
2.75833,12
2.76667,12
2.77500,12
2.78333,11
2.79167,12
2.80000,12
2.80833,12
2.81667,12
2.82500,12
2.83333,12
2.84167,12
2.85000,12
2.85833,12
2.86667,12
2.87500,12
2.88333,12
2.89167,13
2.90000,13
2.90833,13
2.91667,13
2.92500,13
2.93333,13
2.94167,13
2.95000,12
2.95833,12
2.96667,13
2.97500,13
2.98333,13
2.99167,13
3.00000,14
3.00833,14
3.01667,14
3.02500,14
3.03333,14
3.04167,14
3.05000,14
3.05833,14
3.06667,14
3.07500,14
3.08333,14
3.09167,14
3.10000,14
3.10833,14
3.11667,14
3.12500,14
3.13333,15
3.14167,15
3.15000,15
3.15833,15
3.16667,15
3.17500,15
3.18333,15
3.19167,15
3.20000,14
3.20833,15
3.21667,15
3.22500,15
3.23333,16
3.24167,15
3.25000,15
3.25833,15
3.26667,15
3.27500,15
3.28333,15
3.29167,15
3.30000,15
3.30833,15
3.31667,15
3.32500,15
3.33333,16
3.34167,16
3.35000,15
3.35833,15
3.36667,15
3.37500,15
3.38333,16
3.39167,16
3.40000,16
3.40833,16
3.41667,16
3.42500,15
3.43333,16
3.44167,16
3.45000,16
3.45833,16
3.46667,16
3.47500,16
3.48333,16
3.49167,16
3.50000,16
3.50833,16
3.51667,16
3.52500,16
3.53333,16
3.54167,16
3.55000,16
3.55833,16
3.56667,16
3.57500,16
3.58333,16
3.59167,16
3.60000,17
3.60833,17
3.61667,17
3.62500,17
3.63333,17
3.64167,17
3.65000,18
3.65833,18
3.66667,18
3.67500,18
3.68333,18
3.69167,18
3.70000,17
3.70833,17
3.71667,17
3.72500,17
3.73333,17
3.74167,18
3.75000,18
3.75833,18
3.76667,18
3.77500,18
3.78333,18
3.79167,18
3.80000,18
3.80833,17
3.81667,17
3.82500,18
3.83333,18
3.84167,18
3.85000,18
3.85833,19
3.86667,19
3.87500,18
3.88333,18
3.89167,18
3.90000,18
3.90833,18
3.91667,18
3.92500,18
3.93333,17
3.94167,17
3.95000,18
3.95833,18
3.96667,18
3.97500,18
3.98333,18
3.99167,18
4.00000,18
4.00833,18
4.01667,18
4.02500,18
4.03333,18
4.04167,18
4.05000,18
4.05833,18
4.06667,18
4.07500,18
4.08333,18
4.09167,18
4.10000,18
4.10833,18
4.11667,18
4.12500,18
4.13333,18
4.14167,18
4.15000,18
4.15833,18
4.16667,18
4.17500,18
4.18333,18
4.19167,19
4.20000,19
4.20833,19
4.21667,20
4.22500,20
4.23333,20
4.24167,20
4.25000,20
4.25833,20
4.26667,20
4.27500,20
4.28333,20
4.29167,20
4.30000,20
4.30833,19
4.31667,19
4.32500,19
4.33333,19
4.34167,20
4.35000,20
4.35833,20
4.36667,20
4.37500,19
4.38333,19
4.39167,20
4.40000,20
4.40833,20
4.41667,19
4.42500,19
4.43333,20
4.44167,20
4.45000,20
4.45833,20
4.46667,20
4.47500,20
4.48333,20
4.49167,20
4.50000,20
4.50833,20
4.51667,20
4.52500,20
4.53333,19
4.54167,19
4.55000,19
4.55833,19
4.56667,19
4.57500,20
4.58333,20
4.59167,20
4.60000,20
4.60833,20
4.61667,20
4.62500,20
4.63333,20
4.64167,20
4.65000,20
4.65833,20
4.66667,19
4.67500,19
4.68333,19
4.69167,20
4.70000,20
4.70833,20
4.71667,20
4.72500,20
4.73333,20
4.74167,20
4.75000,20
4.75833,20
4.76667,20
4.77500,21
4.78333,21
4.79167,21
4.80000,21
4.80833,21
4.81667,21
4.82500,21
4.83333,20
4.84167,20
4.85000,19
4.85833,19
4.86667,20
4.87500,20
4.88333,20
4.89167,20
4.90000,20
4.90833,20
4.91667,21
4.92500,20
4.93333,21
4.94167,21
4.95000,21
4.95833,21
4.96667,21
4.97500,20
4.98333,20
4.99167,20
5.00000,20
5.00833,20
5.01667,20
5.02500,20
5.03333,21
5.04167,21
5.05000,21
5.05833,21
5.06667,21
5.07500,21
5.08333,21
5.09167,21
5.10000,21
5.10833,21
5.11667,21
5.12500,21
5.13333,21
5.14167,21
5.15000,21
5.15833,21
5.16667,22
5.17500,22
5.18333,22
5.19167,22
5.20000,21
5.20833,21
5.21667,21
5.22500,21
5.23333,21
5.24167,21
5.25000,21
5.25833,22
5.26667,22
5.27500,22
5.28333,22
5.29167,22
5.30000,22
5.30833,22
5.31667,22
5.32500,22
5.33333,22
5.34167,22
5.35000,22
5.35833,23
5.36667,23
5.37500,22
5.38333,22
5.39167,22
5.40000,23
5.40833,23
5.41667,23
5.42500,23
5.43333,23
5.44167,23
5.45000,23
5.45833,23
5.46667,23
5.47500,23
5.48333,23
5.49167,23
5.50000,23
5.50833,23
5.51667,23
5.52500,23
5.53333,23
5.54167,23
5.55000,23
5.55833,24
5.56667,24
5.57500,24
5.58333,24
5.59167,24
5.60000,24
5.60833,24
5.61667,24
5.62500,24
5.63333,24
5.64167,24
5.65000,23
5.65833,23
5.66667,23
5.67500,24
5.68333,23
5.69167,23
5.70000,23
5.70833,23
5.71667,24
5.72500,24
5.73333,24
5.74167,25
5.75000,25
5.75833,25
5.76667,25
5.77500,25
5.78333,25
5.79167,25
5.80000,25
5.80833,25
5.81667,25
5.82500,25
5.83333,25
5.84167,25
5.85000,25
5.85833,25
5.86667,25
5.87500,25
5.88333,25
5.89167,26
5.90000,26
5.90833,26
5.91667,26
5.92500,26
5.93333,26
5.94167,26
5.95000,26
5.95833,26
5.96667,26
5.97500,26
5.98333,26
5.99167,26
6.00000,26
6.00833,26
6.01667,26
6.02500,26
6.03333,26
6.04167,26
6.05000,26
6.05833,26
6.06667,26
6.07500,26
6.08333,27
6.09167,26
6.10000,26
6.10833,26
6.11667,26
6.12500,26
6.13333,26
6.14167,26
6.15000,26
6.15833,27
6.16667,27
6.17500,27
6.18333,27
6.19167,26
6.20000,26
6.20833,26
6.21667,26
6.22500,26
6.23333,26
6.24167,26
6.25000,26
6.25833,26
6.26667,26
6.27500,27
6.28333,27
6.29167,27
6.30000,27
6.30833,27
6.31667,27
6.32500,28
6.33333,28
6.34167,28
6.35000,28
6.35833,27
6.36667,27
6.37500,27
6.38333,27
6.39167,27
6.40000,27
6.40833,27
6.41667,27
6.42500,27
6.43333,27
6.44167,27
6.45000,27
6.45833,27
6.46667,26
6.47500,27
6.48333,27
6.49167,27
6.50000,27
6.50833,27
6.51667,27
6.52500,27
6.53333,27
6.54167,27
6.55000,27
6.55833,26
6.56667,27
6.57500,27
6.58333,27
6.59167,27
6.60000,27
6.60833,27
6.61667,27
6.62500,28
6.63333,28
6.64167,28
6.65000,28
6.65833,28
6.66667,28
6.67500,29
6.68333,29
6.69167,29
6.70000,29
6.70833,29
6.71667,29
6.72500,29
6.73333,29
6.74167,29
6.75000,29
6.75833,29
6.76667,29
6.77500,28
6.78333,28
6.79167,29
6.80000,29
6.80833,28
6.81667,28
6.82500,29
6.83333,29
6.84167,29
6.85000,29
6.85833,29
6.86667,29
6.87500,29
6.88333,29
6.89167,29
6.90000,29
6.90833,29
6.91667,29
6.92500,29
6.93333,29
6.94167,29
6.95000,29
6.95833,29
6.96667,29
6.97500,29
6.98333,29
6.99167,28
7.00000,28
7.00833,28
7.01667,28
7.02500,29
7.03333,30
7.04167,30
7.05000,30
7.05833,30
7.06667,30
7.07500,30
7.08333,30
7.09167,30
7.10000,30
7.10833,29
7.11667,30
7.12500,30
7.13333,30
7.14167,30
7.15000,31
7.15833,31
7.16667,31
7.17500,31
7.18333,31
7.19167,30
7.20000,30
7.20833,30
7.21667,30
7.22500,30
7.23333,30
7.24167,30
7.25000,30
7.25833,30
7.26667,30
7.27500,30
7.28333,31
7.29167,31
7.30000,31
7.30833,31
7.31667,31
7.32500,31
7.33333,31
7.34167,31
7.35000,31
7.35833,32
7.36667,32
7.37500,32
7.38333,32
7.39167,31
7.40000,31
7.40833,31
7.41667,32
7.42500,32
7.43333,32
7.44167,33
7.45000,32
7.45833,32
7.46667,32
7.47500,32
7.48333,32
7.49167,32
7.50000,32
7.50833,32
7.51667,32
7.52500,32
7.53333,32
7.54167,32
7.55000,32
7.55833,32
7.56667,32
7.57500,32
7.58333,32
7.59167,32
7.60000,32
7.60833,32
7.61667,32
7.62500,32
7.63333,32
7.64167,32
7.65000,32
7.65833,32
7.66667,32
7.67500,33
7.68333,33
7.69167,33
7.70000,33
7.70833,33
7.71667,33
7.72500,33
7.73333,33
7.74167,33
7.75000,33
7.75833,33
7.76667,33
7.77500,33
7.78333,33
7.79167,33
7.80000,33
7.80833,33
7.81667,33
7.82500,34
7.83333,34
7.84167,34
7.85000,34
7.85833,34
7.86667,34
7.87500,34
7.88333,34
7.89167,34
7.90000,33
7.90833,33
7.91667,33
7.92500,33
7.93333,33
7.94167,33
7.95000,33
7.95833,34
7.96667,34
7.97500,34
7.98333,34
7.99167,34
8.00000,34
8.00833,34
8.01667,34
8.02500,34
8.03333,34
8.04167,35
8.05000,35
8.05833,35
8.06667,34
8.07500,34
8.08333,34
8.09167,35
8.10000,35
8.10833,35
8.11667,35
8.12500,35
8.13333,35
8.14167,35
8.15000,35
8.15833,35
8.16667,35
8.17500,35
8.18333,35
8.19167,35
8.20000,35
8.20833,35
8.21667,35
8.22500,35
8.23333,35
8.24167,35
8.25000,35
8.25833,35
8.26667,35
8.27500,35
8.28333,35
8.29167,35
8.30000,35
8.30833,35
8.31667,35
8.32500,35
8.33333,35
8.34167,35
8.35000,35
8.35833,35
8.36667,35
8.37500,35
8.38333,35
8.39167,35
8.40000,36
8.40833,36
8.41667,36
8.42500,36
8.43333,36
8.44167,36
8.45000,36
8.45833,36
8.46667,36
8.47500,35
8.48333,35
8.49167,35
8.50000,36
8.50833,35
8.51667,36
8.52500,36
8.53333,36
8.54167,36
8.55000,36
8.55833,37
8.56667,37
8.57500,37
8.58333,37
8.59167,36
8.60000,36
8.60833,36
8.61667,35
8.62500,36
8.63333,36
8.64167,36
8.65000,36
8.65833,37
8.66667,37
8.67500,37
8.68333,37
8.69167,37
8.70000,37
8.70833,37
8.71667,37
8.72500,36
8.73333,36
8.74167,36
8.75000,36
8.75833,36
8.76667,36
8.77500,37
8.78333,37
8.79167,37
8.80000,37
8.80833,37
8.81667,37
8.82500,37
8.83333,37
8.84167,38
8.85000,38
8.85833,38
8.86667,38
8.87500,38
8.88333,38
8.89167,38
8.90000,38
8.90833,38
8.91667,38
8.92500,38
8.93333,38
8.94167,38
8.95000,38
8.95833,38
8.96667,39
8.97500,39
8.98333,39
8.99167,39
9.00000,39
9.00833,39
9.01667,39
9.02500,39
9.03333,38
9.04167,38
9.05000,38
9.05833,38
9.06667,38
9.07500,38
9.08333,38
9.09167,38
9.10000,38
9.10833,39
9.11667,38
9.12500,38
9.13333,38
9.14167,38
9.15000,38
9.15833,38
9.16667,38
9.17500,38
9.18333,38
9.19167,38
9.20000,38
9.20833,39
9.21667,39
9.22500,39
9.23333,39
9.24167,39
9.25000,39
9.25833,39
9.26667,39
9.27500,39
9.28333,39
9.29167,39
9.30000,39
9.30833,40
9.31667,40
9.32500,40
9.33333,40
9.34167,40
9.35000,40
9.35833,39
9.36667,39
9.37500,39
9.38333,39
9.39167,39
9.40000,39
9.40833,39
9.41667,40
9.42500,40
9.43333,41
9.44167,41
9.45000,41
9.45833,41
9.46667,41
9.47500,41
9.48333,41
9.49167,41
9.50000,41
9.50833,41
9.51667,40
9.52500,40
9.53333,40
9.54167,40
9.55000,40
9.55833,40
9.56667,40
9.57500,40
9.58333,40
9.59167,40
9.60000,40
9.60833,41
9.61667,41
9.62500,41
9.63333,42
9.64167,42
9.65000,42
9.65833,42
9.66667,42
9.67500,42
9.68333,41
9.69167,41
9.70000,41
9.70833,42
9.71667,42
9.72500,42
9.73333,42
9.74167,42
9.75000,42
9.75833,42
9.76667,42
9.77500,43
9.78333,43
9.79167,43
9.80000,43
9.80833,43
9.81667,43
9.82500,43
9.83333,43
9.84167,43
9.85000,43
9.85833,43
9.86667,42
9.87500,43
9.88333,43
9.89167,43
9.90000,43
9.90833,43
9.91667,44
9.92500,44
9.93333,44
9.94167,44
9.95000,44
9.95833,45
9.96667,45
9.97500,46
9.98333,46
9.99167,47
10.00000,47
10.00833,47
10.01667,48
10.02500,48
10.03333,49
10.04167,49
10.05000,50
10.05833,51
10.06667,52
10.07500,53
10.08333,53
10.09167,54
10.10000,54
10.10833,55
10.11667,56
10.12500,57
10.13333,58
10.14167,59
10.15000,60
10.15833,61
10.16667,62
10.17500,63
10.18333,65
10.19167,66
10.20000,67
10.20833,68
10.21667,69
10.22500,70
10.23333,71
10.24167,72
10.25000,72
10.25833,73
10.26667,73
10.27500,73
10.28333,74
10.29167,74
10.30000,75
10.30833,75
10.31667,75
10.32500,75
10.33333,75
10.34167,75
10.35000,75
10.35833,76
10.36667,76
10.37500,76
10.38333,76
10.39167,76
10.40000,76
10.40833,76
10.41667,76
10.42500,75
10.43333,75
10.44167,74
10.45000,74
10.45833,74
10.46667,74
10.47500,74
10.48333,75
10.49167,76
10.50000,78
10.50833,80
10.51667,82
10.52500,86
10.53333,92
10.54167,99
10.55000,108
10.55833,120
10.56667,136
10.57500,156
10.58333,181
10.59167,212
10.60000,251
10.60833,298
10.61667,355
10.62500,424
10.63333,506
10.64167,603
10.65000,717
10.65833,848
10.66667,1001
10.67500,1175
10.68333,1373
10.69167,1597
10.70000,1848
10.70833,2127
10.71667,2435
10.72500,2774
10.73333,3143
10.74167,3542
10.75000,3973
10.75833,4432
10.76667,4920
10.77500,5435
10.78333,5973
10.79167,6532
10.80000,7107
10.80833,7696
10.81667,8292
10.82500,8889
10.83333,9481
10.84167,10062
10.85000,10623
10.85833,11158
10.86667,11658
10.87500,12117
10.88333,12525
10.89167,12876
10.90000,13163
10.90833,13380
10.91667,13523
10.92500,13587
10.93333,13572
10.94167,13476
10.95000,13300
10.95833,13047
10.96667,12722
10.97500,12330
10.98333,11877
10.99167,11372
11.00000,10824
11.00833,10241
11.01667,9635
11.02500,9013
11.03333,8386
11.04167,7761
11.05000,7146
11.05833,6549
11.06667,5974
11.07500,5427
11.08333,4911
11.09167,4429
11.10000,3980
11.10833,3567
11.11667,3189
11.12500,2845
11.13333,2533
11.14167,2252
11.15000,2000
11.15833,1774
11.16667,1573
11.17500,1394
11.18333,1234
11.19167,1093
11.20000,967
11.20833,856
11.21667,758
11.22500,670
11.23333,593
11.24167,523
11.25000,462
11.25833,407
11.26667,359
11.27500,316
11.28333,278
11.29167,244
11.30000,214
11.30833,188
11.31667,164
11.32500,144
11.33333,125
11.34167,109
11.35000,95
11.35833,83
11.36667,72
11.37500,63
11.38333,55
11.39167,48
11.40000,42
11.40833,36
11.41667,31
11.42500,26
11.43333,22
11.44167,19
11.45000,17
11.45833,14
11.46667,12
11.47500,10
11.48333,8
11.49167,6
11.50000,4
11.50833,3
11.51667,2
11.52500,0
11.53333,-0
11.54167,-1
11.55000,-2
11.55833,-2
11.56667,-3
11.57500,-3
11.58333,-4
11.59167,-4
11.60000,-4
11.60833,-4
11.61667,-4
11.62500,-4
11.63333,-3
11.64167,-3
11.65000,-3
11.65833,-2
11.66667,-1
11.67500,-1
11.68333,-0
11.69167,1
11.70000,2
11.70833,3
11.71667,4
11.72500,5
11.73333,6
11.74167,7
11.75000,7
11.75833,8
11.76667,9
11.77500,11
11.78333,12
11.79167,13
11.80000,14
11.80833,16
11.81667,17
11.82500,18
11.83333,19
11.84167,20
11.85000,21
11.85833,22
11.86667,24
11.87500,25
11.88333,26
11.89167,27
11.90000,28
11.90833,29
11.91667,30
11.92500,30
11.93333,31
11.94167,32
11.95000,33
11.95833,34
11.96667,35
11.97500,35
11.98333,36
11.99167,36
12.00000,37
12.00833,37
12.01667,37
12.02500,38
12.03333,39
12.04167,40
12.05000,40
12.05833,41
12.06667,42
12.07500,42
12.08333,43
12.09167,44
12.10000,45
12.10833,45
12.11667,46
12.12500,46
12.13333,47
12.14167,47
12.15000,48
12.15833,48
12.16667,49
12.17500,50
12.18333,51
12.19167,52
12.20000,53
12.20833,53
12.21667,54
12.22500,55
12.23333,56
12.24167,57
12.25000,59
12.25833,60
12.26667,61
12.27500,62
12.28333,62
12.29167,63
12.30000,65
12.30833,66
12.31667,67
12.32500,68
12.33333,69
12.34167,70
12.35000,72
12.35833,73
12.36667,74
12.37500,75
12.38333,76
12.39167,78
12.40000,79
12.40833,79
12.41667,80
12.42500,81
12.43333,82
12.44167,82
12.45000,83
12.45833,84
12.46667,84
12.47500,85
12.48333,85
12.49167,86
12.50000,86
12.50833,86
12.51667,87
12.52500,87
12.53333,88
12.54167,88
12.55000,88
12.55833,89
12.56667,89
12.57500,90
12.58333,90
12.59167,91
12.60000,91
12.60833,92
12.61667,92
12.62500,93
12.63333,94
12.64167,96
12.65000,97
12.65833,100
12.66667,103
12.67500,107
12.68333,111
12.69167,117
12.70000,124
12.70833,133
12.71667,143
12.72500,156
12.73333,171
12.74167,188
12.75000,210
12.75833,235
12.76667,263
12.77500,295
12.78333,333
12.79167,375
12.80000,423
12.80833,476
12.81667,535
12.82500,599
12.83333,670
12.84167,748
12.85000,832
12.85833,922
12.86667,1019
12.87500,1123
12.88333,1234
12.89167,1351
12.90000,1474
12.90833,1604
12.91667,1741
12.92500,1884
12.93333,2033
12.94167,2188
12.95000,2349
12.95833,2516
12.96667,2687
12.97500,2865
12.98333,3047
12.99167,3234
13.00000,3426
13.00833,3623
13.01667,3823
13.02500,4029
13.03333,4238
13.04167,4451
13.05000,4667
13.05833,4888
13.06667,5111
13.07500,5339
13.08333,5570
13.09167,5804
13.10000,6042
13.10833,6282
13.11667,6525
13.12500,6772
13.13333,7021
13.14167,7273
13.15000,7527
13.15833,7784
13.16667,8044
13.17500,8306
13.18333,8571
13.19167,8838
13.20000,9107
13.20833,9380
13.21667,9654
13.22500,9931
13.23333,10210
13.24167,10492
13.25000,10776
13.25833,11062
13.26667,11351
13.27500,11642
13.28333,11935
13.29167,12231
13.30000,12529
13.30833,12828
13.31667,13130
13.32500,13434
13.33333,13741
13.34167,14049
13.35000,14360
13.35833,14673
13.36667,14989
13.37500,15307
13.38333,15627
13.39167,15949
13.40000,16273
13.40833,16599
13.41667,16928
13.42500,17259
13.43333,17593
13.44167,17929
13.45000,18267
13.45833,18608
13.46667,18950
13.47500,19295
13.48333,19643
13.49167,19992
13.50000,20344
13.50833,20699
13.51667,21056
13.52500,21415
13.53333,21777
13.54167,22141
13.55000,22507
13.55833,22877
13.56667,23248
13.57500,23623
13.58333,24000
13.59167,24379
13.60000,24761
13.60833,25145
13.61667,25532
13.62500,25921
13.63333,26314
13.64167,26709
13.65000,27106
13.65833,27506
13.66667,27909
13.67500,28314
13.68333,28722
13.69167,29133
13.70000,29546
13.70833,29962
13.71667,30381
13.72500,30803
13.73333,31228
13.74167,31656
13.75000,32087
13.75833,32521
13.76667,32957
13.77500,33396
13.78333,33839
13.79167,34283
13.80000,34731
13.80833,35182
13.81667,35636
13.82500,36093
13.83333,36553
13.84167,37015
13.85000,37480
13.85833,37947
13.86667,38416
13.87500,38885
13.88333,39352
13.89167,39815
13.90000,40268
13.90833,40704
13.91667,41111
13.92500,41474
13.93333,41777
13.94167,41996
13.95000,42106
13.95833,42081
13.96667,41893
13.97500,41518
13.98333,40936
13.99167,40133
14.00000,39102
14.00833,37846
14.01667,36378
14.02500,34719
14.03333,32897
14.04167,30946
14.05000,28905
14.05833,26814
14.06667,24712
14.07500,22636
14.08333,20616
14.09167,18681
14.10000,16851
14.10833,15142
14.11667,13562
14.12500,12117
14.13333,10808
14.14167,9632
14.15000,8582
14.15833,7654
14.16667,6838
14.17500,6126
14.18333,5510
14.19167,4981
14.20000,4532
14.20833,4155
14.21667,3845
14.22500,3594
14.23333,3398
14.24167,3254
14.25000,3156
14.25833,3100
14.26667,3085
14.27500,3107
14.28333,3162
14.29167,3249
14.30000,3365
14.30833,3508
14.31667,3673
14.32500,3860
14.33333,4064
14.34167,4285
14.35000,4517
14.35833,4758
14.36667,5006
14.37500,5256
14.38333,5506
14.39167,5752
14.40000,5991
14.40833,6219
14.41667,6435
14.42500,6635
14.43333,6816
14.44167,6977
14.45000,7115
14.45833,7228
14.46667,7316
14.47500,7378
14.48333,7412
14.49167,7419
14.50000,7400
14.50833,7354
14.51667,7282
14.52500,7187
14.53333,7070
14.54167,6931
14.55000,6773
14.55833,6599
14.56667,6409
14.57500,6207
14.58333,5995
14.59167,5775
14.60000,5549
14.60833,5319
14.61667,5086
14.62500,4853
14.63333,4621
14.64167,4392
14.65000,4166
14.65833,3946
14.66667,3732
14.67500,3524
14.68333,3324
14.69167,3132
14.70000,2948
14.70833,2772
14.71667,2605
14.72500,2446
14.73333,2297
14.74167,2155
14.75000,2022
14.75833,1897
14.76667,1780
14.77500,1670
14.78333,1568
14.79167,1472
14.80000,1382
14.80833,1298
14.81667,1220
14.82500,1147
14.83333,1080
14.84167,1018
14.85000,959
14.85833,906
14.86667,856
14.87500,810
14.88333,767
14.89167,727
14.90000,691
14.90833,657
14.91667,626
14.92500,597
14.93333,570
14.94167,545
14.95000,522
14.95833,500
14.96667,481
14.97500,463
14.98333,447
14.99167,432
15.00000,418
15.00833,405
15.01667,394
15.02500,383
15.03333,373
15.04167,365
15.05000,357
15.05833,349
15.06667,343
15.07500,337
15.08333,332
15.09167,328
15.10000,324
15.10833,321
15.11667,318
15.12500,316
15.13333,314
15.14167,313
15.15000,312
15.15833,312
15.16667,311
15.17500,311
15.18333,311
15.19167,311
15.20000,311
15.20833,311
15.21667,311
15.22500,311
15.23333,312
15.24167,312
15.25000,312
15.25833,312
15.26667,312
15.27500,312
15.28333,312
15.29167,311
15.30000,310
15.30833,309
15.31667,307
15.32500,306
15.33333,304
15.34167,303
15.35000,301
15.35833,298
15.36667,296
15.37500,293
15.38333,290
15.39167,286
15.40000,283
15.40833,280
15.41667,276
15.42500,273
15.43333,269
15.44167,266
15.45000,262
15.45833,259
15.46667,256
15.47500,252
15.48333,249
15.49167,245
15.50000,242
15.50833,238
15.51667,235
15.52500,232
15.53333,230
15.54167,227
15.55000,224
15.55833,222
15.56667,219
15.57500,216
15.58333,214
15.59167,212
15.60000,209
15.60833,207
15.61667,205
15.62500,203
15.63333,201
15.64167,199
15.65000,198
15.65833,197
15.66667,195
15.67500,194
15.68333,192
15.69167,191
15.70000,190
15.70833,189
15.71667,188
15.72500,187
15.73333,186
15.74167,185
15.75000,184
15.75833,183
15.76667,182
15.77500,181
15.78333,180
15.79167,178
15.80000,178
15.80833,177
15.81667,176
15.82500,175
15.83333,175
15.84167,174
15.85000,174
15.85833,174
15.86667,173
15.87500,172
15.88333,172
15.89167,171
15.90000,170
15.90833,169
15.91667,168
15.92500,167
15.93333,166
15.94167,165
15.95000,165
15.95833,164
15.96667,164
15.97500,163
15.98333,163
15.99167,163
16.00000,162
16.00833,162
16.01667,161
16.02500,161
16.03333,161
16.04167,160
16.05000,160
16.05833,159
16.06667,159
16.07500,158
16.08333,158
16.09167,157
16.10000,157
16.10833,156
16.11667,156
16.12500,155
16.13333,155
16.14167,155
16.15000,154
16.15833,154
16.16667,153
16.17500,153
16.18333,153
16.19167,152
16.20000,152
16.20833,151
16.21667,150
16.22500,150
16.23333,149
16.24167,149
16.25000,148
16.25833,148
16.26667,148
16.27500,148
16.28333,147
16.29167,147
16.30000,147
16.30833,147
16.31667,146
16.32500,146
16.33333,146
16.34167,146
16.35000,146
16.35833,145
16.36667,145
16.37500,145
16.38333,145
16.39167,144
16.40000,144
16.40833,144
16.41667,144
16.42500,144
16.43333,144
16.44167,144
16.45000,144
16.45833,144
16.46667,144
16.47500,144
16.48333,143
16.49167,143
16.50000,143
16.50833,142
16.51667,142
16.52500,142
16.53333,141
16.54167,141
16.55000,140
16.55833,140
16.56667,139
16.57500,139
16.58333,139
16.59167,139
16.60000,138
16.60833,138
16.61667,138
16.62500,138
16.63333,137
16.64167,137
16.65000,137
16.65833,136
16.66667,136
16.67500,135
16.68333,134
16.69167,134
16.70000,134
16.70833,133
16.71667,133
16.72500,132
16.73333,132
16.74167,132
16.75000,132
16.75833,132
16.76667,131
16.77500,130
16.78333,130
16.79167,129
16.80000,129
16.80833,129
16.81667,129
16.82500,129
16.83333,128
16.84167,128
16.85000,127
16.85833,126
16.86667,126
16.87500,126
16.88333,126
16.89167,126
16.90000,126
16.90833,126
16.91667,125
16.92500,125
16.93333,125
16.94167,125
16.95000,125
16.95833,124
16.96667,124
16.97500,124
16.98333,123
16.99167,123
17.00000,122
17.00833,122
17.01667,122
17.02500,121
17.03333,121
17.04167,121
17.05000,121
17.05833,121
17.06667,121
17.07500,121
17.08333,121
17.09167,120
17.10000,120
17.10833,119
17.11667,119
17.12500,119
17.13333,118
17.14167,118
17.15000,118
17.15833,117
17.16667,117
17.17500,116
17.18333,116
17.19167,116
17.20000,116
17.20833,116
17.21667,116
17.22500,116
17.23333,116
17.24167,115
17.25000,115
17.25833,114
17.26667,114
17.27500,114
17.28333,114
17.29167,114
17.30000,114
17.30833,114
17.31667,113
17.32500,113
17.33333,113
17.34167,113
17.35000,113
17.35833,113
17.36667,113
17.37500,112
17.38333,112
17.39167,112
17.40000,112
17.40833,112
17.41667,112
17.42500,112
17.43333,112
17.44167,112
17.45000,111
17.45833,111
17.46667,111
17.47500,111
17.48333,110
17.49167,110
17.50000,110
17.50833,110
17.51667,110
17.52500,110
17.53333,110
17.54167,110
17.55000,111
17.55833,111
17.56667,111
17.57500,111
17.58333,111
17.59167,110
17.60000,110
17.60833,110
17.61667,110
17.62500,110
17.63333,110
17.64167,109
17.65000,109
17.65833,109
17.66667,109
17.67500,109
17.68333,109
17.69167,108
17.70000,108
17.70833,109
17.71667,109
17.72500,109
17.73333,109
17.74167,109
17.75000,109
17.75833,109
17.76667,109
17.77500,109
17.78333,109
17.79167,109
17.80000,109
17.80833,109
17.81667,109
17.82500,109
17.83333,110
17.84167,110
17.85000,110
17.85833,111
17.86667,111
17.87500,111
17.88333,111
17.89167,111
17.90000,110
17.90833,111
17.91667,111
17.92500,111
17.93333,111
17.94167,111
17.95000,111
17.95833,111
17.96667,111
17.97500,111
17.98333,111
17.99167,111
18.00000,111
18.00833,111
18.01667,111
18.02500,110
18.03333,110
18.04167,110
18.05000,110
18.05833,110
18.06667,110
18.07500,110
18.08333,110
18.09167,110
18.10000,110
18.10833,110
18.11667,110
18.12500,110
18.13333,110
18.14167,109
18.15000,109
18.15833,109
18.16667,109
18.17500,108
18.18333,108
18.19167,107
18.20000,107
18.20833,107
18.21667,107
18.22500,106
18.23333,106
18.24167,106
18.25000,107
18.25833,107
18.26667,106
18.27500,106
18.28333,105
18.29167,105
18.30000,105
18.30833,105
18.31667,105
18.32500,105
18.33333,105
18.34167,104
18.35000,104
18.35833,104
18.36667,104
18.37500,104
18.38333,104
18.39167,104
18.40000,104
18.40833,104
18.41667,104
18.42500,104
18.43333,104
18.44167,104
18.45000,104
18.45833,104
18.46667,105
18.47500,105
18.48333,105
18.49167,105
18.50000,105
18.50833,104
18.51667,104
18.52500,104
18.53333,104
18.54167,104
18.55000,104
18.55833,105
18.56667,105
18.57500,105
18.58333,105
18.59167,105
18.60000,106
18.60833,106
18.61667,106
18.62500,106
18.63333,106
18.64167,106
18.65000,106
18.65833,106
18.66667,107
18.67500,107
18.68333,107
18.69167,106
18.70000,106
18.70833,107
18.71667,107
18.72500,107
18.73333,107
18.74167,107
18.75000,108
18.75833,108
18.76667,108
18.77500,107
18.78333,107
18.79167,107
18.80000,107
18.80833,107
18.81667,108
18.82500,108
18.83333,108
18.84167,108
18.85000,109
18.85833,109
18.86667,109
18.87500,109
18.88333,110
18.89167,110
18.90000,111
18.90833,111
18.91667,111
18.92500,112
18.93333,113
18.94167,114
18.95000,115
18.95833,116
18.96667,118
18.97500,119
18.98333,120
18.99167,122
19.00000,123
19.00833,125
19.01667,126
19.02500,128
19.03333,129
19.04167,131
19.05000,133
19.05833,135
19.06667,137
19.07500,139
19.08333,141
19.09167,143
19.10000,145
19.10833,147
19.11667,149
19.12500,151
19.13333,152
19.14167,153
19.15000,155
19.15833,156
19.16667,158
19.17500,159
19.18333,161
19.19167,162
19.20000,162
19.20833,163
19.21667,163
19.22500,163
19.23333,163
19.24167,163
19.25000,163
19.25833,163
19.26667,162
19.27500,161
19.28333,161
19.29167,160
19.30000,160
19.30833,159
19.31667,158
19.32500,156
19.33333,154
19.34167,153
19.35000,151
19.35833,148
19.36667,147
19.37500,145
19.38333,143
19.39167,141
19.40000,139
19.40833,137
19.41667,135
19.42500,134
19.43333,132
19.44167,130
19.45000,128
19.45833,126
19.46667,124
19.47500,123
19.48333,121
19.49167,120
19.50000,118
19.50833,117
19.51667,116
19.52500,114
19.53333,114
19.54167,113
19.55000,112
19.55833,111
19.56667,110
19.57500,109
19.58333,109
19.59167,108
19.60000,107
19.60833,106
19.61667,105
19.62500,104
19.63333,104
19.64167,104
19.65000,103
19.65833,103
19.66667,103
19.67500,102
19.68333,102
19.69167,101
19.70000,101
19.70833,101
19.71667,101
19.72500,100
19.73333,101
19.74167,100
19.75000,100
19.75833,100
19.76667,100
19.77500,100
19.78333,99
19.79167,98
19.80000,98
19.80833,98
19.81667,98
19.82500,98
19.83333,98
19.84167,98
19.85000,97
19.85833,97
19.86667,97
19.87500,96
19.88333,96
19.89167,96
19.90000,96
19.90833,96
19.91667,96
19.92500,96
19.93333,96
19.94167,96
19.95000,96
19.95833,96
19.96667,96
19.97500,96
19.98333,96
19.99167,96
20.00000,96
20.00833,96
20.01667,96
20.02500,96
20.03333,96
20.04167,96
20.05000,96
20.05833,96
20.06667,96
20.07500,96
20.08333,96
20.09167,96
20.10000,95
20.10833,95
20.11667,95
20.12500,95
20.13333,95
20.14167,95
20.15000,95
20.15833,95
20.16667,95
20.17500,95
20.18333,95
20.19167,95
20.20000,95
20.20833,95
20.21667,95
20.22500,95
20.23333,96
20.24167,96
20.25000,96
20.25833,96
20.26667,97
20.27500,97
20.28333,97
20.29167,97
20.30000,97
20.30833,96
20.31667,96
20.32500,96
20.33333,96
20.34167,96
20.35000,96
20.35833,96
20.36667,96
20.37500,96
20.38333,96
20.39167,96
20.40000,96
20.40833,96
20.41667,96
20.42500,96
20.43333,96
20.44167,96
20.45000,96
20.45833,96
20.46667,96
20.47500,96
20.48333,96
20.49167,97
20.50000,97
20.50833,97
20.51667,97
20.52500,96
20.53333,96
20.54167,96
20.55000,96
20.55833,96
20.56667,96
20.57500,96
20.58333,96
20.59167,96
20.60000,96
20.60833,96
20.61667,97
20.62500,97
20.63333,97
20.64167,97
20.65000,97
20.65833,97
20.66667,97
20.67500,97
20.68333,97
20.69167,98
20.70000,98
20.70833,97
20.71667,97
20.72500,97
20.73333,98
20.74167,98
20.75000,98
20.75833,98
20.76667,99
20.77500,99
20.78333,99
20.79167,99
20.80000,99
20.80833,99
20.81667,99
20.82500,99
20.83333,100
20.84167,100
20.85000,100
20.85833,100
20.86667,100
20.87500,100
20.88333,101
20.89167,101
20.90000,102
20.90833,102
20.91667,103
20.92500,104
20.93333,104
20.94167,104
20.95000,105
20.95833,105
20.96667,106
20.97500,106
20.98333,106
20.99167,107
21.00000,107
21.00833,107
21.01667,108
21.02500,109
21.03333,109
21.04167,110
21.05000,111
21.05833,112
21.06667,113
21.07500,114
21.08333,115
21.09167,116
21.10000,117
21.10833,118
21.11667,118
21.12500,119
21.13333,120
21.14167,122
21.15000,123
21.15833,124
21.16667,125
21.17500,125
21.18333,126
21.19167,127
21.20000,129
21.20833,130
21.21667,131
21.22500,132
21.23333,133
21.24167,134
21.25000,135
21.25833,135
21.26667,136
21.27500,136
21.28333,136
21.29167,137
21.30000,136
21.30833,136
21.31667,136
21.32500,137
21.33333,137
21.34167,137
21.35000,137
21.35833,136
21.36667,136
21.37500,135
21.38333,134
21.39167,133
21.40000,133
21.40833,132
21.41667,132
21.42500,131
21.43333,130
21.44167,129
21.45000,129
21.45833,128
21.46667,127
21.47500,125
21.48333,124
21.49167,123
21.50000,122
21.50833,121
21.51667,120
21.52500,120
21.53333,119
21.54167,118
21.55000,117
21.55833,116
21.56667,115
21.57500,114
21.58333,113
21.59167,112
21.60000,112
21.60833,111
21.61667,110
21.62500,110
21.63333,109
21.64167,109
21.65000,108
21.65833,107
21.66667,107
21.67500,106
21.68333,106
21.69167,105
21.70000,105
21.70833,105
21.71667,104
21.72500,104
21.73333,104
21.74167,103
21.75000,103
21.75833,102
21.76667,102
21.77500,102
21.78333,102
21.79167,101
21.80000,101
21.80833,101
21.81667,101
21.82500,100
21.83333,100
21.84167,100
21.85000,100
21.85833,99
21.86667,99
21.87500,99
21.88333,100
21.89167,100
21.90000,100
21.90833,100
21.91667,100
21.92500,100
21.93333,100
21.94167,101
21.95000,101
21.95833,101
21.96667,100
21.97500,100
21.98333,100
21.99167,100
22.00000,99
22.00833,99
22.01667,99
22.02500,99
22.03333,98
22.04167,98
22.05000,98
22.05833,98
22.06667,99
22.07500,99
22.08333,98
22.09167,98
22.10000,98
22.10833,98
22.11667,98
22.12500,98
22.13333,98
22.14167,98
22.15000,99
22.15833,99
22.16667,99
22.17500,99
22.18333,99
22.19167,100
22.20000,99
22.20833,99
22.21667,100
22.22500,100
22.23333,100
22.24167,99
22.25000,99
22.25833,99
22.26667,99
22.27500,99
22.28333,99
22.29167,99
22.30000,100
22.30833,100
22.31667,100
22.32500,100
22.33333,100
22.34167,99
22.35000,100
22.35833,100
22.36667,100
22.37500,100
22.38333,100
22.39167,100
22.40000,100
22.40833,100
22.41667,101
22.42500,101
22.43333,101
22.44167,101
22.45000,101
22.45833,101
22.46667,101
22.47500,101
22.48333,101
22.49167,101
22.50000,101
22.50833,101
22.51667,101
22.52500,101
22.53333,101
22.54167,101
22.55000,102
22.55833,102
22.56667,102
22.57500,102
22.58333,102
22.59167,101
22.60000,102
22.60833,102
22.61667,102
22.62500,102
22.63333,102
22.64167,103
22.65000,103
22.65833,104
22.66667,104
22.67500,104
22.68333,104
22.69167,104
22.70000,105
22.70833,105
22.71667,106
22.72500,106
22.73333,107
22.74167,107
22.75000,107
22.75833,108
22.76667,108
22.77500,108
22.78333,109
22.79167,109
22.80000,110
22.80833,111
22.81667,112
22.82500,112
22.83333,113
22.84167,113
22.85000,114
22.85833,115
22.86667,116
22.87500,117
22.88333,118
22.89167,119
22.90000,119
22.90833,120
22.91667,121
22.92500,122
22.93333,123
22.94167,123
22.95000,124
22.95833,125
22.96667,126
22.97500,126
22.98333,127
22.99167,127
23.00000,128
23.00833,128
23.01667,129
23.02500,129
23.03333,130
23.04167,130
23.05000,130
23.05833,130
23.06667,130
23.07500,130
23.08333,130
23.09167,130
23.10000,130
23.10833,130
23.11667,130
23.12500,129
23.13333,129
23.14167,129
23.15000,128
23.15833,128
23.16667,127
23.17500,127
23.18333,127
23.19167,126
23.20000,125
23.20833,124
23.21667,124
23.22500,123
23.23333,122
23.24167,121
23.25000,121
23.25833,120
23.26667,119
23.27500,118
23.28333,118
23.29167,118
23.30000,117
23.30833,117
23.31667,116
23.32500,115
23.33333,115
23.34167,114
23.35000,114
23.35833,113
23.36667,112
23.37500,112
23.38333,112
23.39167,112
23.40000,111
23.40833,111
23.41667,110
23.42500,110
23.43333,109
23.44167,109
23.45000,108
23.45833,109
23.46667,108
23.47500,108
23.48333,108
23.49167,107
23.50000,107
23.50833,107
23.51667,106
23.52500,106
23.53333,106
23.54167,106
23.55000,105
23.55833,105
23.56667,105
23.57500,105
23.58333,105
23.59167,105
23.60000,105
23.60833,105
23.61667,105
23.62500,105
23.63333,105
23.64167,105
23.65000,105
23.65833,105
23.66667,105
23.67500,105
23.68333,106
23.69167,106
23.70000,106
23.70833,106
23.71667,106
23.72500,106
23.73333,106
23.74167,106
23.75000,106
23.75833,107
23.76667,107
23.77500,107
23.78333,107
23.79167,107
23.80000,107
23.80833,107
23.81667,107
23.82500,108
23.83333,108
23.84167,108
23.85000,109
23.85833,109
23.86667,109
23.87500,109
23.88333,109
23.89167,109
23.90000,109
23.90833,109
23.91667,110
23.92500,110
23.93333,110
23.94167,111
23.95000,111
23.95833,111
23.96667,111
23.97500,111
23.98333,111
23.99167,111
24.00000,112
24.00833,112
24.01667,113
24.02500,113
24.03333,112
24.04167,112
24.05000,113
24.05833,113
24.06667,113
24.07500,113
24.08333,113
24.09167,113
24.10000,113
24.10833,113
24.11667,113
24.12500,113
24.13333,112
24.14167,112
24.15000,112
24.15833,112
24.16667,112
24.17500,112
24.18333,112
24.19167,112
24.20000,112
24.20833,112
24.21667,112
24.22500,112
24.23333,112
24.24167,112
24.25000,112
24.25833,112
24.26667,112
24.27500,112
24.28333,113
24.29167,113
24.30000,113
24.30833,113
24.31667,113
24.32500,114
24.33333,114
24.34167,114
24.35000,115
24.35833,115
24.36667,116
24.37500,117
24.38333,118
24.39167,119
24.40000,120
24.40833,122
24.41667,123
24.42500,125
24.43333,127
24.44167,129
24.45000,132
24.45833,134
24.46667,138
24.47500,141
24.48333,146
24.49167,151
24.50000,157
24.50833,163
24.51667,170
24.52500,178
24.53333,187
24.54167,198
24.55000,210
24.55833,224
24.56667,239
24.57500,255
24.58333,273
24.59167,293
24.60000,316
24.60833,341
24.61667,369
24.62500,401
24.63333,435
24.64167,473
24.65000,516
24.65833,563
24.66667,614
24.67500,671
24.68333,732
24.69167,800
24.70000,874
24.70833,953
24.71667,1040
24.72500,1134
24.73333,1236
24.74167,1345
24.75000,1463
24.75833,1589
24.76667,1724
24.77500,1869
24.78333,2022
24.79167,2185
24.80000,2358
24.80833,2540
24.81667,2732
24.82500,2933
24.83333,3144
24.84167,3364
24.85000,3592
24.85833,3829
24.86667,4074
24.87500,4327
24.88333,4586
24.89167,4851
24.90000,5122
24.90833,5397
24.91667,5676
24.92500,5958
24.93333,6242
24.94167,6525
24.95000,6808
24.95833,7088
24.96667,7366
24.97500,7638
24.98333,7906
24.99167,8166
25.00000,8418
25.00833,8660
25.01667,8892
25.02500,9112
25.03333,9319
25.04167,9512
25.05000,9690
25.05833,9852
25.06667,9997
25.07500,10125
25.08333,10235
25.09167,10326
25.10000,10399
25.10833,10452
25.11667,10487
25.12500,10502
25.13333,10498
25.14167,10474
25.15000,10432
25.15833,10371
25.16667,10293
25.17500,10196
25.18333,10083
25.19167,9954
25.20000,9810
25.20833,9652
25.21667,9480
25.22500,9296
25.23333,9100
25.24167,8894
25.25000,8679
25.25833,8456
25.26667,8225
25.27500,7988
25.28333,7745
25.29167,7499
25.30000,7250
25.30833,6998
25.31667,6745
25.32500,6493
25.33333,6240
25.34167,5989
25.35000,5740
25.35833,5495
25.36667,5252
25.37500,5014
25.38333,4781
25.39167,4552
25.40000,4330
25.40833,4113
25.41667,3903
25.42500,3700
25.43333,3503
25.44167,3312
25.45000,3130
25.45833,2954
25.46667,2786
25.47500,2625
25.48333,2471
25.49167,2325
25.50000,2186
25.50833,2053
25.51667,1928
25.52500,1809
25.53333,1697
25.54167,1591
25.55000,1491
25.55833,1397
25.56667,1309
25.57500,1226
25.58333,1148
25.59167,1075
25.60000,1007
25.60833,944
25.61667,885
25.62500,831
25.63333,780
25.64167,733
25.65000,689
25.65833,649
25.66667,611
25.67500,577
25.68333,545
25.69167,515
25.70000,488
25.70833,462
25.71667,439
25.72500,417
25.73333,396
25.74167,378
25.75000,361
25.75833,345
25.76667,331
25.77500,318
25.78333,306
25.79167,295
25.80000,285
25.80833,275
25.81667,266
25.82500,258
25.83333,252
25.84167,245
25.85000,239
25.85833,233
25.86667,228
25.87500,224
25.88333,219
25.89167,215
25.90000,211
25.90833,207
25.91667,204
25.92500,201
25.93333,198
25.94167,196
25.95000,194
25.95833,191
25.96667,189
25.97500,187
25.98333,185
25.99167,183
26.00000,182
26.00833,181
26.01667,179
26.02500,178
26.03333,176
26.04167,176
26.05000,174
26.05833,173
26.06667,172
26.07500,171
26.08333,170
26.09167,169
26.10000,168
26.10833,167
26.11667,167
26.12500,166
26.13333,165
26.14167,164
26.15000,164
26.15833,163
26.16667,163
26.17500,162
26.18333,161
26.19167,161
26.20000,160
26.20833,160
26.21667,159
26.22500,159
26.23333,158
26.24167,157
26.25000,157
26.25833,157
26.26667,157
26.27500,157
26.28333,156
26.29167,156
26.30000,155
26.30833,155
26.31667,155
26.32500,154
26.33333,154
26.34167,154
26.35000,153
26.35833,153
26.36667,153
26.37500,153
26.38333,152
26.39167,152
26.40000,152
26.40833,151
26.41667,151
26.42500,150
26.43333,150
26.44167,150
26.45000,150
26.45833,149
26.46667,149
26.47500,149
26.48333,149
26.49167,149
26.50000,149
26.50833,148
26.51667,148
26.52500,148
26.53333,148
26.54167,148
26.55000,148
26.55833,147
26.56667,147
26.57500,147
26.58333,147
26.59167,146
26.60000,146
26.60833,146
26.61667,145
26.62500,145
26.63333,144
26.64167,144
26.65000,144
26.65833,144
26.66667,144
26.67500,144
26.68333,144
26.69167,143
26.70000,143
26.70833,143
26.71667,143
26.72500,142
26.73333,142
26.74167,141
26.75000,141
26.75833,140
26.76667,140
26.77500,140
26.78333,140
26.79167,139
26.80000,139
26.80833,139
26.81667,139
26.82500,139
26.83333,139
26.84167,139
26.85000,140
26.85833,140
26.86667,140
26.87500,140
26.88333,140
26.89167,140
26.90000,140
26.90833,140
26.91667,139
26.92500,139
26.93333,139
26.94167,139
26.95000,138
26.95833,138
26.96667,138
26.97500,138
26.98333,138
26.99167,138
27.00000,139
27.00833,139
27.01667,139
27.02500,139
27.03333,138
27.04167,138
27.05000,138
27.05833,137
27.06667,137
27.07500,137
27.08333,137
27.09167,136
27.10000,136
27.10833,136
27.11667,136
27.12500,136
27.13333,136
27.14167,136
27.15000,136
27.15833,136
27.16667,136
27.17500,136
27.18333,136
27.19167,136
27.20000,136
27.20833,136
27.21667,136
27.22500,136
27.23333,136
27.24167,135
27.25000,135
27.25833,136
27.26667,136
27.27500,136
27.28333,136
27.29167,136
27.30000,136
27.30833,136
27.31667,136
27.32500,135
27.33333,135
27.34167,135
27.35000,135
27.35833,135
27.36667,135
27.37500,135
27.38333,135
27.39167,135
27.40000,135
27.40833,135
27.41667,135
27.42500,135
27.43333,134
27.44167,134
27.45000,134
27.45833,133
27.46667,133
27.47500,133
27.48333,133
27.49167,133
27.50000,133
27.50833,133
27.51667,133
27.52500,132
27.53333,132
27.54167,132
27.55000,132
27.55833,132
27.56667,131
27.57500,131
27.58333,131
27.59167,130
27.60000,130
27.60833,130
27.61667,129
27.62500,129
27.63333,129
27.64167,128
27.65000,127
27.65833,127
27.66667,126
27.67500,125
27.68333,125
27.69167,124
27.70000,123
27.70833,122
27.71667,121
27.72500,120
27.73333,119
27.74167,118
27.75000,116
27.75833,115
27.76667,113
27.77500,112
27.78333,110
27.79167,109
27.80000,107
27.80833,105
27.81667,104
27.82500,102
27.83333,100
27.84167,98
27.85000,95
27.85833,93
27.86667,90
27.87500,88
27.88333,85
27.89167,83
27.90000,80
27.90833,77
27.91667,74
27.92500,71
27.93333,68
27.94167,65
27.95000,62
27.95833,59
27.96667,55
27.97500,52
27.98333,49
27.99167,45
28.00000,42
28.00833,38
28.01667,35
28.02500,32
28.03333,29
28.04167,26
28.05000,23
28.05833,20
28.06667,17
28.07500,14
28.08333,11
28.09167,8
28.10000,5
28.10833,2
28.11667,-1
28.12500,-4
28.13333,-6
28.14167,-8
28.15000,-10
28.15833,-11
28.16667,-13
28.17500,-14
28.18333,-16
28.19167,-18
28.20000,-19
28.20833,-21
28.21667,-22
28.22500,-23
28.23333,-23
28.24167,-24
28.25000,-24
28.25833,-24
28.26667,-24
28.27500,-24
28.28333,-24
28.29167,-23
28.30000,-22
28.30833,-21
28.31667,-20
28.32500,-18
28.33333,-17
28.34167,-15
28.35000,-13
28.35833,-11
28.36667,-9
28.37500,-7
28.38333,-5
28.39167,-3
28.40000,-1
28.40833,2
28.41667,4
28.42500,7
28.43333,9
28.44167,11
28.45000,14
28.45833,17
28.46667,19
28.47500,22
28.48333,25
28.49167,28
28.50000,31
28.50833,34
28.51667,37
28.52500,40
28.53333,42
28.54167,45
28.55000,48
28.55833,51
28.56667,53
28.57500,56
28.58333,58
28.59167,60
28.60000,62
28.60833,64
28.61667,67
28.62500,69
28.63333,72
28.64167,74
28.65000,77
28.65833,79
28.66667,80
28.67500,82
28.68333,84
28.69167,86
28.70000,87
28.70833,89
28.71667,91
28.72500,92
28.73333,94
28.74167,95
28.75000,96
28.75833,97
28.76667,99
28.77500,100
28.78333,101
28.79167,102
28.80000,103
28.80833,104
28.81667,105
28.82500,106
28.83333,107
28.84167,107
28.85000,108
28.85833,108
28.86667,109
28.87500,110
28.88333,111
28.89167,112
28.90000,113
28.90833,113
28.91667,114
28.92500,114
28.93333,115
28.94167,116
28.95000,116
28.95833,117
28.96667,117
28.97500,118
28.98333,118
28.99167,118
29.00000,119
29.00833,119
29.01667,119
29.02500,119
29.03333,120
29.04167,120
29.05000,121
29.05833,121
29.06667,121
29.07500,121
29.08333,121
29.09167,121
29.10000,121
29.10833,121
29.11667,121
29.12500,121
29.13333,121
29.14167,122
29.15000,122
29.15833,122
29.16667,122
29.17500,123
29.18333,123
29.19167,123
29.20000,123
29.20833,123
29.21667,124
29.22500,123
29.23333,123
29.24167,124
29.25000,124
29.25833,124
29.26667,124
29.27500,124
29.28333,124
29.29167,123
29.30000,123
29.30833,123
29.31667,123
29.32500,123
29.33333,122
29.34167,122
29.35000,122
29.35833,122
29.36667,122
29.37500,122
29.38333,122
29.39167,121
29.40000,121
29.40833,121
29.41667,120
29.42500,120
29.43333,120
29.44167,120
29.45000,119
29.45833,119
29.46667,118
29.47500,118
29.48333,117
29.49167,116
29.50000,116
29.50833,115
29.51667,115
29.52500,114
29.53333,114
29.54167,113
29.55000,113
29.55833,112
29.56667,110
29.57500,109
29.58333,108
29.59167,107
29.60000,106
29.60833,105
29.61667,104
29.62500,103
29.63333,102
29.64167,100
29.65000,99
29.65833,98
29.66667,96
29.67500,95
29.68333,94
29.69167,93
29.70000,92
29.70833,91
29.71667,90
29.72500,89
29.73333,87
29.74167,86
29.75000,85
29.75833,84
29.76667,83
29.77500,82
29.78333,81
29.79167,80
29.80000,79
29.80833,78
29.81667,77
29.82500,76
29.83333,75
29.84167,74
29.85000,73
29.85833,72
29.86667,71
29.87500,71
29.88333,70
29.89167,70
29.90000,69
29.90833,68
29.91667,67
29.92500,67
29.93333,66
29.94167,65
29.95000,65
29.95833,65
29.96667,65
29.97500,65
29.98333,65
29.99167,65
30.00000,65
30.00833,65
30.01667,66
30.02500,66
30.03333,66
30.04167,66
30.05000,67
30.05833,67
30.06667,68
30.07500,69
30.08333,69
30.09167,70
30.10000,71
30.10833,71
30.11667,72
30.12500,73
30.13333,74
30.14167,75
30.15000,76
30.15833,77
30.16667,78
30.17500,79
30.18333,80
30.19167,81
30.20000,82
30.20833,83
30.21667,83
30.22500,84
30.23333,86
30.24167,87
30.25000,88
30.25833,89
30.26667,90
30.27500,91
30.28333,92
30.29167,93
30.30000,94
30.30833,95
30.31667,95
30.32500,96
30.33333,97
30.34167,97
30.35000,98
30.35833,99
30.36667,99
30.37500,100
30.38333,101
30.39167,102
30.40000,103
30.40833,103
30.41667,104
30.42500,104
30.43333,105
30.44167,105
30.45000,106
30.45833,107
30.46667,107
30.47500,107
30.48333,108
30.49167,108
30.50000,108
30.50833,108
30.51667,108
30.52500,108
30.53333,109
30.54167,109
30.55000,109
30.55833,109
30.56667,109
30.57500,110
30.58333,109
30.59167,109
30.60000,109
30.60833,108
30.61667,108
30.62500,107
30.63333,107
30.64167,106
30.65000,106
30.65833,106
30.66667,106
30.67500,106
30.68333,106
30.69167,106
30.70000,106
30.70833,105
30.71667,105
30.72500,104
30.73333,103
30.74167,103
30.75000,103
30.75833,102
30.76667,102
30.77500,102
30.78333,101
30.79167,101
30.80000,100
30.80833,100
30.81667,99
30.82500,99
30.83333,98
30.84167,98
30.85000,97
30.85833,97
30.86667,97
30.87500,97
30.88333,97
30.89167,97
30.90000,97
30.90833,97
30.91667,97
30.92500,97
30.93333,97
30.94167,96
30.95000,96
30.95833,97
30.96667,97
30.97500,97
30.98333,97
30.99167,97
31.00000,97
31.00833,97
31.01667,97
31.02500,98
31.03333,98
31.04167,99
31.05000,99
31.05833,100
31.06667,100
31.07500,100
31.08333,100
31.09167,100
31.10000,101
31.10833,102
31.11667,103
31.12500,103
31.13333,104
31.14167,105
31.15000,106
31.15833,107
31.16667,107
31.17500,108
31.18333,109
31.19167,110
31.20000,110
31.20833,111
31.21667,112
31.22500,112
31.23333,113
31.24167,114
31.25000,114
31.25833,115
31.26667,115
31.27500,116
31.28333,117
31.29167,118
31.30000,118
31.30833,119
31.31667,120
31.32500,121
31.33333,121
31.34167,122
31.35000,122
31.35833,122
31.36667,123
31.37500,124
31.38333,124
31.39167,124
31.40000,124
31.40833,125
31.41667,125
31.42500,126
31.43333,126
31.44167,127
31.45000,127
31.45833,127
31.46667,128
31.47500,128
31.48333,128
31.49167,129
31.50000,129
31.50833,129
31.51667,130
31.52500,130
31.53333,130
31.54167,130
31.55000,130
31.55833,131
31.56667,131
31.57500,131
31.58333,131
31.59167,131
31.60000,131
31.60833,131
31.61667,131
31.62500,131
31.63333,131
31.64167,131
31.65000,131
31.65833,131
31.66667,131
31.67500,132
31.68333,131
31.69167,131
31.70000,131
31.70833,130
31.71667,130
31.72500,130
31.73333,130
31.74167,131
31.75000,131
31.75833,131
31.76667,131
31.77500,131
31.78333,131
31.79167,131
31.80000,131
31.80833,131
31.81667,131
31.82500,131
31.83333,130
31.84167,130
31.85000,130
31.85833,130
31.86667,130
31.87500,131
31.88333,131
31.89167,131
31.90000,131
31.90833,131
31.91667,131
31.92500,132
31.93333,132
31.94167,132
31.95000,132
31.95833,132
31.96667,131
31.97500,131
31.98333,131
31.99167,132
32.00000,132
32.00833,132
32.01667,132
32.02500,132
32.03333,132
32.04167,132
32.05000,132
32.05833,132
32.06667,132
32.07500,132
32.08333,132
32.09167,132
32.10000,132
32.10833,132
32.11667,132
32.12500,132
32.13333,132
32.14167,131
32.15000,131
32.15833,131
32.16667,131
32.17500,131
32.18333,131
32.19167,131
32.20000,131
32.20833,131
32.21667,132
32.22500,132
32.23333,132
32.24167,132
32.25000,132
32.25833,132
32.26667,132
32.27500,132
32.28333,133
32.29167,133
32.30000,133
32.30833,133
32.31667,133
32.32500,133
32.33333,133
32.34167,133
32.35000,133
32.35833,133
32.36667,133
32.37500,133
32.38333,133
32.39167,134
32.40000,134
32.40833,134
32.41667,134
32.42500,133
32.43333,133
32.44167,133
32.45000,133
32.45833,134
32.46667,134
32.47500,134
32.48333,134
32.49167,134
32.50000,134
32.50833,134
32.51667,134
32.52500,134
32.53333,134
32.54167,134
32.55000,134
32.55833,134
32.56667,134
32.57500,134
32.58333,134
32.59167,134
32.60000,134
32.60833,134
32.61667,134
32.62500,134
32.63333,134
32.64167,135
32.65000,135
32.65833,135
32.66667,135
32.67500,135
32.68333,135
32.69167,135
32.70000,135
32.70833,135
32.71667,135
32.72500,135
32.73333,135
32.74167,135
32.75000,135
32.75833,135
32.76667,135
32.77500,135
32.78333,135
32.79167,135
32.80000,135
32.80833,135
32.81667,136
32.82500,136
32.83333,135
32.84167,135
32.85000,135
32.85833,135
32.86667,135
32.87500,135
32.88333,135
32.89167,136
32.90000,136
32.90833,136
32.91667,135
32.92500,135
32.93333,135
32.94167,135
32.95000,135
32.95833,135
32.96667,135
32.97500,135
32.98333,135
32.99167,135
33.00000,135
33.00833,135
33.01667,135
33.02500,135
33.03333,135
33.04167,135
33.05000,135
33.05833,135
33.06667,135
33.07500,135
33.08333,136
33.09167,136
33.10000,136
33.10833,136
33.11667,136
33.12500,136
33.13333,136
33.14167,136
33.15000,136
33.15833,136
33.16667,136
33.17500,136
33.18333,136
33.19167,136
33.20000,136
33.20833,136
33.21667,136
33.22500,136
33.23333,137
33.24167,137
33.25000,136
33.25833,136
33.26667,136
33.27500,136
33.28333,136
33.29167,136
33.30000,136
33.30833,136
33.31667,136
33.32500,136
33.33333,137
33.34167,137
33.35000,136
33.35833,136
33.36667,135
33.37500,135
33.38333,135
33.39167,136
33.40000,136
33.40833,136
33.41667,136
33.42500,136
33.43333,136
33.44167,137
33.45000,137
33.45833,137
33.46667,137
33.47500,137
33.48333,137
33.49167,137
33.50000,137
33.50833,137
33.51667,137
33.52500,137
33.53333,137
33.54167,137
33.55000,137
33.55833,137
33.56667,137
33.57500,137
33.58333,137
33.59167,137
33.60000,137
33.60833,137
33.61667,137
33.62500,137
33.63333,137
33.64167,137
33.65000,137
33.65833,137
33.66667,137
33.67500,137
33.68333,137
33.69167,137
33.70000,137
33.70833,137
33.71667,137
33.72500,137
33.73333,138
33.74167,138
33.75000,138
33.75833,138
33.76667,138
33.77500,138
33.78333,137
33.79167,137
33.80000,137
33.80833,137
33.81667,138
33.82500,138
33.83333,138
33.84167,138
33.85000,138
33.85833,138
33.86667,138
33.87500,138
33.88333,138
33.89167,138
33.90000,138
33.90833,138
33.91667,138
33.92500,138
33.93333,138
33.94167,139
33.95000,139
33.95833,139
33.96667,139
33.97500,139
33.98333,139
33.99167,139
34.00000,139
34.00833,139
34.01667,138
34.02500,138
34.03333,139
34.04167,139
34.05000,139
34.05833,139
34.06667,139
34.07500,139
34.08333,139
34.09167,139
34.10000,139
34.10833,139
34.11667,140
34.12500,140
34.13333,140
34.14167,140
34.15000,140
34.15833,140
34.16667,140
34.17500,140
34.18333,140
34.19167,140
34.20000,140
34.20833,140
34.21667,140
34.22500,140
34.23333,140
34.24167,140
34.25000,140
34.25833,140
34.26667,140
34.27500,140
34.28333,140
34.29167,140
34.30000,141
34.30833,141
34.31667,140
34.32500,140
34.33333,140
34.34167,140
34.35000,140
34.35833,140
34.36667,140
34.37500,140
34.38333,141
34.39167,141
34.40000,141
34.40833,141
34.41667,141
34.42500,141
34.43333,141
34.44167,141
34.45000,142
34.45833,142
34.46667,142
34.47500,141
34.48333,141
34.49167,141
34.50000,141
34.50833,141
34.51667,141
34.52500,141
34.53333,141
34.54167,141
34.55000,141
34.55833,141
34.56667,141
34.57500,142
34.58333,142
34.59167,142
34.60000,142
34.60833,142
34.61667,143
34.62500,143
34.63333,143
34.64167,142
34.65000,142
34.65833,141
34.66667,141
34.67500,141
34.68333,141
34.69167,141
34.70000,141
34.70833,142
34.71667,141
34.72500,141
34.73333,141
34.74167,142
34.75000,141
34.75833,141
34.76667,141
34.77500,141
34.78333,141
34.79167,141
34.80000,141
34.80833,141
34.81667,141
34.82500,141
34.83333,141
34.84167,141
34.85000,142
34.85833,142
34.86667,142
34.87500,143
34.88333,143
34.89167,143
34.90000,143
34.90833,143
34.91667,143
34.92500,143
34.93333,143
34.94167,143
34.95000,142
34.95833,142
34.96667,142
34.97500,143
34.98333,143
34.99167,143
35.00000,143
35.00833,142
35.01667,142
35.02500,142
35.03333,142
35.04167,142
35.05000,142
35.05833,143
35.06667,143
35.07500,143
35.08333,143
35.09167,143
35.10000,143
35.10833,143
35.11667,143
35.12500,144
35.13333,144
35.14167,144
35.15000,144
35.15833,144
35.16667,144
35.17500,144
35.18333,144
35.19167,144
35.20000,144
35.20833,144
35.21667,144
35.22500,144
35.23333,144
35.24167,143
35.25000,143
35.25833,143
35.26667,144
35.27500,144
35.28333,144
35.29167,144
35.30000,144
35.30833,144
35.31667,144
35.32500,144
35.33333,145
35.34167,145
35.35000,144
35.35833,144
35.36667,144
35.37500,144
35.38333,144
35.39167,145
35.40000,145
35.40833,145
35.41667,145
35.42500,145
35.43333,145
35.44167,145
35.45000,144
35.45833,144
35.46667,144
35.47500,145
35.48333,145
35.49167,145
35.50000,145
35.50833,145
35.51667,145
35.52500,145
35.53333,145
35.54167,145
35.55000,145
35.55833,145
35.56667,145
35.57500,145
35.58333,145
35.59167,145
35.60000,145
35.60833,145
35.61667,145
35.62500,145
35.63333,145
35.64167,145
35.65000,145
35.65833,145
35.66667,145
35.67500,145
35.68333,145
35.69167,145
35.70000,145
35.70833,145
35.71667,145
35.72500,145
35.73333,145
35.74167,145
35.75000,145
35.75833,145
35.76667,145
35.77500,145
35.78333,145
35.79167,145
35.80000,145
35.80833,145
35.81667,144
35.82500,144
35.83333,144
35.84167,145
35.85000,145
35.85833,146
35.86667,146
35.87500,146
35.88333,146
35.89167,146
35.90000,146
35.90833,146
35.91667,146
35.92500,146
35.93333,146
35.94167,146
35.95000,146
35.95833,146
35.96667,146
35.97500,146
35.98333,146
35.99167,146
36.00000,146
36.00833,146
36.01667,146
36.02500,147
36.03333,147
36.04167,147
36.05000,147
36.05833,147
36.06667,147
36.07500,147
36.08333,147
36.09167,147
36.10000,147
36.10833,147
36.11667,147
36.12500,147
36.13333,147
36.14167,147
36.15000,147
36.15833,147
36.16667,148
36.17500,148
36.18333,148
36.19167,148
36.20000,148
36.20833,148
36.21667,148
36.22500,148
36.23333,148
36.24167,148
36.25000,148
36.25833,148
36.26667,148
36.27500,148
36.28333,148
36.29167,147
36.30000,147
36.30833,147
36.31667,147
36.32500,147
36.33333,147
36.34167,147
36.35000,147
36.35833,147
36.36667,147
36.37500,147
36.38333,147
36.39167,147
36.40000,147
36.40833,147
36.41667,148
36.42500,148
36.43333,148
36.44167,148
36.45000,148
36.45833,148
36.46667,148
36.47500,148
36.48333,148
36.49167,148
36.50000,148
36.50833,148
36.51667,148
36.52500,148
36.53333,147
36.54167,147
36.55000,147
36.55833,148
36.56667,148
36.57500,148
36.58333,148
36.59167,148
36.60000,148
36.60833,148
36.61667,149
36.62500,149
36.63333,149
36.64167,149
36.65000,149
36.65833,149
36.66667,149
36.67500,149
36.68333,149
36.69167,149
36.70000,149
36.70833,149
36.71667,149
36.72500,149
36.73333,149
36.74167,149
36.75000,149
36.75833,149
36.76667,149
36.77500,149
36.78333,149
36.79167,149
36.80000,149
36.80833,149
36.81667,149
36.82500,149
36.83333,149
36.84167,149
36.85000,148
36.85833,149
36.86667,148
36.87500,148
36.88333,148
36.89167,148
36.90000,148
36.90833,148
36.91667,148
36.92500,148
36.93333,148
36.94167,149
36.95000,149
36.95833,149
36.96667,150
36.97500,150
36.98333,150
36.99167,150
37.00000,150
37.00833,150
37.01667,150
37.02500,150
37.03333,150
37.04167,150
37.05000,150
37.05833,150
37.06667,150
37.07500,151
37.08333,151
37.09167,151
37.10000,151
37.10833,151
37.11667,151
37.12500,151
37.13333,151
37.14167,151
37.15000,151
37.15833,151
37.16667,151
37.17500,151
37.18333,151
37.19167,150
37.20000,150
37.20833,149
37.21667,149
37.22500,149
37.23333,149
37.24167,150
37.25000,150
37.25833,150
37.26667,150
37.27500,150
37.28333,150
37.29167,151
37.30000,151
37.30833,151
37.31667,151
37.32500,151
37.33333,152
37.34167,152
37.35000,151
37.35833,151
37.36667,151
37.37500,151
37.38333,151
37.39167,152
37.40000,152
37.40833,152
37.41667,152
37.42500,152
37.43333,152
37.44167,152
37.45000,152
37.45833,152
37.46667,152
37.47500,152
37.48333,152
37.49167,152
37.50000,152
37.50833,153
37.51667,152
37.52500,152
37.53333,152
37.54167,153
37.55000,153
37.55833,153
37.56667,153
37.57500,153
37.58333,154
37.59167,153
37.60000,153
37.60833,153
37.61667,153
37.62500,153
37.63333,153
37.64167,153
37.65000,153
37.65833,153
37.66667,153
37.67500,152
37.68333,152
37.69167,152
37.70000,153
37.70833,153
37.71667,154
37.72500,154
37.73333,154
37.74167,154
37.75000,154
37.75833,153
37.76667,153
37.77500,154
37.78333,154
37.79167,153
37.80000,153
37.80833,153
37.81667,153
37.82500,153
37.83333,153
37.84167,153
37.85000,154
37.85833,154
37.86667,153
37.87500,153
37.88333,153
37.89167,153
37.90000,153
37.90833,154
37.91667,154
37.92500,154
37.93333,154
37.94167,154
37.95000,154
37.95833,154
37.96667,154
37.97500,153
37.98333,153
37.99167,153
38.00000,153
38.00833,153
38.01667,153
38.02500,153
38.03333,153
38.04167,153
38.05000,154
38.05833,154
38.06667,154
38.07500,154
38.08333,154
38.09167,154
38.10000,154
38.10833,154
38.11667,154
38.12500,154
38.13333,154
38.14167,154
38.15000,154
38.15833,154
38.16667,154
38.17500,154
38.18333,154
38.19167,155
38.20000,155
38.20833,155
38.21667,154
38.22500,154
38.23333,154
38.24167,154
38.25000,153
38.25833,154
38.26667,154
38.27500,154
38.28333,155
38.29167,154
38.30000,154
38.30833,155
38.31667,155
38.32500,155
38.33333,155
38.34167,155
38.35000,155
38.35833,155
38.36667,155
38.37500,155
38.38333,155
38.39167,155
38.40000,155
38.40833,155
38.41667,155
38.42500,155
38.43333,155
38.44167,156
38.45000,155
38.45833,155
38.46667,155
38.47500,155
38.48333,155
38.49167,155
38.50000,155
38.50833,155
38.51667,155
38.52500,155
38.53333,154
38.54167,154
38.55000,154
38.55833,154
38.56667,154
38.57500,155
38.58333,155
38.59167,155
38.60000,155
38.60833,155
38.61667,155
38.62500,155
38.63333,155
38.64167,155
38.65000,155
38.65833,155
38.66667,155
38.67500,155
38.68333,155
38.69167,155
38.70000,156
38.70833,156
38.71667,156
38.72500,156
38.73333,156
38.74167,155
38.75000,155
38.75833,155
38.76667,155
38.77500,155
38.78333,156
38.79167,156
38.80000,155
38.80833,155
38.81667,155
38.82500,155
38.83333,155
38.84167,155
38.85000,155
38.85833,156
38.86667,156
38.87500,157
38.88333,157
38.89167,157
38.90000,157
38.90833,156
38.91667,156
38.92500,156
38.93333,156
38.94167,156
38.95000,156
38.95833,157
38.96667,157
38.97500,157
38.98333,157
38.99167,157
39.00000,157
39.00833,157
39.01667,157
39.02500,157
39.03333,157
39.04167,157
39.05000,156
39.05833,157
39.06667,157
39.07500,157
39.08333,157
39.09167,156
39.10000,157
39.10833,157
39.11667,157
39.12500,158
39.13333,158
39.14167,157
39.15000,157
39.15833,157
39.16667,157
39.17500,157
39.18333,157
39.19167,157
39.20000,157
39.20833,157
39.21667,157
39.22500,157
39.23333,157
39.24167,157
39.25000,157
39.25833,157
39.26667,157
39.27500,158
39.28333,158
39.29167,158
39.30000,158
39.30833,158
39.31667,158
39.32500,158
39.33333,158
39.34167,158
39.35000,158
39.35833,158
39.36667,159
39.37500,159
39.38333,159
39.39167,158
39.40000,158
39.40833,158
39.41667,159
39.42500,159
39.43333,159
39.44167,159
39.45000,158
39.45833,158
39.46667,158
39.47500,158
39.48333,159
39.49167,159
39.50000,159
39.50833,159
39.51667,159
39.52500,159
39.53333,159
39.54167,159
39.55000,159
39.55833,159
39.56667,159
39.57500,159
39.58333,159
39.59167,159
39.60000,159
39.60833,159
39.61667,159
39.62500,159
39.63333,159
39.64167,159
39.65000,159
39.65833,159
39.66667,159
39.67500,159
39.68333,160
39.69167,159
39.70000,159
39.70833,159
39.71667,159
39.72500,159
39.73333,159
39.74167,160
39.75000,159
39.75833,159
39.76667,159
39.77500,160
39.78333,160
39.79167,160
39.80000,160
39.80833,160
39.81667,160
39.82500,160
39.83333,160
39.84167,160
39.85000,160
39.85833,160
39.86667,160
39.87500,160
39.88333,160
39.89167,160
39.90000,160
39.90833,160
39.91667,160
39.92500,160
39.93333,161
39.94167,161
39.95000,161
39.95833,161
39.96667,161
39.97500,161
39.98333,161
39.99167,161
40.00000,161

