[Header]
Application Name,LabSolutions
Version,5.97 SP1
Data File Name,C:\Users\cremerlab\Desktop\griffin\2021-04-27_REL606_acetate_turnover_redux\2021-04-27_REL606_DM_acetate_turnover_4282021_003_015.lcd
Output Date,4/28/2021
Output Time,11:02:02 PM

[File Information]
Type,Data File
Generated,4/28/2021 10:21:43 PM
Generated by,System Administrator
Modified,4/28/2021 11:02:02 PM
Modified by,System Administrator

[Sample Information]
Operator Name,System Administrator
Acquired,4/28/2021 10:22:02 PM
Sample Type,0:Unknown
Level,0
Sample Name,2021-04-07_REL606_replicate_004_timepoint_003
Sample ID,003
ISTD Amount1,1
ISTD Amount2,1
ISTD Amount3,1
ISTD Amount4,1
ISTD Amount5,1
ISTD Amount6,1
ISTD Amount7,1
ISTD Amount8,1
ISTD Amount9,1
ISTD Amount10,1
ISTD Amount11,1
ISTD Amount12,1
ISTD Amount13,1
ISTD Amount14,1
ISTD Amount15,1
ISTD Amount16,1
ISTD Amount17,1
ISTD Amount18,1
ISTD Amount19,1
ISTD Amount20,1
ISTD Amount21,1
ISTD Amount22,1
ISTD Amount23,1
ISTD Amount24,1
ISTD Amount25,1
ISTD Amount26,1
ISTD Amount27,1
ISTD Amount28,1
ISTD Amount29,1
ISTD Amount30,1
ISTD Amount31,1
ISTD Amount32,1
Sample Amount,1
Dilution Factor,1
Vial#,30
Injection Volume,20

[Original Files]
Data File,C:\Users\cremerlab\Desktop\griffin\2021-04-27_REL606_acetate_turnover_redux\2021-04-27_REL606_DM_acetate_turnover_4282021_003_015.lcd
Method File,C:\Users\cremerlab\Desktop\griffin\2.5mM_H2SO4_mobile_phase.lcm
Batch File,C:\Users\cremerlab\Desktop\griffin\2021-04-27_REL606_acetate_turnover_redux\2021-04-27_REL606_DM_acetate_turnover.lcb
Report Format File,c:\LabSolutions\System\DEFAULT.lsr

[File Description]


[Configuration]
Instrument Name,HPLC-PC-Instrument1
Instrument #,1
Line #,1
# of Detectors,2
Detector ID,Detector A,Detector B
Detector Name,Detector A,Detector B
# of Channels,1,1

[Peak Table(Detector A)]
# of Peaks,0

[Peak Table(Detector B)]
# of Peaks,6
Peak#,R.Time,I.Time,F.Time,Area,Height,A/H,Conc.,Mark,ID#,Name,k',Plate #,Plate Ht.,Tailing,Resolution,Sep.Factor,Area Ratio,Height Ratio,Conc. %,Norm Conc.
1,10.928,10.467,11.583,228815,13573,16.858,0.000,   ,,,0.000,9529,15.742,1.032,0.000,0.000,0,0,0.000,0.000
2,13.956,12.608,14.267,1554818,42091,36.940,0.000,   ,,,0.277,3201,46.863,0.000,4.222,0.000,0,0,0.000,0.000
3,14.497,14.267,15.125,158492,7311,21.678,0.000, V ,,,0.327,9549,15.709,0.000,0.684,1.179,0,0,0.000,0.000
4,15.298,15.125,16.175,6297,235,26.753,0.000, V ,,,0.400,2228,67.333,0.000,0.848,1.225,0,0,0.000,0.000
5,19.243,18.908,19.775,2359,103,22.820,0.000,   ,,,0.761,15723,9.540,1.199,4.130,1.903,0,0,0.000,0.000
6,25.131,24.392,26.308,315946,10640,29.695,0.000,   ,,,1.300,16425,9.133,1.079,8.423,1.708,0,0,0.000,0.000

[LC Chromatogram(Detector B-Ch1)]
Interval(msec),500
# of Points,4801
Start Time(min),0.000
End Time(min),40.000
Intensity Units,mV
Intensity Multiplier,0.001
R.Time (min),Intensity
0.00000,1
0.00833,1
0.01667,0
0.02500,0
0.03333,0
0.04167,-0
0.05000,-1
0.05833,-1
0.06667,-1
0.07500,-1
0.08333,-1
0.09167,-1
0.10000,-1
0.10833,-1
0.11667,-1
0.12500,-1
0.13333,-1
0.14167,-1
0.15000,-1
0.15833,-1
0.16667,-1
0.17500,-0
0.18333,-0
0.19167,-0
0.20000,-0
0.20833,-1
0.21667,-1
0.22500,-1
0.23333,-1
0.24167,-1
0.25000,-1
0.25833,-1
0.26667,-1
0.27500,-1
0.28333,-0
0.29167,-0
0.30000,-0
0.30833,-1
0.31667,-1
0.32500,-1
0.33333,-1
0.34167,-1
0.35000,-1
0.35833,-0
0.36667,-0
0.37500,-1
0.38333,-0
0.39167,0
0.40000,0
0.40833,0
0.41667,0
0.42500,0
0.43333,0
0.44167,0
0.45000,1
0.45833,1
0.46667,1
0.47500,1
0.48333,0
0.49167,1
0.50000,1
0.50833,1
0.51667,1
0.52500,1
0.53333,1
0.54167,1
0.55000,1
0.55833,1
0.56667,2
0.57500,2
0.58333,2
0.59167,2
0.60000,2
0.60833,2
0.61667,2
0.62500,2
0.63333,2
0.64167,2
0.65000,2
0.65833,2
0.66667,2
0.67500,2
0.68333,3
0.69167,3
0.70000,3
0.70833,3
0.71667,4
0.72500,4
0.73333,4
0.74167,4
0.75000,4
0.75833,4
0.76667,4
0.77500,5
0.78333,5
0.79167,5
0.80000,4
0.80833,4
0.81667,4
0.82500,4
0.83333,4
0.84167,4
0.85000,4
0.85833,4
0.86667,4
0.87500,4
0.88333,4
0.89167,4
0.90000,5
0.90833,5
0.91667,5
0.92500,5
0.93333,5
0.94167,4
0.95000,4
0.95833,4
0.96667,4
0.97500,4
0.98333,4
0.99167,5
1.00000,5
1.00833,5
1.01667,5
1.02500,5
1.03333,5
1.04167,4
1.05000,4
1.05833,4
1.06667,4
1.07500,4
1.08333,4
1.09167,5
1.10000,5
1.10833,5
1.11667,5
1.12500,5
1.13333,5
1.14167,5
1.15000,5
1.15833,5
1.16667,5
1.17500,4
1.18333,5
1.19167,5
1.20000,5
1.20833,5
1.21667,5
1.22500,5
1.23333,5
1.24167,5
1.25000,5
1.25833,4
1.26667,4
1.27500,4
1.28333,4
1.29167,4
1.30000,3
1.30833,3
1.31667,3
1.32500,3
1.33333,3
1.34167,3
1.35000,3
1.35833,2
1.36667,2
1.37500,2
1.38333,2
1.39167,2
1.40000,2
1.40833,2
1.41667,2
1.42500,1
1.43333,1
1.44167,2
1.45000,2
1.45833,2
1.46667,2
1.47500,2
1.48333,2
1.49167,2
1.50000,2
1.50833,2
1.51667,1
1.52500,1
1.53333,1
1.54167,1
1.55000,1
1.55833,1
1.56667,1
1.57500,1
1.58333,1
1.59167,1
1.60000,1
1.60833,1
1.61667,1
1.62500,1
1.63333,2
1.64167,2
1.65000,2
1.65833,1
1.66667,1
1.67500,1
1.68333,1
1.69167,1
1.70000,1
1.70833,0
1.71667,0
1.72500,0
1.73333,-0
1.74167,-0
1.75000,-0
1.75833,0
1.76667,0
1.77500,-0
1.78333,-0
1.79167,-0
1.80000,-0
1.80833,-0
1.81667,-0
1.82500,-0
1.83333,-0
1.84167,-0
1.85000,-0
1.85833,0
1.86667,0
1.87500,1
1.88333,1
1.89167,1
1.90000,1
1.90833,1
1.91667,0
1.92500,0
1.93333,0
1.94167,1
1.95000,0
1.95833,0
1.96667,0
1.97500,0
1.98333,0
1.99167,1
2.00000,1
2.00833,0
2.01667,0
2.02500,1
2.03333,1
2.04167,0
2.05000,0
2.05833,0
2.06667,0
2.07500,0
2.08333,0
2.09167,0
2.10000,0
2.10833,-0
2.11667,-0
2.12500,0
2.13333,0
2.14167,0
2.15000,0
2.15833,-0
2.16667,-0
2.17500,-0
2.18333,0
2.19167,-0
2.20000,-0
2.20833,0
2.21667,0
2.22500,0
2.23333,1
2.24167,1
2.25000,1
2.25833,1
2.26667,1
2.27500,1
2.28333,1
2.29167,0
2.30000,0
2.30833,0
2.31667,-0
2.32500,-0
2.33333,-1
2.34167,-1
2.35000,-1
2.35833,-1
2.36667,-0
2.37500,-0
2.38333,-0
2.39167,-1
2.40000,-1
2.40833,-1
2.41667,-1
2.42500,-1
2.43333,-0
2.44167,-0
2.45000,-0
2.45833,0
2.46667,0
2.47500,0
2.48333,0
2.49167,0
2.50000,-0
2.50833,-0
2.51667,-0
2.52500,-0
2.53333,-0
2.54167,-0
2.55000,-0
2.55833,-0
2.56667,-0
2.57500,-0
2.58333,-0
2.59167,-0
2.60000,-0
2.60833,-1
2.61667,-1
2.62500,-1
2.63333,-1
2.64167,-1
2.65000,-1
2.65833,-1
2.66667,-1
2.67500,-0
2.68333,0
2.69167,0
2.70000,1
2.70833,1
2.71667,1
2.72500,1
2.73333,0
2.74167,0
2.75000,-0
2.75833,-0
2.76667,-1
2.77500,-0
2.78333,-0
2.79167,-0
2.80000,0
2.80833,0
2.81667,1
2.82500,1
2.83333,1
2.84167,1
2.85000,1
2.85833,1
2.86667,1
2.87500,1
2.88333,1
2.89167,1
2.90000,1
2.90833,1
2.91667,0
2.92500,0
2.93333,-0
2.94167,-0
2.95000,-0
2.95833,-0
2.96667,0
2.97500,0
2.98333,1
2.99167,1
3.00000,1
3.00833,1
3.01667,1
3.02500,1
3.03333,1
3.04167,1
3.05000,1
3.05833,1
3.06667,1
3.07500,1
3.08333,0
3.09167,0
3.10000,0
3.10833,0
3.11667,0
3.12500,1
3.13333,1
3.14167,1
3.15000,1
3.15833,1
3.16667,1
3.17500,1
3.18333,1
3.19167,1
3.20000,1
3.20833,1
3.21667,1
3.22500,1
3.23333,2
3.24167,2
3.25000,2
3.25833,2
3.26667,2
3.27500,2
3.28333,2
3.29167,2
3.30000,2
3.30833,2
3.31667,2
3.32500,2
3.33333,2
3.34167,2
3.35000,2
3.35833,2
3.36667,2
3.37500,2
3.38333,2
3.39167,3
3.40000,3
3.40833,2
3.41667,2
3.42500,2
3.43333,1
3.44167,1
3.45000,1
3.45833,1
3.46667,1
3.47500,2
3.48333,2
3.49167,2
3.50000,2
3.50833,2
3.51667,2
3.52500,2
3.53333,2
3.54167,3
3.55000,3
3.55833,3
3.56667,3
3.57500,3
3.58333,3
3.59167,3
3.60000,2
3.60833,2
3.61667,2
3.62500,2
3.63333,2
3.64167,2
3.65000,2
3.65833,2
3.66667,2
3.67500,2
3.68333,2
3.69167,2
3.70000,2
3.70833,2
3.71667,2
3.72500,3
3.73333,3
3.74167,3
3.75000,3
3.75833,3
3.76667,3
3.77500,3
3.78333,3
3.79167,3
3.80000,3
3.80833,3
3.81667,4
3.82500,4
3.83333,4
3.84167,4
3.85000,3
3.85833,3
3.86667,3
3.87500,4
3.88333,3
3.89167,3
3.90000,3
3.90833,3
3.91667,3
3.92500,3
3.93333,3
3.94167,3
3.95000,3
3.95833,4
3.96667,4
3.97500,4
3.98333,4
3.99167,4
4.00000,4
4.00833,4
4.01667,4
4.02500,4
4.03333,4
4.04167,4
4.05000,4
4.05833,4
4.06667,3
4.07500,3
4.08333,3
4.09167,3
4.10000,3
4.10833,3
4.11667,3
4.12500,3
4.13333,3
4.14167,4
4.15000,4
4.15833,4
4.16667,4
4.17500,4
4.18333,3
4.19167,3
4.20000,3
4.20833,4
4.21667,4
4.22500,4
4.23333,4
4.24167,4
4.25000,4
4.25833,4
4.26667,4
4.27500,4
4.28333,3
4.29167,3
4.30000,2
4.30833,2
4.31667,2
4.32500,2
4.33333,1
4.34167,1
4.35000,1
4.35833,2
4.36667,2
4.37500,2
4.38333,2
4.39167,2
4.40000,3
4.40833,2
4.41667,2
4.42500,2
4.43333,1
4.44167,1
4.45000,1
4.45833,1
4.46667,1
4.47500,1
4.48333,1
4.49167,1
4.50000,1
4.50833,1
4.51667,1
4.52500,1
4.53333,1
4.54167,1
4.55000,1
4.55833,1
4.56667,1
4.57500,1
4.58333,0
4.59167,0
4.60000,0
4.60833,0
4.61667,0
4.62500,1
4.63333,1
4.64167,1
4.65000,1
4.65833,1
4.66667,1
4.67500,1
4.68333,1
4.69167,0
4.70000,0
4.70833,0
4.71667,1
4.72500,1
4.73333,1
4.74167,1
4.75000,1
4.75833,0
4.76667,0
4.77500,0
4.78333,0
4.79167,0
4.80000,0
4.80833,-0
4.81667,-0
4.82500,-0
4.83333,0
4.84167,0
4.85000,0
4.85833,1
4.86667,1
4.87500,1
4.88333,0
4.89167,1
4.90000,1
4.90833,1
4.91667,1
4.92500,0
4.93333,0
4.94167,0
4.95000,1
4.95833,0
4.96667,0
4.97500,-0
4.98333,-0
4.99167,0
5.00000,0
5.00833,0
5.01667,0
5.02500,0
5.03333,-0
5.04167,0
5.05000,0
5.05833,0
5.06667,-0
5.07500,-0
5.08333,-0
5.09167,-0
5.10000,-0
5.10833,-1
5.11667,-1
5.12500,-1
5.13333,-0
5.14167,0
5.15000,1
5.15833,1
5.16667,1
5.17500,1
5.18333,1
5.19167,0
5.20000,0
5.20833,-0
5.21667,-0
5.22500,-0
5.23333,-0
5.24167,0
5.25000,0
5.25833,1
5.26667,1
5.27500,1
5.28333,1
5.29167,1
5.30000,1
5.30833,1
5.31667,1
5.32500,1
5.33333,1
5.34167,1
5.35000,1
5.35833,1
5.36667,1
5.37500,1
5.38333,1
5.39167,1
5.40000,1
5.40833,2
5.41667,2
5.42500,2
5.43333,2
5.44167,1
5.45000,1
5.45833,1
5.46667,1
5.47500,1
5.48333,1
5.49167,1
5.50000,1
5.50833,1
5.51667,1
5.52500,1
5.53333,1
5.54167,1
5.55000,1
5.55833,1
5.56667,1
5.57500,0
5.58333,0
5.59167,0
5.60000,0
5.60833,0
5.61667,0
5.62500,0
5.63333,0
5.64167,0
5.65000,0
5.65833,0
5.66667,0
5.67500,0
5.68333,0
5.69167,1
5.70000,1
5.70833,1
5.71667,1
5.72500,0
5.73333,-0
5.74167,-0
5.75000,-0
5.75833,0
5.76667,1
5.77500,1
5.78333,1
5.79167,1
5.80000,1
5.80833,1
5.81667,1
5.82500,1
5.83333,1
5.84167,1
5.85000,1
5.85833,1
5.86667,1
5.87500,0
5.88333,1
5.89167,1
5.90000,1
5.90833,1
5.91667,0
5.92500,0
5.93333,-0
5.94167,-0
5.95000,0
5.95833,0
5.96667,0
5.97500,0
5.98333,0
5.99167,0
6.00000,-0
6.00833,-0
6.01667,-0
6.02500,-0
6.03333,0
6.04167,0
6.05000,0
6.05833,0
6.06667,0
6.07500,1
6.08333,1
6.09167,1
6.10000,1
6.10833,1
6.11667,1
6.12500,1
6.13333,1
6.14167,2
6.15000,1
6.15833,1
6.16667,0
6.17500,0
6.18333,0
6.19167,1
6.20000,1
6.20833,1
6.21667,1
6.22500,1
6.23333,1
6.24167,1
6.25000,1
6.25833,1
6.26667,1
6.27500,1
6.28333,1
6.29167,1
6.30000,1
6.30833,1
6.31667,1
6.32500,1
6.33333,1
6.34167,1
6.35000,0
6.35833,0
6.36667,-0
6.37500,-0
6.38333,-0
6.39167,-0
6.40000,-1
6.40833,-1
6.41667,-1
6.42500,-1
6.43333,-0
6.44167,-0
6.45000,-0
6.45833,-0
6.46667,-0
6.47500,0
6.48333,0
6.49167,1
6.50000,1
6.50833,0
6.51667,0
6.52500,0
6.53333,0
6.54167,0
6.55000,0
6.55833,-0
6.56667,-0
6.57500,-0
6.58333,-0
6.59167,0
6.60000,0
6.60833,0
6.61667,1
6.62500,1
6.63333,1
6.64167,1
6.65000,0
6.65833,0
6.66667,1
6.67500,1
6.68333,1
6.69167,0
6.70000,0
6.70833,-0
6.71667,0
6.72500,0
6.73333,1
6.74167,1
6.75000,1
6.75833,1
6.76667,1
6.77500,1
6.78333,1
6.79167,1
6.80000,0
6.80833,0
6.81667,0
6.82500,0
6.83333,0
6.84167,0
6.85000,0
6.85833,1
6.86667,1
6.87500,1
6.88333,1
6.89167,1
6.90000,1
6.90833,1
6.91667,1
6.92500,1
6.93333,1
6.94167,1
6.95000,1
6.95833,1
6.96667,1
6.97500,1
6.98333,1
6.99167,0
7.00000,0
7.00833,0
7.01667,-0
7.02500,0
7.03333,0
7.04167,0
7.05000,0
7.05833,0
7.06667,0
7.07500,0
7.08333,0
7.09167,0
7.10000,0
7.10833,0
7.11667,0
7.12500,0
7.13333,0
7.14167,-0
7.15000,-0
7.15833,0
7.16667,0
7.17500,0
7.18333,0
7.19167,0
7.20000,0
7.20833,0
7.21667,0
7.22500,0
7.23333,0
7.24167,0
7.25000,0
7.25833,1
7.26667,1
7.27500,1
7.28333,1
7.29167,0
7.30000,0
7.30833,0
7.31667,0
7.32500,-0
7.33333,-0
7.34167,-1
7.35000,-0
7.35833,0
7.36667,0
7.37500,0
7.38333,1
7.39167,1
7.40000,1
7.40833,1
7.41667,1
7.42500,1
7.43333,1
7.44167,1
7.45000,1
7.45833,0
7.46667,0
7.47500,1
7.48333,1
7.49167,1
7.50000,1
7.50833,0
7.51667,0
7.52500,1
7.53333,1
7.54167,0
7.55000,-0
7.55833,-0
7.56667,0
7.57500,0
7.58333,0
7.59167,0
7.60000,1
7.60833,1
7.61667,1
7.62500,1
7.63333,0
7.64167,-0
7.65000,0
7.65833,0
7.66667,0
7.67500,-0
7.68333,-0
7.69167,-0
7.70000,0
7.70833,0
7.71667,0
7.72500,0
7.73333,1
7.74167,1
7.75000,1
7.75833,1
7.76667,1
7.77500,0
7.78333,0
7.79167,-0
7.80000,-0
7.80833,-0
7.81667,-0
7.82500,-0
7.83333,-0
7.84167,-0
7.85000,-0
7.85833,-0
7.86667,0
7.87500,0
7.88333,0
7.89167,0
7.90000,-0
7.90833,-0
7.91667,-0
7.92500,-0
7.93333,-0
7.94167,-0
7.95000,-0
7.95833,-0
7.96667,-0
7.97500,-0
7.98333,-0
7.99167,-1
8.00000,-1
8.00833,-1
8.01667,-0
8.02500,-0
8.03333,-0
8.04167,-0
8.05000,-0
8.05833,-0
8.06667,-0
8.07500,-0
8.08333,0
8.09167,0
8.10000,0
8.10833,0
8.11667,0
8.12500,0
8.13333,0
8.14167,-0
8.15000,-0
8.15833,-0
8.16667,-0
8.17500,-0
8.18333,-0
8.19167,-1
8.20000,-1
8.20833,-1
8.21667,-0
8.22500,-0
8.23333,-0
8.24167,-0
8.25000,-0
8.25833,-0
8.26667,-0
8.27500,-0
8.28333,-1
8.29167,-1
8.30000,-1
8.30833,-0
8.31667,-0
8.32500,-0
8.33333,-0
8.34167,0
8.35000,0
8.35833,-0
8.36667,-0
8.37500,-0
8.38333,-1
8.39167,-1
8.40000,-1
8.40833,-1
8.41667,-1
8.42500,-1
8.43333,-1
8.44167,-1
8.45000,-1
8.45833,-0
8.46667,-0
8.47500,-0
8.48333,-0
8.49167,-0
8.50000,-0
8.50833,0
8.51667,0
8.52500,0
8.53333,0
8.54167,0
8.55000,0
8.55833,0
8.56667,0
8.57500,-0
8.58333,-0
8.59167,-0
8.60000,-0
8.60833,0
8.61667,0
8.62500,1
8.63333,1
8.64167,1
8.65000,1
8.65833,1
8.66667,1
8.67500,1
8.68333,1
8.69167,0
8.70000,0
8.70833,0
8.71667,0
8.72500,0
8.73333,0
8.74167,1
8.75000,0
8.75833,0
8.76667,0
8.77500,0
8.78333,0
8.79167,0
8.80000,0
8.80833,0
8.81667,0
8.82500,0
8.83333,0
8.84167,0
8.85000,0
8.85833,-0
8.86667,-0
8.87500,-0
8.88333,-0
8.89167,0
8.90000,0
8.90833,-0
8.91667,-0
8.92500,0
8.93333,0
8.94167,0
8.95000,0
8.95833,0
8.96667,0
8.97500,0
8.98333,0
8.99167,1
9.00000,1
9.00833,1
9.01667,0
9.02500,0
9.03333,0
9.04167,0
9.05000,0
9.05833,0
9.06667,0
9.07500,0
9.08333,0
9.09167,0
9.10000,0
9.10833,0
9.11667,0
9.12500,-0
9.13333,-0
9.14167,0
9.15000,0
9.15833,0
9.16667,0
9.17500,0
9.18333,0
9.19167,0
9.20000,0
9.20833,1
9.21667,0
9.22500,0
9.23333,0
9.24167,-0
9.25000,-0
9.25833,0
9.26667,1
9.27500,1
9.28333,1
9.29167,0
9.30000,0
9.30833,0
9.31667,-0
9.32500,-0
9.33333,0
9.34167,0
9.35000,0
9.35833,0
9.36667,0
9.37500,0
9.38333,0
9.39167,1
9.40000,1
9.40833,1
9.41667,1
9.42500,1
9.43333,1
9.44167,0
9.45000,0
9.45833,0
9.46667,0
9.47500,0
9.48333,0
9.49167,0
9.50000,-0
9.50833,-0
9.51667,-0
9.52500,-0
9.53333,-0
9.54167,-0
9.55000,-0
9.55833,-0
9.56667,-0
9.57500,-0
9.58333,0
9.59167,0
9.60000,0
9.60833,0
9.61667,0
9.62500,0
9.63333,0
9.64167,0
9.65000,0
9.65833,0
9.66667,0
9.67500,0
9.68333,0
9.69167,0
9.70000,0
9.70833,0
9.71667,0
9.72500,1
9.73333,1
9.74167,1
9.75000,1
9.75833,1
9.76667,1
9.77500,1
9.78333,0
9.79167,0
9.80000,0
9.80833,0
9.81667,0
9.82500,1
9.83333,1
9.84167,1
9.85000,1
9.85833,1
9.86667,1
9.87500,1
9.88333,1
9.89167,1
9.90000,2
9.90833,2
9.91667,2
9.92500,2
9.93333,2
9.94167,2
9.95000,1
9.95833,1
9.96667,2
9.97500,2
9.98333,2
9.99167,3
10.00000,3
10.00833,3
10.01667,4
10.02500,4
10.03333,4
10.04167,5
10.05000,6
10.05833,6
10.06667,6
10.07500,7
10.08333,7
10.09167,8
10.10000,8
10.10833,9
10.11667,10
10.12500,11
10.13333,12
10.14167,13
10.15000,14
10.15833,15
10.16667,16
10.17500,17
10.18333,17
10.19167,18
10.20000,19
10.20833,20
10.21667,21
10.22500,22
10.23333,22
10.24167,23
10.25000,24
10.25833,24
10.26667,25
10.27500,25
10.28333,25
10.29167,25
10.30000,25
10.30833,25
10.31667,26
10.32500,26
10.33333,26
10.34167,26
10.35000,26
10.35833,26
10.36667,26
10.37500,26
10.38333,25
10.39167,25
10.40000,25
10.40833,25
10.41667,25
10.42500,25
10.43333,25
10.44167,24
10.45000,24
10.45833,24
10.46667,24
10.47500,25
10.48333,25
10.49167,26
10.50000,27
10.50833,29
10.51667,32
10.52500,36
10.53333,41
10.54167,48
10.55000,58
10.55833,70
10.56667,85
10.57500,105
10.58333,130
10.59167,161
10.60000,199
10.60833,246
10.61667,303
10.62500,371
10.63333,452
10.64167,549
10.65000,663
10.65833,795
10.66667,947
10.67500,1121
10.68333,1318
10.69167,1541
10.70000,1791
10.70833,2070
10.71667,2378
10.72500,2716
10.73333,3085
10.74167,3484
10.75000,3914
10.75833,4373
10.76667,4861
10.77500,5376
10.78333,5914
10.79167,6474
10.80000,7050
10.80833,7639
10.81667,8236
10.82500,8834
10.83333,9428
10.84167,10010
10.85000,10574
10.85833,11111
10.86667,11613
10.87500,12074
10.88333,12485
10.89167,12839
10.90000,13130
10.90833,13351
10.91667,13498
10.92500,13567
10.93333,13557
10.94167,13465
10.95000,13294
10.95833,13045
10.96667,12722
10.97500,12332
10.98333,11881
10.99167,11378
11.00000,10830
11.00833,10248
11.01667,9641
11.02500,9019
11.03333,8390
11.04167,7763
11.05000,7146
11.05833,6546
11.06667,5969
11.07500,5418
11.08333,4899
11.09167,4413
11.10000,3961
11.10833,3545
11.11667,3164
11.12500,2817
11.13333,2502
11.14167,2218
11.15000,1964
11.15833,1736
11.16667,1533
11.17500,1352
11.18333,1192
11.19167,1049
11.20000,923
11.20833,810
11.21667,711
11.22500,622
11.23333,543
11.24167,473
11.25000,411
11.25833,356
11.26667,307
11.27500,264
11.28333,226
11.29167,192
11.30000,162
11.30833,135
11.31667,112
11.32500,91
11.33333,73
11.34167,58
11.35000,44
11.35833,32
11.36667,21
11.37500,12
11.38333,4
11.39167,-3
11.40000,-9
11.40833,-14
11.41667,-19
11.42500,-23
11.43333,-26
11.44167,-29
11.45000,-31
11.45833,-34
11.46667,-36
11.47500,-38
11.48333,-39
11.49167,-41
11.50000,-42
11.50833,-43
11.51667,-43
11.52500,-44
11.53333,-44
11.54167,-45
11.55000,-45
11.55833,-46
11.56667,-47
11.57500,-48
11.58333,-49
11.59167,-49
11.60000,-48
11.60833,-48
11.61667,-48
11.62500,-47
11.63333,-47
11.64167,-46
11.65000,-46
11.65833,-45
11.66667,-44
11.67500,-43
11.68333,-42
11.69167,-42
11.70000,-40
11.70833,-39
11.71667,-38
11.72500,-37
11.73333,-36
11.74167,-35
11.75000,-35
11.75833,-34
11.76667,-33
11.77500,-32
11.78333,-31
11.79167,-30
11.80000,-28
11.80833,-27
11.81667,-26
11.82500,-25
11.83333,-24
11.84167,-23
11.85000,-23
11.85833,-22
11.86667,-21
11.87500,-20
11.88333,-19
11.89167,-19
11.90000,-18
11.90833,-17
11.91667,-17
11.92500,-16
11.93333,-15
11.94167,-15
11.95000,-14
11.95833,-14
11.96667,-14
11.97500,-14
11.98333,-13
11.99167,-13
12.00000,-13
12.00833,-12
12.01667,-12
12.02500,-11
12.03333,-11
12.04167,-10
12.05000,-10
12.05833,-9
12.06667,-9
12.07500,-8
12.08333,-8
12.09167,-7
12.10000,-7
12.10833,-7
12.11667,-6
12.12500,-6
12.13333,-6
12.14167,-5
12.15000,-4
12.15833,-4
12.16667,-3
12.17500,-2
12.18333,-1
12.19167,-1
12.20000,-0
12.20833,0
12.21667,1
12.22500,1
12.23333,2
12.24167,3
12.25000,4
12.25833,5
12.26667,6
12.27500,6
12.28333,7
12.29167,8
12.30000,9
12.30833,10
12.31667,11
12.32500,12
12.33333,13
12.34167,14
12.35000,16
12.35833,17
12.36667,17
12.37500,18
12.38333,18
12.39167,19
12.40000,19
12.40833,20
12.41667,20
12.42500,21
12.43333,21
12.44167,22
12.45000,23
12.45833,24
12.46667,25
12.47500,25
12.48333,25
12.49167,26
12.50000,26
12.50833,27
12.51667,27
12.52500,27
12.53333,28
12.54167,28
12.55000,29
12.55833,29
12.56667,29
12.57500,30
12.58333,30
12.59167,30
12.60000,30
12.60833,31
12.61667,32
12.62500,32
12.63333,33
12.64167,35
12.65000,37
12.65833,39
12.66667,42
12.67500,45
12.68333,50
12.69167,55
12.70000,62
12.70833,71
12.71667,81
12.72500,93
12.73333,108
12.74167,126
12.75000,146
12.75833,171
12.76667,199
12.77500,231
12.78333,268
12.79167,310
12.80000,357
12.80833,409
12.81667,467
12.82500,531
12.83333,601
12.84167,678
12.85000,762
12.85833,852
12.86667,948
12.87500,1051
12.88333,1160
12.89167,1277
12.90000,1399
12.90833,1529
12.91667,1665
12.92500,1807
12.93333,1955
12.94167,2109
12.95000,2269
12.95833,2435
12.96667,2606
12.97500,2782
12.98333,2964
12.99167,3149
13.00000,3340
13.00833,3536
13.01667,3736
13.02500,3940
13.03333,4148
13.04167,4360
13.05000,4576
13.05833,4796
13.06667,5019
13.07500,5246
13.08333,5476
13.09167,5710
13.10000,5946
13.10833,6186
13.11667,6429
13.12500,6675
13.13333,6923
13.14167,7175
13.15000,7429
13.15833,7685
13.16667,7944
13.17500,8206
13.18333,8470
13.19167,8737
13.20000,9007
13.20833,9279
13.21667,9553
13.22500,9829
13.23333,10107
13.24167,10388
13.25000,10671
13.25833,10957
13.26667,11245
13.27500,11535
13.28333,11828
13.29167,12123
13.30000,12419
13.30833,12719
13.31667,13020
13.32500,13324
13.33333,13629
13.34167,13937
13.35000,14247
13.35833,14560
13.36667,14874
13.37500,15191
13.38333,15510
13.39167,15832
13.40000,16156
13.40833,16482
13.41667,16810
13.42500,17140
13.43333,17473
13.44167,17808
13.45000,18145
13.45833,18484
13.46667,18826
13.47500,19171
13.48333,19518
13.49167,19867
13.50000,20218
13.50833,20572
13.51667,20928
13.52500,21287
13.53333,21648
13.54167,22011
13.55000,22377
13.55833,22745
13.56667,23116
13.57500,23489
13.58333,23865
13.59167,24243
13.60000,24624
13.60833,25008
13.61667,25394
13.62500,25782
13.63333,26174
13.64167,26567
13.65000,26964
13.65833,27363
13.66667,27764
13.67500,28169
13.68333,28576
13.69167,28986
13.70000,29399
13.70833,29815
13.71667,30234
13.72500,30655
13.73333,31079
13.74167,31505
13.75000,31935
13.75833,32367
13.76667,32803
13.77500,33241
13.78333,33682
13.79167,34126
13.80000,34573
13.80833,35023
13.81667,35476
13.82500,35932
13.83333,36390
13.84167,36851
13.85000,37316
13.85833,37782
13.86667,38251
13.87500,38720
13.88333,39189
13.89167,39654
13.90000,40112
13.90833,40556
13.91667,40977
13.92500,41361
13.93333,41691
13.94167,41948
13.95000,42106
13.95833,42140
13.96667,42023
13.97500,41727
13.98333,41231
13.99167,40518
14.00000,39578
14.00833,38409
14.01667,37021
14.02500,35431
14.03333,33665
14.04167,31754
14.05000,29737
14.05833,27652
14.06667,25539
14.07500,23437
14.08333,21380
14.09167,19397
14.10000,17512
14.10833,15743
14.11667,14101
14.12500,12593
14.13333,11222
14.14167,9986
14.15000,8880
14.15833,7899
14.16667,7035
14.17500,6278
14.18333,5622
14.19167,5056
14.20000,4573
14.20833,4166
14.21667,3827
14.22500,3551
14.23333,3331
14.24167,3164
14.25000,3044
14.25833,2969
14.26667,2934
14.27500,2938
14.28333,2976
14.29167,3048
14.30000,3148
14.30833,3277
14.31667,3430
14.32500,3605
14.33333,3801
14.34167,4013
14.35000,4240
14.35833,4478
14.36667,4725
14.37500,4976
14.38333,5229
14.39167,5481
14.40000,5729
14.40833,5968
14.41667,6196
14.42500,6411
14.43333,6610
14.44167,6789
14.45000,6948
14.45833,7083
14.46667,7193
14.47500,7278
14.48333,7335
14.49167,7366
14.50000,7369
14.50833,7345
14.51667,7295
14.52500,7220
14.53333,7121
14.54167,6999
14.55000,6857
14.55833,6696
14.56667,6518
14.57500,6325
14.58333,6121
14.59167,5906
14.60000,5684
14.60833,5455
14.61667,5222
14.62500,4988
14.63333,4753
14.64167,4519
14.65000,4288
14.65833,4060
14.66667,3839
14.67500,3624
14.68333,3415
14.69167,3214
14.70000,3021
14.70833,2837
14.71667,2660
14.72500,2493
14.73333,2334
14.74167,2184
14.75000,2042
14.75833,1909
14.76667,1783
14.77500,1666
14.78333,1556
14.79167,1454
14.80000,1359
14.80833,1270
14.81667,1187
14.82500,1111
14.83333,1039
14.84167,973
14.85000,912
14.85833,855
14.86667,803
14.87500,754
14.88333,709
14.89167,668
14.90000,630
14.90833,595
14.91667,562
14.92500,532
14.93333,505
14.94167,480
14.95000,457
14.95833,435
14.96667,416
14.97500,398
14.98333,382
14.99167,367
15.00000,353
15.00833,341
15.01667,330
15.02500,320
15.03333,311
15.04167,304
15.05000,297
15.05833,291
15.06667,285
15.07500,281
15.08333,277
15.09167,275
15.10000,273
15.10833,272
15.11667,271
15.12500,271
15.13333,271
15.14167,272
15.15000,273
15.15833,275
15.16667,276
15.17500,278
15.18333,280
15.19167,283
15.20000,285
15.20833,288
15.21667,290
15.22500,293
15.23333,295
15.24167,297
15.25000,299
15.25833,301
15.26667,302
15.27500,303
15.28333,304
15.29167,304
15.30000,304
15.30833,304
15.31667,303
15.32500,301
15.33333,300
15.34167,297
15.35000,295
15.35833,292
15.36667,288
15.37500,284
15.38333,280
15.39167,276
15.40000,272
15.40833,267
15.41667,262
15.42500,257
15.43333,251
15.44167,246
15.45000,240
15.45833,235
15.46667,230
15.47500,224
15.48333,219
15.49167,214
15.50000,208
15.50833,203
15.51667,198
15.52500,193
15.53333,188
15.54167,183
15.55000,179
15.55833,175
15.56667,171
15.57500,167
15.58333,164
15.59167,160
15.60000,156
15.60833,153
15.61667,150
15.62500,147
15.63333,144
15.64167,142
15.65000,139
15.65833,137
15.66667,135
15.67500,133
15.68333,131
15.69167,129
15.70000,127
15.70833,125
15.71667,123
15.72500,122
15.73333,121
15.74167,120
15.75000,119
15.75833,117
15.76667,116
15.77500,115
15.78333,114
15.79167,113
15.80000,112
15.80833,111
15.81667,110
15.82500,109
15.83333,108
15.84167,107
15.85000,106
15.85833,105
15.86667,104
15.87500,103
15.88333,103
15.89167,102
15.90000,101
15.90833,100
15.91667,100
15.92500,100
15.93333,99
15.94167,98
15.95000,98
15.95833,97
15.96667,97
15.97500,96
15.98333,95
15.99167,94
16.00000,93
16.00833,92
16.01667,91
16.02500,91
16.03333,90
16.04167,90
16.05000,89
16.05833,88
16.06667,87
16.07500,87
16.08333,86
16.09167,86
16.10000,85
16.10833,85
16.11667,85
16.12500,84
16.13333,83
16.14167,83
16.15000,82
16.15833,81
16.16667,81
16.17500,81
16.18333,81
16.19167,81
16.20000,81
16.20833,80
16.21667,80
16.22500,79
16.23333,79
16.24167,78
16.25000,77
16.25833,77
16.26667,77
16.27500,76
16.28333,76
16.29167,76
16.30000,76
16.30833,75
16.31667,75
16.32500,75
16.33333,74
16.34167,74
16.35000,73
16.35833,73
16.36667,73
16.37500,72
16.38333,72
16.39167,72
16.40000,72
16.40833,72
16.41667,72
16.42500,72
16.43333,72
16.44167,71
16.45000,71
16.45833,70
16.46667,70
16.47500,70
16.48333,69
16.49167,69
16.50000,69
16.50833,68
16.51667,68
16.52500,67
16.53333,67
16.54167,67
16.55000,66
16.55833,66
16.56667,66
16.57500,65
16.58333,65
16.59167,65
16.60000,65
16.60833,64
16.61667,64
16.62500,63
16.63333,63
16.64167,63
16.65000,63
16.65833,62
16.66667,62
16.67500,61
16.68333,60
16.69167,60
16.70000,60
16.70833,59
16.71667,59
16.72500,59
16.73333,58
16.74167,58
16.75000,58
16.75833,57
16.76667,57
16.77500,57
16.78333,56
16.79167,56
16.80000,55
16.80833,54
16.81667,54
16.82500,54
16.83333,53
16.84167,53
16.85000,52
16.85833,52
16.86667,52
16.87500,52
16.88333,51
16.89167,51
16.90000,51
16.90833,51
16.91667,51
16.92500,51
16.93333,50
16.94167,50
16.95000,49
16.95833,48
16.96667,48
16.97500,48
16.98333,48
16.99167,47
17.00000,47
17.00833,47
17.01667,47
17.02500,47
17.03333,47
17.04167,46
17.05000,46
17.05833,45
17.06667,44
17.07500,44
17.08333,43
17.09167,43
17.10000,43
17.10833,43
17.11667,43
17.12500,42
17.13333,42
17.14167,42
17.15000,42
17.15833,41
17.16667,41
17.17500,41
17.18333,41
17.19167,41
17.20000,41
17.20833,41
17.21667,41
17.22500,40
17.23333,40
17.24167,40
17.25000,40
17.25833,40
17.26667,40
17.27500,40
17.28333,40
17.29167,40
17.30000,39
17.30833,39
17.31667,38
17.32500,38
17.33333,38
17.34167,38
17.35000,37
17.35833,37
17.36667,37
17.37500,37
17.38333,37
17.39167,36
17.40000,36
17.40833,35
17.41667,35
17.42500,35
17.43333,34
17.44167,34
17.45000,34
17.45833,34
17.46667,34
17.47500,34
17.48333,34
17.49167,34
17.50000,34
17.50833,34
17.51667,34
17.52500,34
17.53333,34
17.54167,34
17.55000,34
17.55833,34
17.56667,33
17.57500,33
17.58333,32
17.59167,32
17.60000,32
17.60833,32
17.61667,32
17.62500,32
17.63333,32
17.64167,32
17.65000,32
17.65833,31
17.66667,31
17.67500,31
17.68333,31
17.69167,31
17.70000,30
17.70833,30
17.71667,30
17.72500,30
17.73333,31
17.74167,31
17.75000,32
17.75833,32
17.76667,32
17.77500,31
17.78333,31
17.79167,31
17.80000,31
17.80833,31
17.81667,31
17.82500,32
17.83333,32
17.84167,32
17.85000,32
17.85833,32
17.86667,32
17.87500,33
17.88333,33
17.89167,33
17.90000,33
17.90833,33
17.91667,33
17.92500,33
17.93333,33
17.94167,33
17.95000,33
17.95833,33
17.96667,33
17.97500,32
17.98333,32
17.99167,32
18.00000,32
18.00833,32
18.01667,32
18.02500,32
18.03333,32
18.04167,32
18.05000,32
18.05833,32
18.06667,32
18.07500,32
18.08333,32
18.09167,32
18.10000,31
18.10833,31
18.11667,31
18.12500,30
18.13333,30
18.14167,29
18.15000,29
18.15833,29
18.16667,29
18.17500,29
18.18333,29
18.19167,29
18.20000,29
18.20833,28
18.21667,28
18.22500,27
18.23333,27
18.24167,26
18.25000,26
18.25833,26
18.26667,26
18.27500,27
18.28333,27
18.29167,26
18.30000,26
18.30833,26
18.31667,26
18.32500,25
18.33333,25
18.34167,25
18.35000,25
18.35833,25
18.36667,25
18.37500,24
18.38333,24
18.39167,24
18.40000,24
18.40833,24
18.41667,24
18.42500,24
18.43333,24
18.44167,24
18.45000,24
18.45833,24
18.46667,24
18.47500,24
18.48333,24
18.49167,23
18.50000,23
18.50833,23
18.51667,23
18.52500,24
18.53333,24
18.54167,24
18.55000,24
18.55833,24
18.56667,25
18.57500,25
18.58333,25
18.59167,25
18.60000,25
18.60833,25
18.61667,25
18.62500,25
18.63333,25
18.64167,25
18.65000,26
18.65833,26
18.66667,26
18.67500,26
18.68333,26
18.69167,26
18.70000,25
18.70833,25
18.71667,25
18.72500,25
18.73333,25
18.74167,26
18.75000,26
18.75833,26
18.76667,26
18.77500,25
18.78333,25
18.79167,26
18.80000,26
18.80833,26
18.81667,27
18.82500,27
18.83333,27
18.84167,27
18.85000,28
18.85833,28
18.86667,29
18.87500,29
18.88333,30
18.89167,31
18.90000,31
18.90833,32
18.91667,33
18.92500,35
18.93333,36
18.94167,37
18.95000,39
18.95833,41
18.96667,43
18.97500,45
18.98333,47
18.99167,50
19.00000,52
19.00833,55
19.01667,57
19.02500,60
19.03333,63
19.04167,66
19.05000,70
19.05833,73
19.06667,77
19.07500,81
19.08333,84
19.09167,88
19.10000,91
19.10833,95
19.11667,98
19.12500,102
19.13333,105
19.14167,108
19.15000,111
19.15833,114
19.16667,117
19.17500,119
19.18333,121
19.19167,123
19.20000,125
19.20833,127
19.21667,128
19.22500,129
19.23333,129
19.24167,129
19.25000,129
19.25833,129
19.26667,128
19.27500,127
19.28333,126
19.29167,124
19.30000,122
19.30833,120
19.31667,118
19.32500,116
19.33333,113
19.34167,111
19.35000,108
19.35833,105
19.36667,102
19.37500,99
19.38333,95
19.39167,92
19.40000,89
19.40833,85
19.41667,82
19.42500,78
19.43333,75
19.44167,73
19.45000,70
19.45833,67
19.46667,64
19.47500,61
19.48333,59
19.49167,56
19.50000,53
19.50833,51
19.51667,48
19.52500,46
19.53333,44
19.54167,42
19.55000,40
19.55833,38
19.56667,36
19.57500,34
19.58333,33
19.59167,31
19.60000,30
19.60833,29
19.61667,28
19.62500,27
19.63333,26
19.64167,25
19.65000,24
19.65833,23
19.66667,22
19.67500,21
19.68333,21
19.69167,20
19.70000,20
19.70833,19
19.71667,19
19.72500,18
19.73333,17
19.74167,17
19.75000,16
19.75833,15
19.76667,15
19.77500,15
19.78333,15
19.79167,15
19.80000,15
19.80833,14
19.81667,14
19.82500,14
19.83333,13
19.84167,13
19.85000,13
19.85833,12
19.86667,12
19.87500,12
19.88333,12
19.89167,12
19.90000,12
19.90833,11
19.91667,11
19.92500,11
19.93333,10
19.94167,10
19.95000,10
19.95833,10
19.96667,11
19.97500,10
19.98333,10
19.99167,10
20.00000,10
20.00833,10
20.01667,10
20.02500,10
20.03333,9
20.04167,10
20.05000,10
20.05833,10
20.06667,10
20.07500,9
20.08333,9
20.09167,9
20.10000,9
20.10833,9
20.11667,9
20.12500,9
20.13333,8
20.14167,8
20.15000,8
20.15833,8
20.16667,8
20.17500,9
20.18333,9
20.19167,9
20.20000,9
20.20833,9
20.21667,9
20.22500,9
20.23333,9
20.24167,10
20.25000,10
20.25833,9
20.26667,9
20.27500,9
20.28333,9
20.29167,9
20.30000,9
20.30833,9
20.31667,8
20.32500,8
20.33333,8
20.34167,8
20.35000,9
20.35833,9
20.36667,9
20.37500,8
20.38333,8
20.39167,8
20.40000,8
20.40833,8
20.41667,8
20.42500,8
20.43333,8
20.44167,8
20.45000,8
20.45833,8
20.46667,8
20.47500,8
20.48333,7
20.49167,7
20.50000,7
20.50833,7
20.51667,8
20.52500,8
20.53333,8
20.54167,8
20.55000,8
20.55833,8
20.56667,8
20.57500,8
20.58333,8
20.59167,8
20.60000,8
20.60833,7
20.61667,7
20.62500,7
20.63333,7
20.64167,7
20.65000,7
20.65833,7
20.66667,7
20.67500,7
20.68333,7
20.69167,7
20.70000,8
20.70833,8
20.71667,8
20.72500,8
20.73333,8
20.74167,8
20.75000,9
20.75833,9
20.76667,9
20.77500,9
20.78333,9
20.79167,10
20.80000,10
20.80833,10
20.81667,10
20.82500,10
20.83333,11
20.84167,11
20.85000,11
20.85833,10
20.86667,11
20.87500,11
20.88333,11
20.89167,12
20.90000,12
20.90833,13
20.91667,13
20.92500,13
20.93333,13
20.94167,14
20.95000,14
20.95833,15
20.96667,15
20.97500,15
20.98333,15
20.99167,16
21.00000,16
21.00833,17
21.01667,17
21.02500,18
21.03333,19
21.04167,20
21.05000,20
21.05833,21
21.06667,22
21.07500,22
21.08333,23
21.09167,24
21.10000,24
21.10833,26
21.11667,27
21.12500,28
21.13333,29
21.14167,30
21.15000,31
21.15833,32
21.16667,33
21.17500,34
21.18333,35
21.19167,36
21.20000,37
21.20833,38
21.21667,39
21.22500,40
21.23333,41
21.24167,41
21.25000,41
21.25833,42
21.26667,42
21.27500,42
21.28333,43
21.29167,43
21.30000,43
21.30833,43
21.31667,43
21.32500,43
21.33333,43
21.34167,43
21.35000,42
21.35833,42
21.36667,42
21.37500,42
21.38333,41
21.39167,41
21.40000,40
21.40833,39
21.41667,39
21.42500,38
21.43333,37
21.44167,36
21.45000,35
21.45833,34
21.46667,34
21.47500,33
21.48333,32
21.49167,31
21.50000,30
21.50833,29
21.51667,28
21.52500,28
21.53333,27
21.54167,25
21.55000,24
21.55833,23
21.56667,22
21.57500,21
21.58333,20
21.59167,20
21.60000,19
21.60833,18
21.61667,17
21.62500,16
21.63333,16
21.64167,15
21.65000,14
21.65833,14
21.66667,13
21.67500,13
21.68333,12
21.69167,12
21.70000,11
21.70833,11
21.71667,11
21.72500,10
21.73333,10
21.74167,9
21.75000,9
21.75833,9
21.76667,9
21.77500,9
21.78333,8
21.79167,8
21.80000,7
21.80833,7
21.81667,7
21.82500,7
21.83333,6
21.84167,6
21.85000,5
21.85833,5
21.86667,5
21.87500,5
21.88333,5
21.89167,5
21.90000,5
21.90833,5
21.91667,5
21.92500,5
21.93333,5
21.94167,5
21.95000,5
21.95833,5
21.96667,5
21.97500,5
21.98333,5
21.99167,5
22.00000,5
22.00833,5
22.01667,5
22.02500,5
22.03333,5
22.04167,5
22.05000,5
22.05833,5
22.06667,5
22.07500,4
22.08333,5
22.09167,5
22.10000,5
22.10833,5
22.11667,5
22.12500,5
22.13333,5
22.14167,5
22.15000,4
22.15833,4
22.16667,4
22.17500,4
22.18333,4
22.19167,4
22.20000,4
22.20833,4
22.21667,4
22.22500,5
22.23333,5
22.24167,5
22.25000,4
22.25833,4
22.26667,4
22.27500,4
22.28333,4
22.29167,5
22.30000,5
22.30833,5
22.31667,5
22.32500,5
22.33333,5
22.34167,5
22.35000,5
22.35833,5
22.36667,5
22.37500,5
22.38333,5
22.39167,5
22.40000,5
22.40833,5
22.41667,5
22.42500,4
22.43333,5
22.44167,5
22.45000,5
22.45833,6
22.46667,6
22.47500,6
22.48333,6
22.49167,5
22.50000,5
22.50833,5
22.51667,5
22.52500,4
22.53333,5
22.54167,5
22.55000,5
22.55833,5
22.56667,5
22.57500,5
22.58333,5
22.59167,5
22.60000,5
22.60833,5
22.61667,5
22.62500,5
22.63333,6
22.64167,6
22.65000,6
22.65833,6
22.66667,6
22.67500,6
22.68333,6
22.69167,6
22.70000,6
22.70833,7
22.71667,7
22.72500,8
22.73333,8
22.74167,8
22.75000,9
22.75833,9
22.76667,10
22.77500,10
22.78333,10
22.79167,11
22.80000,12
22.80833,12
22.81667,13
22.82500,13
22.83333,14
22.84167,14
22.85000,14
22.85833,15
22.86667,16
22.87500,17
22.88333,18
22.89167,19
22.90000,20
22.90833,20
22.91667,21
22.92500,22
22.93333,23
22.94167,24
22.95000,24
22.95833,25
22.96667,25
22.97500,26
22.98333,26
22.99167,27
23.00000,27
23.00833,27
23.01667,27
23.02500,27
23.03333,27
23.04167,28
23.05000,28
23.05833,28
23.06667,29
23.07500,29
23.08333,29
23.09167,29
23.10000,29
23.10833,28
23.11667,28
23.12500,28
23.13333,27
23.14167,27
23.15000,27
23.15833,26
23.16667,26
23.17500,25
23.18333,25
23.19167,24
23.20000,24
23.20833,23
23.21667,22
23.22500,22
23.23333,21
23.24167,20
23.25000,20
23.25833,19
23.26667,19
23.27500,18
23.28333,17
23.29167,17
23.30000,16
23.30833,16
23.31667,16
23.32500,15
23.33333,15
23.34167,14
23.35000,14
23.35833,13
23.36667,12
23.37500,12
23.38333,11
23.39167,11
23.40000,10
23.40833,10
23.41667,10
23.42500,10
23.43333,9
23.44167,9
23.45000,9
23.45833,9
23.46667,8
23.47500,8
23.48333,7
23.49167,7
23.50000,7
23.50833,7
23.51667,7
23.52500,6
23.53333,7
23.54167,7
23.55000,7
23.55833,7
23.56667,6
23.57500,6
23.58333,6
23.59167,6
23.60000,6
23.60833,6
23.61667,5
23.62500,5
23.63333,5
23.64167,5
23.65000,5
23.65833,5
23.66667,4
23.67500,4
23.68333,5
23.69167,5
23.70000,5
23.70833,5
23.71667,5
23.72500,5
23.73333,5
23.74167,5
23.75000,5
23.75833,5
23.76667,5
23.77500,5
23.78333,5
23.79167,5
23.80000,5
23.80833,5
23.81667,5
23.82500,5
23.83333,5
23.84167,5
23.85000,6
23.85833,6
23.86667,6
23.87500,6
23.88333,6
23.89167,7
23.90000,7
23.90833,8
23.91667,8
23.92500,8
23.93333,8
23.94167,8
23.95000,8
23.95833,9
23.96667,9
23.97500,10
23.98333,10
23.99167,10
24.00000,10
24.00833,10
24.01667,10
24.02500,10
24.03333,10
24.04167,10
24.05000,10
24.05833,10
24.06667,10
24.07500,10
24.08333,10
24.09167,10
24.10000,10
24.10833,10
24.11667,10
24.12500,10
24.13333,10
24.14167,10
24.15000,10
24.15833,11
24.16667,11
24.17500,11
24.18333,10
24.19167,10
24.20000,10
24.20833,10
24.21667,10
24.22500,9
24.23333,9
24.24167,9
24.25000,9
24.25833,9
24.26667,9
24.27500,9
24.28333,9
24.29167,9
24.30000,9
24.30833,9
24.31667,9
24.32500,9
24.33333,10
24.34167,10
24.35000,11
24.35833,12
24.36667,12
24.37500,12
24.38333,13
24.39167,14
24.40000,16
24.40833,17
24.41667,18
24.42500,20
24.43333,22
24.44167,24
24.45000,27
24.45833,29
24.46667,33
24.47500,37
24.48333,41
24.49167,46
24.50000,52
24.50833,58
24.51667,65
24.52500,72
24.53333,81
24.54167,91
24.55000,102
24.55833,115
24.56667,130
24.57500,145
24.58333,163
24.59167,183
24.60000,206
24.60833,230
24.61667,258
24.62500,288
24.63333,322
24.64167,360
24.65000,401
24.65833,447
24.66667,498
24.67500,553
24.68333,614
24.69167,680
24.70000,753
24.70833,832
24.71667,918
24.72500,1011
24.73333,1112
24.74167,1221
24.75000,1338
24.75833,1463
24.76667,1598
24.77500,1741
24.78333,1894
24.79167,2057
24.80000,2229
24.80833,2412
24.81667,2604
24.82500,2806
24.83333,3017
24.84167,3238
24.85000,3468
24.85833,3707
24.86667,3955
24.87500,4210
24.88333,4473
24.89167,4743
24.90000,5018
24.90833,5298
24.91667,5583
24.92500,5871
24.93333,6161
24.94167,6452
24.95000,6742
24.95833,7031
24.96667,7318
24.97500,7600
24.98333,7877
24.99167,8148
25.00000,8410
25.00833,8663
25.01667,8905
25.02500,9137
25.03333,9355
25.04167,9560
25.05000,9749
25.05833,9923
25.06667,10080
25.07500,10220
25.08333,10341
25.09167,10444
25.10000,10527
25.10833,10592
25.11667,10636
25.12500,10661
25.13333,10666
25.14167,10652
25.15000,10618
25.15833,10564
25.16667,10493
25.17500,10403
25.18333,10296
25.19167,10172
25.20000,10032
25.20833,9877
25.21667,9708
25.22500,9525
25.23333,9330
25.24167,9125
25.25000,8908
25.25833,8683
25.26667,8450
25.27500,8210
25.28333,7964
25.29167,7713
25.30000,7459
25.30833,7202
25.31667,6944
25.32500,6685
25.33333,6426
25.34167,6167
25.35000,5911
25.35833,5658
25.36667,5407
25.37500,5161
25.38333,4919
25.39167,4682
25.40000,4451
25.40833,4226
25.41667,4007
25.42500,3795
25.43333,3590
25.44167,3391
25.45000,3200
25.45833,3017
25.46667,2840
25.47500,2671
25.48333,2509
25.49167,2355
25.50000,2208
25.50833,2068
25.51667,1936
25.52500,1811
25.53333,1692
25.54167,1580
25.55000,1474
25.55833,1375
25.56667,1281
25.57500,1194
25.58333,1111
25.59167,1035
25.60000,963
25.60833,895
25.61667,832
25.62500,773
25.63333,718
25.64167,668
25.65000,621
25.65833,577
25.66667,536
25.67500,499
25.68333,464
25.69167,433
25.70000,403
25.70833,376
25.71667,351
25.72500,328
25.73333,307
25.74167,287
25.75000,269
25.75833,252
25.76667,237
25.77500,223
25.78333,210
25.79167,198
25.80000,187
25.80833,177
25.81667,168
25.82500,159
25.83333,152
25.84167,144
25.85000,137
25.85833,131
25.86667,126
25.87500,121
25.88333,116
25.89167,112
25.90000,107
25.90833,104
25.91667,100
25.92500,96
25.93333,93
25.94167,90
25.95000,88
25.95833,85
25.96667,83
25.97500,81
25.98333,79
25.99167,77
26.00000,75
26.00833,74
26.01667,72
26.02500,70
26.03333,69
26.04167,68
26.05000,66
26.05833,65
26.06667,64
26.07500,63
26.08333,62
26.09167,61
26.10000,61
26.10833,60
26.11667,59
26.12500,58
26.13333,57
26.14167,56
26.15000,56
26.15833,55
26.16667,54
26.17500,54
26.18333,53
26.19167,53
26.20000,52
26.20833,51
26.21667,51
26.22500,51
26.23333,50
26.24167,49
26.25000,49
26.25833,48
26.26667,48
26.27500,47
26.28333,47
26.29167,46
26.30000,46
26.30833,45
26.31667,45
26.32500,45
26.33333,44
26.34167,44
26.35000,44
26.35833,44
26.36667,43
26.37500,43
26.38333,43
26.39167,43
26.40000,42
26.40833,41
26.41667,41
26.42500,40
26.43333,40
26.44167,40
26.45000,40
26.45833,40
26.46667,39
26.47500,39
26.48333,38
26.49167,38
26.50000,38
26.50833,38
26.51667,38
26.52500,38
26.53333,38
26.54167,37
26.55000,37
26.55833,37
26.56667,36
26.57500,36
26.58333,36
26.59167,35
26.60000,35
26.60833,35
26.61667,35
26.62500,34
26.63333,34
26.64167,34
26.65000,34
26.65833,33
26.66667,33
26.67500,33
26.68333,33
26.69167,33
26.70000,32
26.70833,32
26.71667,31
26.72500,31
26.73333,31
26.74167,31
26.75000,30
26.75833,30
26.76667,30
26.77500,30
26.78333,30
26.79167,30
26.80000,30
26.80833,30
26.81667,30
26.82500,30
26.83333,30
26.84167,30
26.85000,29
26.85833,29
26.86667,29
26.87500,28
26.88333,28
26.89167,28
26.90000,28
26.90833,28
26.91667,28
26.92500,28
26.93333,28
26.94167,27
26.95000,27
26.95833,27
26.96667,27
26.97500,27
26.98333,27
26.99167,27
27.00000,26
27.00833,26
27.01667,26
27.02500,26
27.03333,26
27.04167,26
27.05000,25
27.05833,25
27.06667,24
27.07500,24
27.08333,24
27.09167,24
27.10000,24
27.10833,23
27.11667,23
27.12500,23
27.13333,23
27.14167,24
27.15000,24
27.15833,24
27.16667,25
27.17500,25
27.18333,24
27.19167,24
27.20000,24
27.20833,24
27.21667,24
27.22500,24
27.23333,24
27.24167,24
27.25000,23
27.25833,23
27.26667,23
27.27500,23
27.28333,23
27.29167,23
27.30000,23
27.30833,23
27.31667,23
27.32500,23
27.33333,23
27.34167,22
27.35000,22
27.35833,22
27.36667,22
27.37500,21
27.38333,21
27.39167,21
27.40000,21
27.40833,21
27.41667,20
27.42500,20
27.43333,20
27.44167,20
27.45000,20
27.45833,20
27.46667,20
27.47500,20
27.48333,20
27.49167,20
27.50000,19
27.50833,19
27.51667,19
27.52500,19
27.53333,18
27.54167,18
27.55000,17
27.55833,17
27.56667,17
27.57500,17
27.58333,17
27.59167,16
27.60000,16
27.60833,15
27.61667,15
27.62500,14
27.63333,14
27.64167,13
27.65000,13
27.65833,12
27.66667,11
27.67500,10
27.68333,9
27.69167,8
27.70000,8
27.70833,7
27.71667,6
27.72500,5
27.73333,4
27.74167,2
27.75000,1
27.75833,-0
27.76667,-2
27.77500,-3
27.78333,-5
27.79167,-7
27.80000,-9
27.80833,-11
27.81667,-12
27.82500,-14
27.83333,-16
27.84167,-19
27.85000,-21
27.85833,-23
27.86667,-25
27.87500,-28
27.88333,-31
27.89167,-34
27.90000,-36
27.90833,-39
27.91667,-42
27.92500,-44
27.93333,-48
27.94167,-51
27.95000,-53
27.95833,-57
27.96667,-60
27.97500,-63
27.98333,-66
27.99167,-69
28.00000,-73
28.00833,-76
28.01667,-79
28.02500,-82
28.03333,-86
28.04167,-89
28.05000,-93
28.05833,-96
28.06667,-99
28.07500,-102
28.08333,-105
28.09167,-107
28.10000,-110
28.10833,-113
28.11667,-115
28.12500,-118
28.13333,-121
28.14167,-123
28.15000,-125
28.15833,-127
28.16667,-129
28.17500,-131
28.18333,-132
28.19167,-133
28.20000,-134
28.20833,-134
28.21667,-135
28.22500,-136
28.23333,-136
28.24167,-137
28.25000,-137
28.25833,-137
28.26667,-137
28.27500,-137
28.28333,-136
28.29167,-136
28.30000,-135
28.30833,-134
28.31667,-132
28.32500,-131
28.33333,-129
28.34167,-128
28.35000,-126
28.35833,-124
28.36667,-123
28.37500,-121
28.38333,-119
28.39167,-117
28.40000,-115
28.40833,-112
28.41667,-110
28.42500,-108
28.43333,-105
28.44167,-102
28.45000,-99
28.45833,-96
28.46667,-93
28.47500,-90
28.48333,-87
28.49167,-84
28.50000,-82
28.50833,-79
28.51667,-77
28.52500,-74
28.53333,-72
28.54167,-69
28.55000,-67
28.55833,-64
28.56667,-62
28.57500,-59
28.58333,-57
28.59167,-55
28.60000,-53
28.60833,-50
28.61667,-48
28.62500,-46
28.63333,-43
28.64167,-42
28.65000,-40
28.65833,-38
28.66667,-36
28.67500,-34
28.68333,-33
28.69167,-31
28.70000,-30
28.70833,-29
28.71667,-27
28.72500,-25
28.73333,-24
28.74167,-22
28.75000,-21
28.75833,-19
28.76667,-18
28.77500,-17
28.78333,-16
28.79167,-16
28.80000,-15
28.80833,-14
28.81667,-13
28.82500,-12
28.83333,-12
28.84167,-11
28.85000,-10
28.85833,-10
28.86667,-9
28.87500,-8
28.88333,-7
28.89167,-6
28.90000,-6
28.90833,-5
28.91667,-5
28.92500,-5
28.93333,-4
28.94167,-4
28.95000,-4
28.95833,-3
28.96667,-3
28.97500,-3
28.98333,-2
28.99167,-2
29.00000,-2
29.00833,-1
29.01667,-1
29.02500,-0
29.03333,-0
29.04167,-0
29.05000,-0
29.05833,0
29.06667,0
29.07500,0
29.08333,0
29.09167,0
29.10000,1
29.10833,1
29.11667,2
29.12500,2
29.13333,2
29.14167,2
29.15000,3
29.15833,3
29.16667,3
29.17500,3
29.18333,3
29.19167,3
29.20000,2
29.20833,2
29.21667,2
29.22500,2
29.23333,2
29.24167,2
29.25000,2
29.25833,2
29.26667,2
29.27500,3
29.28333,3
29.29167,3
29.30000,3
29.30833,3
29.31667,3
29.32500,3
29.33333,3
29.34167,3
29.35000,3
29.35833,2
29.36667,2
29.37500,1
29.38333,1
29.39167,1
29.40000,1
29.40833,0
29.41667,0
29.42500,1
29.43333,1
29.44167,0
29.45000,-0
29.45833,-1
29.46667,-2
29.47500,-3
29.48333,-4
29.49167,-6
29.50000,-7
29.50833,-7
29.51667,-8
29.52500,-9
29.53333,-9
29.54167,-10
29.55000,-10
29.55833,-11
29.56667,-12
29.57500,-13
29.58333,-14
29.59167,-15
29.60000,-16
29.60833,-17
29.61667,-18
29.62500,-20
29.63333,-21
29.64167,-22
29.65000,-24
29.65833,-25
29.66667,-27
29.67500,-28
29.68333,-29
29.69167,-30
29.70000,-31
29.70833,-32
29.71667,-33
29.72500,-34
29.73333,-36
29.74167,-37
29.75000,-39
29.75833,-40
29.76667,-41
29.77500,-42
29.78333,-43
29.79167,-44
29.80000,-45
29.80833,-46
29.81667,-47
29.82500,-48
29.83333,-49
29.84167,-50
29.85000,-51
29.85833,-52
29.86667,-53
29.87500,-53
29.88333,-54
29.89167,-55
29.90000,-55
29.90833,-56
29.91667,-56
29.92500,-57
29.93333,-57
29.94167,-57
29.95000,-58
29.95833,-58
29.96667,-58
29.97500,-58
29.98333,-58
29.99167,-58
30.00000,-58
30.00833,-58
30.01667,-57
30.02500,-57
30.03333,-57
30.04167,-56
30.05000,-56
30.05833,-55
30.06667,-55
30.07500,-54
30.08333,-53
30.09167,-53
30.10000,-52
30.10833,-52
30.11667,-51
30.12500,-50
30.13333,-50
30.14167,-49
30.15000,-48
30.15833,-48
30.16667,-47
30.17500,-47
30.18333,-46
30.19167,-45
30.20000,-44
30.20833,-43
30.21667,-42
30.22500,-41
30.23333,-40
30.24167,-39
30.25000,-38
30.25833,-36
30.26667,-35
30.27500,-34
30.28333,-33
30.29167,-32
30.30000,-30
30.30833,-29
30.31667,-28
30.32500,-28
30.33333,-27
30.34167,-26
30.35000,-25
30.35833,-24
30.36667,-23
30.37500,-23
30.38333,-22
30.39167,-21
30.40000,-21
30.40833,-20
30.41667,-20
30.42500,-20
30.43333,-19
30.44167,-19
30.45000,-18
30.45833,-18
30.46667,-17
30.47500,-17
30.48333,-16
30.49167,-16
30.50000,-16
30.50833,-16
30.51667,-16
30.52500,-15
30.53333,-15
30.54167,-15
30.55000,-15
30.55833,-15
30.56667,-15
30.57500,-15
30.58333,-15
30.59167,-15
30.60000,-15
30.60833,-15
30.61667,-15
30.62500,-15
30.63333,-15
30.64167,-15
30.65000,-15
30.65833,-15
30.66667,-15
30.67500,-16
30.68333,-16
30.69167,-17
30.70000,-17
30.70833,-17
30.71667,-17
30.72500,-18
30.73333,-18
30.74167,-18
30.75000,-19
30.75833,-19
30.76667,-19
30.77500,-19
30.78333,-20
30.79167,-20
30.80000,-21
30.80833,-21
30.81667,-21
30.82500,-22
30.83333,-22
30.84167,-22
30.85000,-22
30.85833,-22
30.86667,-22
30.87500,-22
30.88333,-22
30.89167,-22
30.90000,-22
30.90833,-23
30.91667,-23
30.92500,-23
30.93333,-24
30.94167,-24
30.95000,-23
30.95833,-23
30.96667,-23
30.97500,-23
30.98333,-23
30.99167,-23
31.00000,-23
31.00833,-23
31.01667,-22
31.02500,-22
31.03333,-22
31.04167,-21
31.05000,-21
31.05833,-20
31.06667,-20
31.07500,-19
31.08333,-19
31.09167,-18
31.10000,-18
31.10833,-18
31.11667,-18
31.12500,-17
31.13333,-17
31.14167,-16
31.15000,-16
31.15833,-15
31.16667,-14
31.17500,-14
31.18333,-13
31.19167,-13
31.20000,-12
31.20833,-12
31.21667,-11
31.22500,-11
31.23333,-10
31.24167,-9
31.25000,-9
31.25833,-8
31.26667,-8
31.27500,-7
31.28333,-7
31.29167,-7
31.30000,-7
31.30833,-6
31.31667,-6
31.32500,-5
31.33333,-5
31.34167,-4
31.35000,-4
31.35833,-3
31.36667,-3
31.37500,-3
31.38333,-3
31.39167,-3
31.40000,-2
31.40833,-2
31.41667,-2
31.42500,-1
31.43333,-1
31.44167,-1
31.45000,-1
31.45833,-1
31.46667,-0
31.47500,-0
31.48333,-0
31.49167,-0
31.50000,-0
31.50833,0
31.51667,0
31.52500,1
31.53333,1
31.54167,1
31.55000,1
31.55833,1
31.56667,1
31.57500,2
31.58333,1
31.59167,1
31.60000,1
31.60833,1
31.61667,1
31.62500,1
31.63333,1
31.64167,1
31.65000,1
31.65833,1
31.66667,1
31.67500,1
31.68333,1
31.69167,1
31.70000,0
31.70833,1
31.71667,1
31.72500,1
31.73333,1
31.74167,1
31.75000,1
31.75833,0
31.76667,0
31.77500,0
31.78333,0
31.79167,0
31.80000,0
31.80833,-0
31.81667,-0
31.82500,-0
31.83333,0
31.84167,1
31.85000,1
31.85833,1
31.86667,1
31.87500,1
31.88333,1
31.89167,0
31.90000,0
31.90833,0
31.91667,0
31.92500,0
31.93333,0
31.94167,0
31.95000,0
31.95833,1
31.96667,0
31.97500,1
31.98333,1
31.99167,1
32.00000,1
32.00833,1
32.01667,1
32.02500,1
32.03333,1
32.04167,1
32.05000,0
32.05833,1
32.06667,1
32.07500,1
32.08333,1
32.09167,1
32.10000,1
32.10833,1
32.11667,0
32.12500,0
32.13333,0
32.14167,0
32.15000,0
32.15833,0
32.16667,0
32.17500,1
32.18333,1
32.19167,1
32.20000,1
32.20833,1
32.21667,1
32.22500,1
32.23333,1
32.24167,1
32.25000,1
32.25833,1
32.26667,1
32.27500,1
32.28333,0
32.29167,0
32.30000,0
32.30833,1
32.31667,1
32.32500,1
32.33333,1
32.34167,0
32.35000,0
32.35833,0
32.36667,0
32.37500,0
32.38333,0
32.39167,0
32.40000,0
32.40833,0
32.41667,1
32.42500,0
32.43333,0
32.44167,0
32.45000,-0
32.45833,-0
32.46667,-0
32.47500,-0
32.48333,-0
32.49167,-0
32.50000,-0
32.50833,-1
32.51667,-1
32.52500,-1
32.53333,-0
32.54167,-0
32.55000,-0
32.55833,0
32.56667,0
32.57500,1
32.58333,1
32.59167,1
32.60000,2
32.60833,1
32.61667,1
32.62500,1
32.63333,1
32.64167,1
32.65000,1
32.65833,1
32.66667,1
32.67500,1
32.68333,0
32.69167,0
32.70000,0
32.70833,0
32.71667,0
32.72500,0
32.73333,0
32.74167,0
32.75000,1
32.75833,1
32.76667,1
32.77500,1
32.78333,2
32.79167,2
32.80000,2
32.80833,2
32.81667,2
32.82500,2
32.83333,2
32.84167,2
32.85000,2
32.85833,1
32.86667,1
32.87500,1
32.88333,1
32.89167,1
32.90000,1
32.90833,1
32.91667,1
32.92500,1
32.93333,2
32.94167,2
32.95000,2
32.95833,2
32.96667,2
32.97500,2
32.98333,2
32.99167,1
33.00000,1
33.00833,1
33.01667,1
33.02500,2
33.03333,2
33.04167,2
33.05000,2
33.05833,1
33.06667,1
33.07500,1
33.08333,1
33.09167,1
33.10000,1
33.10833,0
33.11667,0
33.12500,0
33.13333,0
33.14167,0
33.15000,0
33.15833,-0
33.16667,-0
33.17500,-0
33.18333,0
33.19167,0
33.20000,0
33.20833,0
33.21667,0
33.22500,0
33.23333,0
33.24167,0
33.25000,0
33.25833,0
33.26667,1
33.27500,1
33.28333,0
33.29167,0
33.30000,0
33.30833,0
33.31667,0
33.32500,0
33.33333,1
33.34167,1
33.35000,1
33.35833,1
33.36667,1
33.37500,1
33.38333,1
33.39167,0
33.40000,0
33.40833,0
33.41667,0
33.42500,0
33.43333,0
33.44167,-0
33.45000,-0
33.45833,-0
33.46667,-0
33.47500,-0
33.48333,0
33.49167,0
33.50000,0
33.50833,0
33.51667,-0
33.52500,-0
33.53333,-0
33.54167,-0
33.55000,-0
33.55833,-0
33.56667,-1
33.57500,-1
33.58333,-0
33.59167,0
33.60000,0
33.60833,1
33.61667,1
33.62500,1
33.63333,1
33.64167,1
33.65000,1
33.65833,1
33.66667,0
33.67500,0
33.68333,1
33.69167,1
33.70000,1
33.70833,0
33.71667,0
33.72500,1
33.73333,1
33.74167,1
33.75000,1
33.75833,1
33.76667,1
33.77500,1
33.78333,1
33.79167,1
33.80000,2
33.80833,1
33.81667,1
33.82500,1
33.83333,1
33.84167,2
33.85000,2
33.85833,2
33.86667,1
33.87500,1
33.88333,1
33.89167,1
33.90000,1
33.90833,1
33.91667,1
33.92500,1
33.93333,0
33.94167,0
33.95000,0
33.95833,0
33.96667,0
33.97500,0
33.98333,0
33.99167,1
34.00000,1
34.00833,1
34.01667,1
34.02500,1
34.03333,1
34.04167,1
34.05000,1
34.05833,1
34.06667,1
34.07500,1
34.08333,1
34.09167,1
34.10000,1
34.10833,0
34.11667,0
34.12500,0
34.13333,0
34.14167,0
34.15000,0
34.15833,1
34.16667,1
34.17500,0
34.18333,0
34.19167,0
34.20000,0
34.20833,0
34.21667,0
34.22500,0
34.23333,0
34.24167,-0
34.25000,-0
34.25833,0
34.26667,0
34.27500,0
34.28333,0
34.29167,0
34.30000,1
34.30833,1
34.31667,1
34.32500,0
34.33333,-0
34.34167,-0
34.35000,-0
34.35833,-0
34.36667,-0
34.37500,0
34.38333,0
34.39167,0
34.40000,0
34.40833,0
34.41667,0
34.42500,0
34.43333,0
34.44167,1
34.45000,1
34.45833,1
34.46667,1
34.47500,1
34.48333,1
34.49167,1
34.50000,0
34.50833,0
34.51667,0
34.52500,1
34.53333,1
34.54167,1
34.55000,1
34.55833,1
34.56667,1
34.57500,1
34.58333,0
34.59167,0
34.60000,0
34.60833,1
34.61667,0
34.62500,-0
34.63333,-0
34.64167,-0
34.65000,-0
34.65833,-0
34.66667,-0
34.67500,-0
34.68333,-0
34.69167,-0
34.70000,-0
34.70833,-0
34.71667,0
34.72500,0
34.73333,0
34.74167,0
34.75000,0
34.75833,1
34.76667,1
34.77500,1
34.78333,1
34.79167,1
34.80000,1
34.80833,1
34.81667,1
34.82500,1
34.83333,0
34.84167,0
34.85000,0
34.85833,0
34.86667,0
34.87500,0
34.88333,-0
34.89167,-0
34.90000,-0
34.90833,-0
34.91667,0
34.92500,0
34.93333,0
34.94167,-0
34.95000,-0
34.95833,-0
34.96667,0
34.97500,0
34.98333,0
34.99167,0
35.00000,1
35.00833,0
35.01667,0
35.02500,0
35.03333,0
35.04167,0
35.05000,0
35.05833,0
35.06667,0
35.07500,0
35.08333,0
35.09167,1
35.10000,1
35.10833,1
35.11667,1
35.12500,1
35.13333,1
35.14167,1
35.15000,1
35.15833,1
35.16667,1
35.17500,1
35.18333,1
35.19167,1
35.20000,1
35.20833,1
35.21667,1
35.22500,1
35.23333,1
35.24167,1
35.25000,0
35.25833,0
35.26667,0
35.27500,1
35.28333,1
35.29167,1
35.30000,2
35.30833,1
35.31667,1
35.32500,1
35.33333,1
35.34167,1
35.35000,1
35.35833,1
35.36667,1
35.37500,1
35.38333,1
35.39167,1
35.40000,1
35.40833,1
35.41667,1
35.42500,2
35.43333,2
35.44167,2
35.45000,2
35.45833,2
35.46667,2
35.47500,1
35.48333,1
35.49167,1
35.50000,1
35.50833,1
35.51667,1
35.52500,1
35.53333,1
35.54167,1
35.55000,1
35.55833,0
35.56667,0
35.57500,0
35.58333,0
35.59167,0
35.60000,0
35.60833,0
35.61667,1
35.62500,1
35.63333,0
35.64167,0
35.65000,1
35.65833,1
35.66667,1
35.67500,1
35.68333,1
35.69167,1
35.70000,1
35.70833,1
35.71667,0
35.72500,0
35.73333,-0
35.74167,-0
35.75000,-0
35.75833,-0
35.76667,-0
35.77500,0
35.78333,0
35.79167,1
35.80000,1
35.80833,1
35.81667,0
35.82500,1
35.83333,1
35.84167,1
35.85000,1
35.85833,1
35.86667,1
35.87500,1
35.88333,1
35.89167,1
35.90000,1
35.90833,1
35.91667,0
35.92500,0
35.93333,0
35.94167,0
35.95000,0
35.95833,-0
35.96667,-0
35.97500,-0
35.98333,-1
35.99167,-1
36.00000,-0
36.00833,-0
36.01667,0
36.02500,0
36.03333,0
36.04167,0
36.05000,0
36.05833,0
36.06667,0
36.07500,1
36.08333,1
36.09167,1
36.10000,1
36.10833,1
36.11667,1
36.12500,1
36.13333,1
36.14167,0
36.15000,0
36.15833,1
36.16667,1
36.17500,1
36.18333,1
36.19167,1
36.20000,1
36.20833,1
36.21667,1
36.22500,1
36.23333,1
36.24167,1
36.25000,1
36.25833,1
36.26667,1
36.27500,1
36.28333,1
36.29167,1
36.30000,1
36.30833,0
36.31667,0
36.32500,0
36.33333,1
36.34167,1
36.35000,1
36.35833,1
36.36667,1
36.37500,1
36.38333,1
36.39167,1
36.40000,1
36.40833,1
36.41667,1
36.42500,1
36.43333,0
36.44167,-0
36.45000,-0
36.45833,0
36.46667,0
36.47500,0
36.48333,0
36.49167,0
36.50000,0
36.50833,-0
36.51667,-0
36.52500,-0
36.53333,0
36.54167,0
36.55000,0
36.55833,0
36.56667,0
36.57500,-0
36.58333,-0
36.59167,-0
36.60000,0
36.60833,0
36.61667,0
36.62500,1
36.63333,1
36.64167,1
36.65000,1
36.65833,1
36.66667,1
36.67500,1
36.68333,1
36.69167,1
36.70000,1
36.70833,1
36.71667,1
36.72500,1
36.73333,1
36.74167,1
36.75000,1
36.75833,1
36.76667,1
36.77500,1
36.78333,1
36.79167,1
36.80000,1
36.80833,1
36.81667,1
36.82500,1
36.83333,1
36.84167,1
36.85000,1
36.85833,0
36.86667,0
36.87500,0
36.88333,0
36.89167,0
36.90000,0
36.90833,0
36.91667,0
36.92500,0
36.93333,-0
36.94167,-0
36.95000,-0
36.95833,-0
36.96667,-0
36.97500,0
36.98333,0
36.99167,0
37.00000,-0
37.00833,-0
37.01667,-0
37.02500,0
37.03333,0
37.04167,0
37.05000,0
37.05833,0
37.06667,1
37.07500,1
37.08333,1
37.09167,1
37.10000,1
37.10833,0
37.11667,-0
37.12500,-0
37.13333,-0
37.14167,0
37.15000,-0
37.15833,-0
37.16667,-0
37.17500,-0
37.18333,-0
37.19167,-0
37.20000,-0
37.20833,0
37.21667,1
37.22500,1
37.23333,1
37.24167,1
37.25000,1
37.25833,1
37.26667,0
37.27500,-0
37.28333,-0
37.29167,-0
37.30000,0
37.30833,0
37.31667,0
37.32500,-0
37.33333,-0
37.34167,-0
37.35000,-0
37.35833,0
37.36667,0
37.37500,0
37.38333,0
37.39167,0
37.40000,0
37.40833,-0
37.41667,-0
37.42500,-0
37.43333,-0
37.44167,-0
37.45000,0
37.45833,0
37.46667,1
37.47500,1
37.48333,1
37.49167,1
37.50000,1
37.50833,0
37.51667,0
37.52500,0
37.53333,0
37.54167,0
37.55000,1
37.55833,1
37.56667,1
37.57500,1
37.58333,0
37.59167,0
37.60000,-0
37.60833,-0
37.61667,-1
37.62500,-1
37.63333,-1
37.64167,-0
37.65000,-0
37.65833,-0
37.66667,-0
37.67500,-0
37.68333,0
37.69167,0
37.70000,1
37.70833,1
37.71667,1
37.72500,1
37.73333,1
37.74167,1
37.75000,1
37.75833,1
37.76667,1
37.77500,1
37.78333,1
37.79167,1
37.80000,1
37.80833,1
37.81667,1
37.82500,1
37.83333,1
37.84167,1
37.85000,1
37.85833,1
37.86667,0
37.87500,0
37.88333,-0
37.89167,-0
37.90000,-0
37.90833,-0
37.91667,0
37.92500,1
37.93333,1
37.94167,1
37.95000,2
37.95833,2
37.96667,2
37.97500,2
37.98333,2
37.99167,1
38.00000,1
38.00833,1
38.01667,1
38.02500,1
38.03333,1
38.04167,0
38.05000,0
38.05833,0
38.06667,0
38.07500,0
38.08333,0
38.09167,0
38.10000,0
38.10833,0
38.11667,0
38.12500,0
38.13333,0
38.14167,0
38.15000,0
38.15833,-0
38.16667,-0
38.17500,-0
38.18333,0
38.19167,0
38.20000,0
38.20833,-0
38.21667,-0
38.22500,-0
38.23333,-0
38.24167,-0
38.25000,-0
38.25833,-0
38.26667,-0
38.27500,-0
38.28333,-0
38.29167,-1
38.30000,-1
38.30833,-1
38.31667,-1
38.32500,-0
38.33333,-0
38.34167,-0
38.35000,0
38.35833,0
38.36667,0
38.37500,0
38.38333,0
38.39167,0
38.40000,0
38.40833,0
38.41667,0
38.42500,-0
38.43333,-0
38.44167,-1
38.45000,-1
38.45833,-1
38.46667,-0
38.47500,-0
38.48333,-0
38.49167,-1
38.50000,-1
38.50833,-1
38.51667,-1
38.52500,-1
38.53333,-1
38.54167,-1
38.55000,-1
38.55833,-2
38.56667,-1
38.57500,-1
38.58333,-1
38.59167,-1
38.60000,-1
38.60833,-0
38.61667,-0
38.62500,-0
38.63333,-0
38.64167,-0
38.65000,-1
38.65833,-1
38.66667,-1
38.67500,-1
38.68333,-1
38.69167,-1
38.70000,-1
38.70833,-1
38.71667,-1
38.72500,-1
38.73333,-2
38.74167,-1
38.75000,-1
38.75833,-1
38.76667,-1
38.77500,-1
38.78333,-0
38.79167,-1
38.80000,-1
38.80833,-1
38.81667,-1
38.82500,-1
38.83333,-1
38.84167,-1
38.85000,-1
38.85833,-1
38.86667,-1
38.87500,-1
38.88333,-1
38.89167,-1
38.90000,-1
38.90833,-1
38.91667,-1
38.92500,-1
38.93333,-1
38.94167,-1
38.95000,-1
38.95833,-1
38.96667,-2
38.97500,-2
38.98333,-2
38.99167,-1
39.00000,-1
39.00833,-1
39.01667,-1
39.02500,-2
39.03333,-2
39.04167,-1
39.05000,-1
39.05833,-1
39.06667,-1
39.07500,-1
39.08333,-1
39.09167,-0
39.10000,-1
39.10833,-1
39.11667,-1
39.12500,-1
39.13333,-1
39.14167,-1
39.15000,-1
39.15833,-1
39.16667,-1
39.17500,-1
39.18333,-1
39.19167,-1
39.20000,-1
39.20833,-1
39.21667,-1
39.22500,-1
39.23333,-1
39.24167,-1
39.25000,-1
39.25833,-1
39.26667,-1
39.27500,-1
39.28333,-2
39.29167,-2
39.30000,-2
39.30833,-2
39.31667,-2
39.32500,-2
39.33333,-2
39.34167,-2
39.35000,-2
39.35833,-1
39.36667,-1
39.37500,-1
39.38333,-0
39.39167,-0
39.40000,-0
39.40833,-1
39.41667,-1
39.42500,-1
39.43333,-0
39.44167,-0
39.45000,-0
39.45833,-0
39.46667,-1
39.47500,-0
39.48333,-0
39.49167,-0
39.50000,-0
39.50833,-1
39.51667,-1
39.52500,-1
39.53333,-2
39.54167,-2
39.55000,-2
39.55833,-1
39.56667,-1
39.57500,-1
39.58333,-1
39.59167,-1
39.60000,-1
39.60833,-1
39.61667,-1
39.62500,-1
39.63333,-1
39.64167,-1
39.65000,-2
39.65833,-2
39.66667,-1
39.67500,-1
39.68333,-1
39.69167,-1
39.70000,-1
39.70833,-2
39.71667,-2
39.72500,-2
39.73333,-2
39.74167,-2
39.75000,-2
39.75833,-2
39.76667,-2
39.77500,-1
39.78333,-1
39.79167,-1
39.80000,-1
39.80833,-2
39.81667,-2
39.82500,-2
39.83333,-2
39.84167,-2
39.85000,-2
39.85833,-1
39.86667,-1
39.87500,-1
39.88333,-1
39.89167,-1
39.90000,-2
39.90833,-2
39.91667,-2
39.92500,-2
39.93333,-2
39.94167,-2
39.95000,-2
39.95833,-2
39.96667,-2
39.97500,-2
39.98333,-1
39.99167,-1
40.00000,-2

