[Header]
Application Name,LabSolutions
Version,5.97 SP1
Data File Name,C:\Users\cremerlab\Desktop\griffin\2021-04-27_REL606_acetate_turnover_redux\2021-04-27_REL606_DM_acetate_turnover_4282021_001_009.lcd
Output Date,4/28/2021
Output Time,6:19:22 PM

[File Information]
Type,Data File
Generated,4/28/2021 5:39:03 PM
Generated by,System Administrator
Modified,4/28/2021 6:19:22 PM
Modified by,System Administrator

[Sample Information]
Operator Name,System Administrator
Acquired,4/28/2021 5:39:21 PM
Sample Type,0:Unknown
Level,0
Sample Name,2021-04-07_REL606_replicate_003_timepoint_001
Sample ID,001
ISTD Amount1,1
ISTD Amount2,1
ISTD Amount3,1
ISTD Amount4,1
ISTD Amount5,1
ISTD Amount6,1
ISTD Amount7,1
ISTD Amount8,1
ISTD Amount9,1
ISTD Amount10,1
ISTD Amount11,1
ISTD Amount12,1
ISTD Amount13,1
ISTD Amount14,1
ISTD Amount15,1
ISTD Amount16,1
ISTD Amount17,1
ISTD Amount18,1
ISTD Amount19,1
ISTD Amount20,1
ISTD Amount21,1
ISTD Amount22,1
ISTD Amount23,1
ISTD Amount24,1
ISTD Amount25,1
ISTD Amount26,1
ISTD Amount27,1
ISTD Amount28,1
ISTD Amount29,1
ISTD Amount30,1
ISTD Amount31,1
ISTD Amount32,1
Sample Amount,1
Dilution Factor,1
Vial#,19
Injection Volume,20

[Original Files]
Data File,C:\Users\cremerlab\Desktop\griffin\2021-04-27_REL606_acetate_turnover_redux\2021-04-27_REL606_DM_acetate_turnover_4282021_001_009.lcd
Method File,C:\Users\cremerlab\Desktop\griffin\2.5mM_H2SO4_mobile_phase.lcm
Batch File,C:\Users\cremerlab\Desktop\griffin\2021-04-27_REL606_acetate_turnover_redux\2021-04-27_REL606_DM_acetate_turnover.lcb
Report Format File,c:\LabSolutions\System\DEFAULT.lsr

[File Description]


[Configuration]
Instrument Name,HPLC-PC-Instrument1
Instrument #,1
Line #,1
# of Detectors,2
Detector ID,Detector A,Detector B
Detector Name,Detector A,Detector B
# of Channels,1,1

[Peak Table(Detector A)]
# of Peaks,0

[Peak Table(Detector B)]
# of Peaks,7
Peak#,R.Time,I.Time,F.Time,Area,Height,A/H,Conc.,Mark,ID#,Name,k',Plate #,Plate Ht.,Tailing,Resolution,Sep.Factor,Area Ratio,Height Ratio,Conc. %,Norm Conc.
1,4.331,4.075,4.783,1031,43,23.698,0.000,   ,,,0.000,727,206.364,1.269,0.000,0.000,0,0,0.000,0.000
2,10.932,10.450,12.258,245744,13745,17.878,0.000,   ,,,1.524,9324,16.088,1.118,12.052,0.000,0,0,0.000,0.000
3,13.959,12.617,14.275,1552343,42054,36.913,0.000,   ,,,2.223,3209,46.739,0.000,4.208,1.459,0,0,0.000,0.000
4,14.498,14.275,15.142,156243,7255,21.535,0.000, V ,,,2.347,9538,15.727,0.000,0.682,1.056,0,0,0.000,0.000
5,15.297,15.142,16.108,5437,211,25.825,0.000, V ,,,2.532,1410,106.411,0.000,0.719,1.079,0,0,0.000,0.000
6,19.250,18.925,19.725,2137,95,22.560,0.000,   ,,,3.445,15890,9.440,1.170,3.529,1.360,0,0,0.000,0.000
7,25.135,24.392,26.200,336353,11354,29.623,0.000,   ,,,4.803,16471,9.107,1.079,8.443,1.395,0,0,0.000,0.000

[LC Chromatogram(Detector B-Ch1)]
Interval(msec),500
# of Points,4801
Start Time(min),0.000
End Time(min),40.000
Intensity Units,mV
Intensity Multiplier,0.001
R.Time (min),Intensity
0.00000,165
0.00833,165
0.01667,74
0.02500,2
0.03333,4
0.04167,6
0.05000,7
0.05833,9
0.06667,10
0.07500,12
0.08333,13
0.09167,14
0.10000,15
0.10833,16
0.11667,18
0.12500,19
0.13333,20
0.14167,21
0.15000,22
0.15833,23
0.16667,24
0.17500,24
0.18333,25
0.19167,26
0.20000,26
0.20833,26
0.21667,27
0.22500,27
0.23333,28
0.24167,29
0.25000,29
0.25833,30
0.26667,30
0.27500,31
0.28333,31
0.29167,32
0.30000,32
0.30833,32
0.31667,33
0.32500,33
0.33333,34
0.34167,34
0.35000,35
0.35833,35
0.36667,35
0.37500,36
0.38333,36
0.39167,36
0.40000,36
0.40833,36
0.41667,37
0.42500,36
0.43333,36
0.44167,36
0.45000,36
0.45833,36
0.46667,36
0.47500,36
0.48333,36
0.49167,36
0.50000,36
0.50833,36
0.51667,35
0.52500,35
0.53333,35
0.54167,35
0.55000,35
0.55833,36
0.56667,36
0.57500,36
0.58333,36
0.59167,36
0.60000,36
0.60833,36
0.61667,35
0.62500,35
0.63333,35
0.64167,34
0.65000,34
0.65833,34
0.66667,34
0.67500,34
0.68333,34
0.69167,33
0.70000,33
0.70833,32
0.71667,32
0.72500,32
0.73333,32
0.74167,32
0.75000,32
0.75833,32
0.76667,32
0.77500,32
0.78333,32
0.79167,31
0.80000,31
0.80833,31
0.81667,30
0.82500,30
0.83333,30
0.84167,30
0.85000,30
0.85833,30
0.86667,29
0.87500,29
0.88333,29
0.89167,29
0.90000,28
0.90833,28
0.91667,27
0.92500,27
0.93333,27
0.94167,26
0.95000,26
0.95833,26
0.96667,26
0.97500,26
0.98333,26
0.99167,26
1.00000,25
1.00833,25
1.01667,24
1.02500,24
1.03333,24
1.04167,24
1.05000,23
1.05833,23
1.06667,23
1.07500,22
1.08333,22
1.09167,22
1.10000,21
1.10833,20
1.11667,20
1.12500,20
1.13333,20
1.14167,19
1.15000,19
1.15833,19
1.16667,19
1.17500,19
1.18333,19
1.19167,19
1.20000,19
1.20833,18
1.21667,18
1.22500,18
1.23333,17
1.24167,17
1.25000,17
1.25833,16
1.26667,16
1.27500,16
1.28333,16
1.29167,15
1.30000,15
1.30833,15
1.31667,15
1.32500,15
1.33333,15
1.34167,15
1.35000,15
1.35833,15
1.36667,14
1.37500,14
1.38333,14
1.39167,13
1.40000,13
1.40833,13
1.41667,13
1.42500,13
1.43333,12
1.44167,12
1.45000,12
1.45833,11
1.46667,11
1.47500,11
1.48333,10
1.49167,10
1.50000,10
1.50833,10
1.51667,9
1.52500,9
1.53333,9
1.54167,9
1.55000,9
1.55833,8
1.56667,8
1.57500,7
1.58333,7
1.59167,8
1.60000,8
1.60833,8
1.61667,8
1.62500,7
1.63333,7
1.64167,7
1.65000,7
1.65833,7
1.66667,6
1.67500,6
1.68333,6
1.69167,6
1.70000,6
1.70833,5
1.71667,5
1.72500,6
1.73333,5
1.74167,6
1.75000,6
1.75833,6
1.76667,5
1.77500,5
1.78333,5
1.79167,5
1.80000,5
1.80833,5
1.81667,5
1.82500,5
1.83333,4
1.84167,4
1.85000,4
1.85833,4
1.86667,4
1.87500,3
1.88333,3
1.89167,3
1.90000,3
1.90833,3
1.91667,2
1.92500,2
1.93333,2
1.94167,2
1.95000,2
1.95833,2
1.96667,2
1.97500,2
1.98333,2
1.99167,2
2.00000,1
2.00833,1
2.01667,1
2.02500,1
2.03333,1
2.04167,2
2.05000,2
2.05833,2
2.06667,2
2.07500,2
2.08333,1
2.09167,1
2.10000,1
2.10833,0
2.11667,0
2.12500,0
2.13333,0
2.14167,1
2.15000,1
2.15833,0
2.16667,0
2.17500,-0
2.18333,-1
2.19167,-1
2.20000,-1
2.20833,-2
2.21667,-2
2.22500,-3
2.23333,-3
2.24167,-3
2.25000,-4
2.25833,-4
2.26667,-4
2.27500,-5
2.28333,-5
2.29167,-5
2.30000,-6
2.30833,-6
2.31667,-7
2.32500,-8
2.33333,-9
2.34167,-10
2.35000,-11
2.35833,-12
2.36667,-14
2.37500,-15
2.38333,-16
2.39167,-17
2.40000,-18
2.40833,-20
2.41667,-22
2.42500,-23
2.43333,-25
2.44167,-28
2.45000,-30
2.45833,-33
2.46667,-36
2.47500,-38
2.48333,-42
2.49167,-45
2.50000,-49
2.50833,-53
2.51667,-57
2.52500,-61
2.53333,-65
2.54167,-70
2.55000,-75
2.55833,-80
2.56667,-86
2.57500,-91
2.58333,-97
2.59167,-103
2.60000,-109
2.60833,-116
2.61667,-123
2.62500,-130
2.63333,-138
2.64167,-146
2.65000,-154
2.65833,-163
2.66667,-171
2.67500,-181
2.68333,-190
2.69167,-201
2.70000,-211
2.70833,-222
2.71667,-233
2.72500,-244
2.73333,-255
2.74167,-266
2.75000,-278
2.75833,-290
2.76667,-302
2.77500,-315
2.78333,-327
2.79167,-340
2.80000,-352
2.80833,-366
2.81667,-379
2.82500,-393
2.83333,-406
2.84167,-420
2.85000,-434
2.85833,-448
2.86667,-462
2.87500,-476
2.88333,-490
2.89167,-504
2.90000,-519
2.90833,-533
2.91667,-547
2.92500,-561
2.93333,-575
2.94167,-589
2.95000,-603
2.95833,-617
2.96667,-630
2.97500,-644
2.98333,-657
2.99167,-670
3.00000,-682
3.00833,-695
3.01667,-708
3.02500,-720
3.03333,-732
3.04167,-744
3.05000,-756
3.05833,-767
3.06667,-778
3.07500,-789
3.08333,-800
3.09167,-810
3.10000,-820
3.10833,-830
3.11667,-839
3.12500,-849
3.13333,-858
3.14167,-867
3.15000,-875
3.15833,-883
3.16667,-891
3.17500,-898
3.18333,-906
3.19167,-913
3.20000,-920
3.20833,-927
3.21667,-933
3.22500,-940
3.23333,-946
3.24167,-952
3.25000,-957
3.25833,-962
3.26667,-968
3.27500,-973
3.28333,-977
3.29167,-982
3.30000,-987
3.30833,-991
3.31667,-995
3.32500,-999
3.33333,-1002
3.34167,-1006
3.35000,-1009
3.35833,-1013
3.36667,-1016
3.37500,-1019
3.38333,-1022
3.39167,-1025
3.40000,-1028
3.40833,-1030
3.41667,-1033
3.42500,-1035
3.43333,-1037
3.44167,-1039
3.45000,-1042
3.45833,-1044
3.46667,-1046
3.47500,-1048
3.48333,-1049
3.49167,-1051
3.50000,-1053
3.50833,-1054
3.51667,-1056
3.52500,-1058
3.53333,-1059
3.54167,-1060
3.55000,-1062
3.55833,-1064
3.56667,-1065
3.57500,-1067
3.58333,-1068
3.59167,-1069
3.60000,-1070
3.60833,-1071
3.61667,-1073
3.62500,-1074
3.63333,-1075
3.64167,-1076
3.65000,-1078
3.65833,-1079
3.66667,-1080
3.67500,-1081
3.68333,-1082
3.69167,-1083
3.70000,-1083
3.70833,-1084
3.71667,-1084
3.72500,-1084
3.73333,-1085
3.74167,-1085
3.75000,-1086
3.75833,-1086
3.76667,-1087
3.77500,-1087
3.78333,-1087
3.79167,-1087
3.80000,-1087
3.80833,-1087
3.81667,-1087
3.82500,-1087
3.83333,-1087
3.84167,-1087
3.85000,-1086
3.85833,-1086
3.86667,-1086
3.87500,-1086
3.88333,-1086
3.89167,-1085
3.90000,-1085
3.90833,-1084
3.91667,-1083
3.92500,-1082
3.93333,-1081
3.94167,-1080
3.95000,-1079
3.95833,-1078
3.96667,-1078
3.97500,-1076
3.98333,-1075
3.99167,-1073
4.00000,-1072
4.00833,-1071
4.01667,-1070
4.02500,-1068
4.03333,-1067
4.04167,-1066
4.05000,-1064
4.05833,-1062
4.06667,-1061
4.07500,-1059
4.08333,-1057
4.09167,-1056
4.10000,-1055
4.10833,-1053
4.11667,-1051
4.12500,-1049
4.13333,-1048
4.14167,-1046
4.15000,-1045
4.15833,-1043
4.16667,-1042
4.17500,-1041
4.18333,-1040
4.19167,-1038
4.20000,-1037
4.20833,-1036
4.21667,-1035
4.22500,-1034
4.23333,-1033
4.24167,-1032
4.25000,-1031
4.25833,-1030
4.26667,-1029
4.27500,-1029
4.28333,-1028
4.29167,-1028
4.30000,-1028
4.30833,-1028
4.31667,-1028
4.32500,-1027
4.33333,-1027
4.34167,-1028
4.35000,-1028
4.35833,-1028
4.36667,-1029
4.37500,-1029
4.38333,-1029
4.39167,-1030
4.40000,-1030
4.40833,-1031
4.41667,-1032
4.42500,-1033
4.43333,-1034
4.44167,-1035
4.45000,-1036
4.45833,-1037
4.46667,-1038
4.47500,-1040
4.48333,-1041
4.49167,-1043
4.50000,-1045
4.50833,-1047
4.51667,-1049
4.52500,-1050
4.53333,-1052
4.54167,-1054
4.55000,-1056
4.55833,-1058
4.56667,-1059
4.57500,-1061
4.58333,-1063
4.59167,-1065
4.60000,-1067
4.60833,-1068
4.61667,-1070
4.62500,-1071
4.63333,-1072
4.64167,-1074
4.65000,-1075
4.65833,-1077
4.66667,-1078
4.67500,-1080
4.68333,-1081
4.69167,-1083
4.70000,-1084
4.70833,-1086
4.71667,-1087
4.72500,-1088
4.73333,-1089
4.74167,-1089
4.75000,-1090
4.75833,-1091
4.76667,-1091
4.77500,-1091
4.78333,-1092
4.79167,-1092
4.80000,-1091
4.80833,-1091
4.81667,-1091
4.82500,-1090
4.83333,-1089
4.84167,-1088
4.85000,-1087
4.85833,-1087
4.86667,-1086
4.87500,-1085
4.88333,-1084
4.89167,-1082
4.90000,-1081
4.90833,-1079
4.91667,-1077
4.92500,-1075
4.93333,-1072
4.94167,-1070
4.95000,-1068
4.95833,-1066
4.96667,-1064
4.97500,-1061
4.98333,-1059
4.99167,-1056
5.00000,-1054
5.00833,-1051
5.01667,-1048
5.02500,-1044
5.03333,-1041
5.04167,-1038
5.05000,-1035
5.05833,-1031
5.06667,-1027
5.07500,-1023
5.08333,-1020
5.09167,-1016
5.10000,-1012
5.10833,-1008
5.11667,-1004
5.12500,-1001
5.13333,-997
5.14167,-993
5.15000,-990
5.15833,-986
5.16667,-982
5.17500,-978
5.18333,-974
5.19167,-969
5.20000,-965
5.20833,-961
5.21667,-957
5.22500,-953
5.23333,-949
5.24167,-945
5.25000,-941
5.25833,-936
5.26667,-932
5.27500,-928
5.28333,-924
5.29167,-920
5.30000,-916
5.30833,-911
5.31667,-907
5.32500,-903
5.33333,-899
5.34167,-895
5.35000,-891
5.35833,-887
5.36667,-883
5.37500,-879
5.38333,-875
5.39167,-871
5.40000,-867
5.40833,-863
5.41667,-859
5.42500,-856
5.43333,-852
5.44167,-848
5.45000,-844
5.45833,-840
5.46667,-837
5.47500,-834
5.48333,-830
5.49167,-826
5.50000,-822
5.50833,-819
5.51667,-815
5.52500,-811
5.53333,-808
5.54167,-804
5.55000,-800
5.55833,-797
5.56667,-793
5.57500,-790
5.58333,-786
5.59167,-783
5.60000,-780
5.60833,-777
5.61667,-773
5.62500,-770
5.63333,-767
5.64167,-763
5.65000,-759
5.65833,-756
5.66667,-753
5.67500,-750
5.68333,-747
5.69167,-744
5.70000,-740
5.70833,-737
5.71667,-734
5.72500,-732
5.73333,-729
5.74167,-726
5.75000,-722
5.75833,-719
5.76667,-716
5.77500,-713
5.78333,-710
5.79167,-706
5.80000,-703
5.80833,-700
5.81667,-697
5.82500,-694
5.83333,-691
5.84167,-688
5.85000,-685
5.85833,-682
5.86667,-679
5.87500,-676
5.88333,-673
5.89167,-670
5.90000,-667
5.90833,-664
5.91667,-661
5.92500,-658
5.93333,-655
5.94167,-652
5.95000,-649
5.95833,-647
5.96667,-644
5.97500,-641
5.98333,-637
5.99167,-634
6.00000,-631
6.00833,-628
6.01667,-625
6.02500,-622
6.03333,-619
6.04167,-616
6.05000,-613
6.05833,-610
6.06667,-607
6.07500,-604
6.08333,-601
6.09167,-597
6.10000,-594
6.10833,-591
6.11667,-588
6.12500,-585
6.13333,-582
6.14167,-579
6.15000,-575
6.15833,-572
6.16667,-569
6.17500,-566
6.18333,-563
6.19167,-560
6.20000,-557
6.20833,-553
6.21667,-550
6.22500,-547
6.23333,-544
6.24167,-541
6.25000,-538
6.25833,-534
6.26667,-531
6.27500,-528
6.28333,-524
6.29167,-521
6.30000,-518
6.30833,-515
6.31667,-511
6.32500,-508
6.33333,-505
6.34167,-501
6.35000,-498
6.35833,-494
6.36667,-490
6.37500,-487
6.38333,-483
6.39167,-479
6.40000,-476
6.40833,-473
6.41667,-469
6.42500,-466
6.43333,-462
6.44167,-459
6.45000,-456
6.45833,-452
6.46667,-449
6.47500,-445
6.48333,-442
6.49167,-438
6.50000,-435
6.50833,-431
6.51667,-428
6.52500,-425
6.53333,-422
6.54167,-419
6.55000,-415
6.55833,-412
6.56667,-408
6.57500,-404
6.58333,-401
6.59167,-397
6.60000,-394
6.60833,-390
6.61667,-387
6.62500,-383
6.63333,-380
6.64167,-377
6.65000,-374
6.65833,-371
6.66667,-368
6.67500,-364
6.68333,-361
6.69167,-357
6.70000,-353
6.70833,-350
6.71667,-347
6.72500,-344
6.73333,-341
6.74167,-338
6.75000,-335
6.75833,-332
6.76667,-329
6.77500,-325
6.78333,-323
6.79167,-320
6.80000,-317
6.80833,-314
6.81667,-311
6.82500,-308
6.83333,-305
6.84167,-303
6.85000,-300
6.85833,-297
6.86667,-294
6.87500,-291
6.88333,-289
6.89167,-286
6.90000,-283
6.90833,-281
6.91667,-278
6.92500,-275
6.93333,-273
6.94167,-270
6.95000,-267
6.95833,-264
6.96667,-262
6.97500,-259
6.98333,-257
6.99167,-255
7.00000,-253
7.00833,-251
7.01667,-249
7.02500,-247
7.03333,-245
7.04167,-242
7.05000,-240
7.05833,-238
7.06667,-236
7.07500,-234
7.08333,-232
7.09167,-230
7.10000,-228
7.10833,-226
7.11667,-224
7.12500,-223
7.13333,-221
7.14167,-219
7.15000,-217
7.15833,-216
7.16667,-214
7.17500,-213
7.18333,-211
7.19167,-210
7.20000,-208
7.20833,-207
7.21667,-205
7.22500,-204
7.23333,-203
7.24167,-201
7.25000,-200
7.25833,-199
7.26667,-198
7.27500,-197
7.28333,-195
7.29167,-194
7.30000,-192
7.30833,-191
7.31667,-190
7.32500,-189
7.33333,-188
7.34167,-187
7.35000,-186
7.35833,-185
7.36667,-183
7.37500,-182
7.38333,-181
7.39167,-181
7.40000,-180
7.40833,-179
7.41667,-178
7.42500,-176
7.43333,-176
7.44167,-175
7.45000,-174
7.45833,-173
7.46667,-173
7.47500,-172
7.48333,-171
7.49167,-170
7.50000,-169
7.50833,-168
7.51667,-167
7.52500,-166
7.53333,-165
7.54167,-165
7.55000,-164
7.55833,-163
7.56667,-163
7.57500,-162
7.58333,-162
7.59167,-161
7.60000,-160
7.60833,-159
7.61667,-159
7.62500,-158
7.63333,-157
7.64167,-157
7.65000,-156
7.65833,-156
7.66667,-155
7.67500,-154
7.68333,-153
7.69167,-152
7.70000,-152
7.70833,-151
7.71667,-150
7.72500,-150
7.73333,-149
7.74167,-149
7.75000,-148
7.75833,-148
7.76667,-147
7.77500,-147
7.78333,-146
7.79167,-146
7.80000,-145
7.80833,-144
7.81667,-144
7.82500,-143
7.83333,-142
7.84167,-142
7.85000,-142
7.85833,-141
7.86667,-141
7.87500,-140
7.88333,-140
7.89167,-139
7.90000,-138
7.90833,-137
7.91667,-137
7.92500,-136
7.93333,-135
7.94167,-135
7.95000,-134
7.95833,-134
7.96667,-133
7.97500,-133
7.98333,-132
7.99167,-132
8.00000,-131
8.00833,-130
8.01667,-129
8.02500,-128
8.03333,-128
8.04167,-127
8.05000,-127
8.05833,-126
8.06667,-126
8.07500,-125
8.08333,-125
8.09167,-124
8.10000,-123
8.10833,-123
8.11667,-122
8.12500,-122
8.13333,-121
8.14167,-121
8.15000,-121
8.15833,-120
8.16667,-120
8.17500,-119
8.18333,-119
8.19167,-118
8.20000,-117
8.20833,-117
8.21667,-116
8.22500,-116
8.23333,-116
8.24167,-115
8.25000,-115
8.25833,-114
8.26667,-114
8.27500,-113
8.28333,-113
8.29167,-112
8.30000,-111
8.30833,-110
8.31667,-110
8.32500,-109
8.33333,-109
8.34167,-108
8.35000,-108
8.35833,-107
8.36667,-107
8.37500,-106
8.38333,-106
8.39167,-106
8.40000,-105
8.40833,-105
8.41667,-105
8.42500,-104
8.43333,-104
8.44167,-103
8.45000,-102
8.45833,-102
8.46667,-101
8.47500,-101
8.48333,-100
8.49167,-100
8.50000,-99
8.50833,-99
8.51667,-99
8.52500,-98
8.53333,-98
8.54167,-97
8.55000,-97
8.55833,-96
8.56667,-96
8.57500,-95
8.58333,-94
8.59167,-93
8.60000,-93
8.60833,-92
8.61667,-91
8.62500,-91
8.63333,-91
8.64167,-90
8.65000,-90
8.65833,-90
8.66667,-90
8.67500,-89
8.68333,-89
8.69167,-88
8.70000,-88
8.70833,-87
8.71667,-87
8.72500,-87
8.73333,-86
8.74167,-86
8.75000,-85
8.75833,-85
8.76667,-84
8.77500,-83
8.78333,-83
8.79167,-83
8.80000,-82
8.80833,-81
8.81667,-81
8.82500,-80
8.83333,-80
8.84167,-80
8.85000,-80
8.85833,-80
8.86667,-79
8.87500,-78
8.88333,-78
8.89167,-77
8.90000,-77
8.90833,-77
8.91667,-76
8.92500,-76
8.93333,-76
8.94167,-76
8.95000,-76
8.95833,-76
8.96667,-75
8.97500,-75
8.98333,-74
8.99167,-73
9.00000,-73
9.00833,-73
9.01667,-72
9.02500,-71
9.03333,-71
9.04167,-71
9.05000,-71
9.05833,-71
9.06667,-71
9.07500,-70
9.08333,-70
9.09167,-70
9.10000,-70
9.10833,-69
9.11667,-69
9.12500,-68
9.13333,-68
9.14167,-68
9.15000,-67
9.15833,-67
9.16667,-66
9.17500,-66
9.18333,-65
9.19167,-64
9.20000,-64
9.20833,-64
9.21667,-64
9.22500,-64
9.23333,-63
9.24167,-63
9.25000,-62
9.25833,-62
9.26667,-61
9.27500,-61
9.28333,-60
9.29167,-60
9.30000,-59
9.30833,-59
9.31667,-59
9.32500,-59
9.33333,-58
9.34167,-58
9.35000,-57
9.35833,-57
9.36667,-57
9.37500,-57
9.38333,-56
9.39167,-56
9.40000,-56
9.40833,-56
9.41667,-56
9.42500,-56
9.43333,-55
9.44167,-55
9.45000,-55
9.45833,-54
9.46667,-54
9.47500,-54
9.48333,-53
9.49167,-52
9.50000,-52
9.50833,-52
9.51667,-51
9.52500,-51
9.53333,-51
9.54167,-50
9.55000,-50
9.55833,-50
9.56667,-49
9.57500,-49
9.58333,-49
9.59167,-49
9.60000,-49
9.60833,-49
9.61667,-49
9.62500,-49
9.63333,-48
9.64167,-48
9.65000,-48
9.65833,-47
9.66667,-47
9.67500,-46
9.68333,-46
9.69167,-45
9.70000,-45
9.70833,-45
9.71667,-45
9.72500,-44
9.73333,-44
9.74167,-43
9.75000,-43
9.75833,-43
9.76667,-43
9.77500,-43
9.78333,-43
9.79167,-43
9.80000,-43
9.80833,-43
9.81667,-42
9.82500,-42
9.83333,-41
9.84167,-41
9.85000,-40
9.85833,-40
9.86667,-40
9.87500,-40
9.88333,-40
9.89167,-40
9.90000,-39
9.90833,-39
9.91667,-39
9.92500,-38
9.93333,-38
9.94167,-37
9.95000,-37
9.95833,-36
9.96667,-36
9.97500,-36
9.98333,-35
9.99167,-35
10.00000,-34
10.00833,-34
10.01667,-34
10.02500,-33
10.03333,-33
10.04167,-33
10.05000,-32
10.05833,-32
10.06667,-32
10.07500,-31
10.08333,-31
10.09167,-30
10.10000,-30
10.10833,-29
10.11667,-28
10.12500,-28
10.13333,-27
10.14167,-26
10.15000,-26
10.15833,-25
10.16667,-24
10.17500,-23
10.18333,-23
10.19167,-22
10.20000,-21
10.20833,-21
10.21667,-20
10.22500,-19
10.23333,-18
10.24167,-18
10.25000,-17
10.25833,-17
10.26667,-16
10.27500,-15
10.28333,-15
10.29167,-14
10.30000,-13
10.30833,-12
10.31667,-11
10.32500,-11
10.33333,-10
10.34167,-10
10.35000,-9
10.35833,-8
10.36667,-7
10.37500,-7
10.38333,-7
10.39167,-6
10.40000,-6
10.40833,-5
10.41667,-5
10.42500,-5
10.43333,-4
10.44167,-4
10.45000,-3
10.45833,-2
10.46667,-0
10.47500,1
10.48333,3
10.49167,5
10.50000,7
10.50833,10
10.51667,14
10.52500,19
10.53333,25
10.54167,33
10.55000,43
10.55833,55
10.56667,71
10.57500,90
10.58333,114
10.59167,144
10.60000,181
10.60833,226
10.61667,281
10.62500,346
10.63333,424
10.64167,516
10.65000,624
10.65833,749
10.66667,895
10.67500,1062
10.68333,1252
10.69167,1467
10.70000,1709
10.70833,1978
10.71667,2277
10.72500,2605
10.73333,2964
10.74167,3354
10.75000,3775
10.75833,4226
10.76667,4707
10.77500,5215
10.78333,5749
10.79167,6305
10.80000,6880
10.80833,7470
10.81667,8070
10.82500,8674
10.83333,9277
10.84167,9872
10.85000,10451
10.85833,11006
10.86667,11532
10.87500,12018
10.88333,12458
10.89167,12845
10.90000,13170
10.90833,13429
10.91667,13615
10.92500,13724
10.93333,13754
10.94167,13703
10.95000,13572
10.95833,13362
10.96667,13076
10.97500,12721
10.98333,12302
10.99167,11826
11.00000,11303
11.00833,10741
11.01667,10151
11.02500,9540
11.03333,8920
11.04167,8299
11.05000,7684
11.05833,7084
11.06667,6504
11.07500,5950
11.08333,5425
11.09167,4932
11.10000,4473
11.10833,4049
11.11667,3660
11.12500,3306
11.13333,2984
11.14167,2695
11.15000,2435
11.15833,2202
11.16667,1995
11.17500,1810
11.18333,1647
11.19167,1502
11.20000,1373
11.20833,1259
11.21667,1158
11.22500,1069
11.23333,990
11.24167,920
11.25000,857
11.25833,801
11.26667,752
11.27500,708
11.28333,670
11.29167,636
11.30000,605
11.30833,577
11.31667,553
11.32500,531
11.33333,511
11.34167,494
11.35000,478
11.35833,463
11.36667,450
11.37500,438
11.38333,428
11.39167,418
11.40000,408
11.40833,400
11.41667,392
11.42500,384
11.43333,376
11.44167,369
11.45000,362
11.45833,355
11.46667,348
11.47500,342
11.48333,336
11.49167,330
11.50000,324
11.50833,318
11.51667,313
11.52500,307
11.53333,301
11.54167,295
11.55000,290
11.55833,283
11.56667,278
11.57500,272
11.58333,266
11.59167,259
11.60000,254
11.60833,248
11.61667,242
11.62500,237
11.63333,231
11.64167,226
11.65000,221
11.65833,216
11.66667,211
11.67500,206
11.68333,201
11.69167,196
11.70000,191
11.70833,187
11.71667,182
11.72500,178
11.73333,173
11.74167,169
11.75000,165
11.75833,161
11.76667,157
11.77500,154
11.78333,150
11.79167,146
11.80000,143
11.80833,139
11.81667,136
11.82500,133
11.83333,129
11.84167,125
11.85000,122
11.85833,118
11.86667,115
11.87500,112
11.88333,109
11.89167,106
11.90000,104
11.90833,101
11.91667,99
11.92500,96
11.93333,93
11.94167,91
11.95000,88
11.95833,85
11.96667,83
11.97500,80
11.98333,78
11.99167,76
12.00000,74
12.00833,72
12.01667,70
12.02500,69
12.03333,67
12.04167,65
12.05000,64
12.05833,62
12.06667,61
12.07500,59
12.08333,58
12.09167,56
12.10000,55
12.10833,54
12.11667,53
12.12500,52
12.13333,51
12.14167,50
12.15000,49
12.15833,48
12.16667,48
12.17500,47
12.18333,46
12.19167,45
12.20000,44
12.20833,44
12.21667,43
12.22500,43
12.23333,42
12.24167,42
12.25000,41
12.25833,41
12.26667,41
12.27500,41
12.28333,40
12.29167,40
12.30000,40
12.30833,40
12.31667,40
12.32500,39
12.33333,39
12.34167,39
12.35000,39
12.35833,39
12.36667,39
12.37500,39
12.38333,39
12.39167,40
12.40000,40
12.40833,40
12.41667,40
12.42500,40
12.43333,39
12.44167,39
12.45000,39
12.45833,39
12.46667,39
12.47500,39
12.48333,39
12.49167,39
12.50000,38
12.50833,38
12.51667,38
12.52500,38
12.53333,38
12.54167,39
12.55000,39
12.55833,39
12.56667,39
12.57500,39
12.58333,39
12.59167,40
12.60000,40
12.60833,40
12.61667,40
12.62500,41
12.63333,42
12.64167,43
12.65000,45
12.65833,47
12.66667,49
12.67500,52
12.68333,56
12.69167,62
12.70000,68
12.70833,76
12.71667,85
12.72500,97
12.73333,111
12.74167,127
12.75000,146
12.75833,169
12.76667,195
12.77500,225
12.78333,259
12.79167,298
12.80000,343
12.80833,393
12.81667,448
12.82500,509
12.83333,576
12.84167,650
12.85000,730
12.85833,817
12.86667,910
12.87500,1010
12.88333,1117
12.89167,1230
12.90000,1350
12.90833,1477
12.91667,1610
12.92500,1749
12.93333,1895
12.94167,2046
12.95000,2203
12.95833,2366
12.96667,2535
12.97500,2709
12.98333,2888
12.99167,3073
13.00000,3262
13.00833,3456
13.01667,3654
13.02500,3857
13.03333,4064
13.04167,4274
13.05000,4489
13.05833,4707
13.06667,4929
13.07500,5155
13.08333,5383
13.09167,5615
13.10000,5850
13.10833,6089
13.11667,6330
13.12500,6574
13.13333,6821
13.14167,7071
13.15000,7324
13.15833,7580
13.16667,7839
13.17500,8099
13.18333,8363
13.19167,8629
13.20000,8897
13.20833,9168
13.21667,9440
13.22500,9715
13.23333,9993
13.24167,10273
13.25000,10555
13.25833,10840
13.26667,11126
13.27500,11416
13.28333,11707
13.29167,12001
13.30000,12296
13.30833,12594
13.31667,12895
13.32500,13197
13.33333,13502
13.34167,13809
13.35000,14119
13.35833,14431
13.36667,14744
13.37500,15060
13.38333,15378
13.39167,15698
13.40000,16021
13.40833,16346
13.41667,16673
13.42500,17003
13.43333,17335
13.44167,17669
13.45000,18005
13.45833,18344
13.46667,18685
13.47500,19029
13.48333,19375
13.49167,19723
13.50000,20073
13.50833,20426
13.51667,20781
13.52500,21139
13.53333,21499
13.54167,21861
13.55000,22226
13.55833,22593
13.56667,22963
13.57500,23336
13.58333,23711
13.59167,24088
13.60000,24468
13.60833,24850
13.61667,25235
13.62500,25622
13.63333,26012
13.64167,26405
13.65000,26801
13.65833,27199
13.66667,27599
13.67500,28002
13.68333,28408
13.69167,28817
13.70000,29229
13.70833,29643
13.71667,30061
13.72500,30481
13.73333,30904
13.74167,31330
13.75000,31758
13.75833,32190
13.76667,32624
13.77500,33061
13.78333,33501
13.79167,33943
13.80000,34389
13.80833,34838
13.81667,35290
13.82500,35745
13.83333,36202
13.84167,36662
13.85000,37125
13.85833,37590
13.86667,38058
13.87500,38528
13.88333,38997
13.89167,39464
13.90000,39926
13.90833,40377
13.91667,40808
13.92500,41208
13.93333,41560
13.94167,41847
13.95000,42045
13.95833,42129
13.96667,42070
13.97500,41842
13.98333,41420
13.99167,40785
14.00000,39924
14.00833,38832
14.01667,37515
14.02500,35988
14.03333,34273
14.04167,32402
14.05000,30410
14.05833,28337
14.06667,26224
14.07500,24109
14.08333,22030
14.09167,20017
14.10000,18095
14.10833,16286
14.11667,14602
14.12500,13051
14.13333,11637
14.14167,10360
14.15000,9216
14.15833,8199
14.16667,7301
14.17500,6514
14.18333,5829
14.19167,5239
14.20000,4734
14.20833,4306
14.21667,3948
14.22500,3655
14.23333,3420
14.24167,3238
14.25000,3106
14.25833,3019
14.26667,2973
14.27500,2967
14.28333,2996
14.29167,3058
14.30000,3151
14.30833,3272
14.31667,3418
14.32500,3588
14.33333,3778
14.34167,3985
14.35000,4208
14.35833,4442
14.36667,4685
14.37500,4934
14.38333,5185
14.39167,5435
14.40000,5682
14.40833,5920
14.41667,6149
14.42500,6364
14.43333,6564
14.44167,6745
14.45000,6905
14.45833,7042
14.46667,7155
14.47500,7242
14.48333,7303
14.49167,7337
14.50000,7343
14.50833,7323
14.51667,7277
14.52500,7206
14.53333,7110
14.54167,6992
14.55000,6853
14.55833,6695
14.56667,6521
14.57500,6331
14.58333,6129
14.59167,5917
14.60000,5697
14.60833,5470
14.61667,5240
14.62500,5007
14.63333,4774
14.64167,4543
14.65000,4313
14.65833,4088
14.66667,3868
14.67500,3654
14.68333,3447
14.69167,3246
14.70000,3054
14.70833,2870
14.71667,2695
14.72500,2529
14.73333,2371
14.74167,2221
14.75000,2080
14.75833,1947
14.76667,1822
14.77500,1706
14.78333,1597
14.79167,1495
14.80000,1399
14.80833,1311
14.81667,1228
14.82500,1151
14.83333,1080
14.84167,1014
14.85000,953
14.85833,896
14.86667,843
14.87500,795
14.88333,749
14.89167,708
14.90000,669
14.90833,634
14.91667,601
14.92500,571
14.93333,544
14.94167,518
14.95000,495
14.95833,474
14.96667,454
14.97500,436
14.98333,419
14.99167,404
15.00000,390
15.00833,377
15.01667,366
15.02500,355
15.03333,346
15.04167,338
15.05000,330
15.05833,324
15.06667,318
15.07500,313
15.08333,309
15.09167,306
15.10000,303
15.10833,301
15.11667,300
15.12500,298
15.13333,297
15.14167,297
15.15000,297
15.15833,298
15.16667,299
15.17500,300
15.18333,301
15.19167,303
15.20000,305
15.20833,306
15.21667,308
15.22500,310
15.23333,312
15.24167,313
15.25000,315
15.25833,316
15.26667,317
15.27500,318
15.28333,318
15.29167,319
15.30000,319
15.30833,318
15.31667,317
15.32500,316
15.33333,315
15.34167,313
15.35000,311
15.35833,308
15.36667,305
15.37500,302
15.38333,299
15.39167,295
15.40000,290
15.40833,286
15.41667,282
15.42500,278
15.43333,273
15.44167,269
15.45000,264
15.45833,260
15.46667,255
15.47500,250
15.48333,245
15.49167,241
15.50000,236
15.50833,232
15.51667,228
15.52500,224
15.53333,220
15.54167,216
15.55000,212
15.55833,209
15.56667,205
15.57500,202
15.58333,198
15.59167,195
15.60000,192
15.60833,189
15.61667,186
15.62500,184
15.63333,181
15.64167,179
15.65000,177
15.65833,175
15.66667,173
15.67500,171
15.68333,169
15.69167,167
15.70000,166
15.70833,164
15.71667,163
15.72500,162
15.73333,161
15.74167,159
15.75000,158
15.75833,157
15.76667,156
15.77500,154
15.78333,153
15.79167,152
15.80000,152
15.80833,151
15.81667,150
15.82500,149
15.83333,148
15.84167,148
15.85000,147
15.85833,147
15.86667,146
15.87500,146
15.88333,145
15.89167,144
15.90000,143
15.90833,142
15.91667,142
15.92500,141
15.93333,141
15.94167,141
15.95000,140
15.95833,139
15.96667,139
15.97500,138
15.98333,137
15.99167,137
16.00000,136
16.00833,136
16.01667,135
16.02500,135
16.03333,134
16.04167,133
16.05000,133
16.05833,132
16.06667,132
16.07500,131
16.08333,130
16.09167,130
16.10000,129
16.10833,129
16.11667,129
16.12500,129
16.13333,128
16.14167,128
16.15000,128
16.15833,128
16.16667,127
16.17500,127
16.18333,126
16.19167,126
16.20000,125
16.20833,125
16.21667,124
16.22500,124
16.23333,123
16.24167,123
16.25000,123
16.25833,123
16.26667,122
16.27500,122
16.28333,122
16.29167,121
16.30000,121
16.30833,120
16.31667,120
16.32500,120
16.33333,120
16.34167,120
16.35000,120
16.35833,119
16.36667,119
16.37500,119
16.38333,118
16.39167,117
16.40000,117
16.40833,117
16.41667,117
16.42500,117
16.43333,117
16.44167,117
16.45000,117
16.45833,116
16.46667,116
16.47500,116
16.48333,116
16.49167,116
16.50000,116
16.50833,116
16.51667,115
16.52500,115
16.53333,115
16.54167,115
16.55000,114
16.55833,114
16.56667,114
16.57500,113
16.58333,113
16.59167,113
16.60000,112
16.60833,112
16.61667,112
16.62500,112
16.63333,111
16.64167,111
16.65000,110
16.65833,110
16.66667,109
16.67500,109
16.68333,109
16.69167,108
16.70000,107
16.70833,107
16.71667,107
16.72500,106
16.73333,106
16.74167,106
16.75000,105
16.75833,105
16.76667,105
16.77500,105
16.78333,105
16.79167,105
16.80000,104
16.80833,104
16.81667,104
16.82500,103
16.83333,103
16.84167,103
16.85000,103
16.85833,103
16.86667,103
16.87500,102
16.88333,102
16.89167,102
16.90000,102
16.90833,101
16.91667,101
16.92500,101
16.93333,101
16.94167,101
16.95000,101
16.95833,101
16.96667,101
16.97500,100
16.98333,99
16.99167,99
17.00000,99
17.00833,99
17.01667,99
17.02500,99
17.03333,98
17.04167,98
17.05000,97
17.05833,97
17.06667,97
17.07500,97
17.08333,97
17.09167,96
17.10000,96
17.10833,96
17.11667,96
17.12500,96
17.13333,95
17.14167,95
17.15000,95
17.15833,95
17.16667,94
17.17500,94
17.18333,94
17.19167,94
17.20000,94
17.20833,93
17.21667,93
17.22500,93
17.23333,92
17.24167,92
17.25000,92
17.25833,92
17.26667,92
17.27500,92
17.28333,92
17.29167,92
17.30000,92
17.30833,92
17.31667,91
17.32500,91
17.33333,91
17.34167,91
17.35000,91
17.35833,91
17.36667,91
17.37500,90
17.38333,90
17.39167,90
17.40000,90
17.40833,90
17.41667,89
17.42500,89
17.43333,89
17.44167,89
17.45000,88
17.45833,88
17.46667,88
17.47500,88
17.48333,88
17.49167,88
17.50000,88
17.50833,88
17.51667,88
17.52500,88
17.53333,88
17.54167,88
17.55000,87
17.55833,87
17.56667,87
17.57500,87
17.58333,87
17.59167,87
17.60000,87
17.60833,87
17.61667,87
17.62500,87
17.63333,87
17.64167,86
17.65000,86
17.65833,86
17.66667,86
17.67500,86
17.68333,86
17.69167,86
17.70000,86
17.70833,86
17.71667,86
17.72500,86
17.73333,86
17.74167,86
17.75000,86
17.75833,86
17.76667,86
17.77500,86
17.78333,86
17.79167,86
17.80000,86
17.80833,86
17.81667,86
17.82500,86
17.83333,87
17.84167,87
17.85000,87
17.85833,87
17.86667,87
17.87500,87
17.88333,87
17.89167,87
17.90000,87
17.90833,87
17.91667,88
17.92500,88
17.93333,88
17.94167,88
17.95000,88
17.95833,88
17.96667,88
17.97500,88
17.98333,88
17.99167,87
18.00000,87
18.00833,87
18.01667,88
18.02500,88
18.03333,88
18.04167,88
18.05000,87
18.05833,87
18.06667,87
18.07500,87
18.08333,87
18.09167,87
18.10000,87
18.10833,87
18.11667,87
18.12500,87
18.13333,87
18.14167,86
18.15000,86
18.15833,85
18.16667,85
18.17500,85
18.18333,85
18.19167,85
18.20000,85
18.20833,85
18.21667,84
18.22500,84
18.23333,84
18.24167,83
18.25000,83
18.25833,83
18.26667,83
18.27500,83
18.28333,83
18.29167,83
18.30000,82
18.30833,82
18.31667,82
18.32500,82
18.33333,81
18.34167,81
18.35000,81
18.35833,81
18.36667,81
18.37500,81
18.38333,81
18.39167,81
18.40000,81
18.40833,81
18.41667,81
18.42500,81
18.43333,81
18.44167,80
18.45000,80
18.45833,80
18.46667,81
18.47500,81
18.48333,81
18.49167,80
18.50000,80
18.50833,80
18.51667,79
18.52500,79
18.53333,79
18.54167,79
18.55000,79
18.55833,79
18.56667,80
18.57500,80
18.58333,80
18.59167,80
18.60000,80
18.60833,81
18.61667,81
18.62500,81
18.63333,81
18.64167,81
18.65000,81
18.65833,81
18.66667,81
18.67500,81
18.68333,81
18.69167,81
18.70000,81
18.70833,81
18.71667,81
18.72500,81
18.73333,82
18.74167,81
18.75000,82
18.75833,82
18.76667,82
18.77500,82
18.78333,82
18.79167,82
18.80000,82
18.80833,82
18.81667,82
18.82500,83
18.83333,84
18.84167,84
18.85000,84
18.85833,84
18.86667,85
18.87500,86
18.88333,86
18.89167,87
18.90000,88
18.90833,89
18.91667,91
18.92500,92
18.93333,93
18.94167,95
18.95000,96
18.95833,97
18.96667,99
18.97500,101
18.98333,103
18.99167,105
19.00000,108
19.00833,111
19.01667,113
19.02500,117
19.03333,120
19.04167,123
19.05000,126
19.05833,130
19.06667,133
19.07500,136
19.08333,140
19.09167,144
19.10000,147
19.10833,151
19.11667,154
19.12500,157
19.13333,160
19.14167,163
19.15000,166
19.15833,168
19.16667,170
19.17500,173
19.18333,175
19.19167,177
19.20000,178
19.20833,180
19.21667,181
19.22500,182
19.23333,183
19.24167,183
19.25000,183
19.25833,183
19.26667,183
19.27500,183
19.28333,182
19.29167,181
19.30000,179
19.30833,178
19.31667,176
19.32500,173
19.33333,171
19.34167,168
19.35000,166
19.35833,163
19.36667,161
19.37500,158
19.38333,154
19.39167,151
19.40000,148
19.40833,146
19.41667,143
19.42500,140
19.43333,137
19.44167,134
19.45000,132
19.45833,129
19.46667,127
19.47500,124
19.48333,122
19.49167,119
19.50000,116
19.50833,114
19.51667,112
19.52500,109
19.53333,107
19.54167,105
19.55000,103
19.55833,102
19.56667,100
19.57500,99
19.58333,97
19.59167,96
19.60000,95
19.60833,93
19.61667,92
19.62500,91
19.63333,90
19.64167,90
19.65000,89
19.65833,88
19.66667,88
19.67500,87
19.68333,87
19.69167,86
19.70000,85
19.70833,84
19.71667,84
19.72500,84
19.73333,84
19.74167,84
19.75000,84
19.75833,84
19.76667,83
19.77500,83
19.78333,82
19.79167,82
19.80000,81
19.80833,81
19.81667,81
19.82500,81
19.83333,81
19.84167,81
19.85000,81
19.85833,80
19.86667,80
19.87500,80
19.88333,80
19.89167,80
19.90000,79
19.90833,79
19.91667,79
19.92500,79
19.93333,79
19.94167,79
19.95000,79
19.95833,79
19.96667,79
19.97500,79
19.98333,79
19.99167,79
20.00000,78
20.00833,78
20.01667,78
20.02500,79
20.03333,79
20.04167,79
20.05000,79
20.05833,79
20.06667,79
20.07500,79
20.08333,79
20.09167,79
20.10000,79
20.10833,79
20.11667,79
20.12500,79
20.13333,79
20.14167,79
20.15000,79
20.15833,79
20.16667,79
20.17500,79
20.18333,80
20.19167,80
20.20000,80
20.20833,80
20.21667,80
20.22500,80
20.23333,80
20.24167,80
20.25000,80
20.25833,80
20.26667,80
20.27500,81
20.28333,80
20.29167,80
20.30000,80
20.30833,80
20.31667,80
20.32500,80
20.33333,80
20.34167,80
20.35000,80
20.35833,80
20.36667,80
20.37500,80
20.38333,80
20.39167,80
20.40000,80
20.40833,80
20.41667,80
20.42500,81
20.43333,81
20.44167,80
20.45000,80
20.45833,80
20.46667,80
20.47500,80
20.48333,80
20.49167,80
20.50000,81
20.50833,81
20.51667,81
20.52500,81
20.53333,81
20.54167,81
20.55000,81
20.55833,82
20.56667,82
20.57500,82
20.58333,82
20.59167,82
20.60000,82
20.60833,82
20.61667,82
20.62500,82
20.63333,82
20.64167,82
20.65000,82
20.65833,82
20.66667,82
20.67500,82
20.68333,82
20.69167,82
20.70000,82
20.70833,82
20.71667,82
20.72500,83
20.73333,83
20.74167,83
20.75000,83
20.75833,83
20.76667,83
20.77500,83
20.78333,84
20.79167,84
20.80000,84
20.80833,85
20.81667,85
20.82500,85
20.83333,86
20.84167,86
20.85000,86
20.85833,86
20.86667,86
20.87500,86
20.88333,86
20.89167,86
20.90000,86
20.90833,87
20.91667,87
20.92500,87
20.93333,88
20.94167,87
20.95000,87
20.95833,88
20.96667,88
20.97500,88
20.98333,88
20.99167,88
21.00000,88
21.00833,89
21.01667,89
21.02500,90
21.03333,90
21.04167,91
21.05000,91
21.05833,91
21.06667,92
21.07500,92
21.08333,92
21.09167,93
21.10000,93
21.10833,94
21.11667,95
21.12500,95
21.13333,96
21.14167,97
21.15000,97
21.15833,98
21.16667,98
21.17500,99
21.18333,100
21.19167,101
21.20000,101
21.20833,102
21.21667,103
21.22500,103
21.23333,103
21.24167,103
21.25000,103
21.25833,104
21.26667,104
21.27500,105
21.28333,105
21.29167,105
21.30000,105
21.30833,105
21.31667,106
21.32500,106
21.33333,106
21.34167,106
21.35000,106
21.35833,106
21.36667,106
21.37500,106
21.38333,106
21.39167,105
21.40000,105
21.40833,105
21.41667,105
21.42500,105
21.43333,104
21.44167,104
21.45000,103
21.45833,102
21.46667,102
21.47500,101
21.48333,101
21.49167,100
21.50000,100
21.50833,99
21.51667,99
21.52500,98
21.53333,98
21.54167,97
21.55000,97
21.55833,96
21.56667,95
21.57500,95
21.58333,94
21.59167,94
21.60000,94
21.60833,94
21.61667,93
21.62500,93
21.63333,93
21.64167,92
21.65000,92
21.65833,91
21.66667,91
21.67500,91
21.68333,90
21.69167,90
21.70000,90
21.70833,89
21.71667,89
21.72500,88
21.73333,88
21.74167,88
21.75000,88
21.75833,88
21.76667,89
21.77500,89
21.78333,89
21.79167,89
21.80000,88
21.80833,88
21.81667,88
21.82500,88
21.83333,88
21.84167,88
21.85000,88
21.85833,87
21.86667,87
21.87500,87
21.88333,88
21.89167,88
21.90000,88
21.90833,87
21.91667,87
21.92500,87
21.93333,87
21.94167,87
21.95000,87
21.95833,87
21.96667,87
21.97500,87
21.98333,87
21.99167,87
22.00000,87
22.00833,87
22.01667,87
22.02500,87
22.03333,87
22.04167,87
22.05000,87
22.05833,87
22.06667,87
22.07500,87
22.08333,88
22.09167,88
22.10000,88
22.10833,88
22.11667,89
22.12500,89
22.13333,88
22.14167,88
22.15000,88
22.15833,88
22.16667,88
22.17500,88
22.18333,88
22.19167,88
22.20000,88
22.20833,88
22.21667,89
22.22500,89
22.23333,89
22.24167,89
22.25000,89
22.25833,89
22.26667,89
22.27500,89
22.28333,89
22.29167,89
22.30000,89
22.30833,89
22.31667,88
22.32500,88
22.33333,88
22.34167,88
22.35000,88
22.35833,89
22.36667,89
22.37500,89
22.38333,89
22.39167,89
22.40000,89
22.40833,89
22.41667,89
22.42500,89
22.43333,89
22.44167,90
22.45000,90
22.45833,91
22.46667,91
22.47500,91
22.48333,91
22.49167,91
22.50000,91
22.50833,91
22.51667,91
22.52500,92
22.53333,92
22.54167,92
22.55000,92
22.55833,92
22.56667,92
22.57500,92
22.58333,92
22.59167,92
22.60000,92
22.60833,92
22.61667,92
22.62500,92
22.63333,92
22.64167,92
22.65000,92
22.65833,92
22.66667,92
22.67500,93
22.68333,93
22.69167,93
22.70000,94
22.70833,94
22.71667,94
22.72500,94
22.73333,95
22.74167,95
22.75000,95
22.75833,95
22.76667,96
22.77500,96
22.78333,97
22.79167,97
22.80000,98
22.80833,98
22.81667,99
22.82500,99
22.83333,100
22.84167,100
22.85000,101
22.85833,102
22.86667,103
22.87500,103
22.88333,103
22.89167,104
22.90000,105
22.90833,106
22.91667,107
22.92500,108
22.93333,108
22.94167,109
22.95000,110
22.95833,111
22.96667,111
22.97500,111
22.98333,112
22.99167,113
23.00000,113
23.00833,114
23.01667,114
23.02500,114
23.03333,114
23.04167,115
23.05000,115
23.05833,115
23.06667,115
23.07500,115
23.08333,115
23.09167,115
23.10000,115
23.10833,115
23.11667,115
23.12500,115
23.13333,114
23.14167,114
23.15000,114
23.15833,113
23.16667,113
23.17500,112
23.18333,111
23.19167,110
23.20000,110
23.20833,110
23.21667,109
23.22500,109
23.23333,108
23.24167,107
23.25000,107
23.25833,106
23.26667,105
23.27500,104
23.28333,104
23.29167,104
23.30000,104
23.30833,103
23.31667,103
23.32500,102
23.33333,102
23.34167,101
23.35000,101
23.35833,100
23.36667,100
23.37500,99
23.38333,99
23.39167,98
23.40000,98
23.40833,98
23.41667,98
23.42500,98
23.43333,98
23.44167,98
23.45000,97
23.45833,97
23.46667,97
23.47500,97
23.48333,97
23.49167,96
23.50000,96
23.50833,96
23.51667,95
23.52500,95
23.53333,95
23.54167,94
23.55000,94
23.55833,94
23.56667,94
23.57500,94
23.58333,94
23.59167,95
23.60000,94
23.60833,94
23.61667,94
23.62500,94
23.63333,94
23.64167,94
23.65000,94
23.65833,94
23.66667,94
23.67500,94
23.68333,94
23.69167,95
23.70000,95
23.70833,95
23.71667,95
23.72500,95
23.73333,95
23.74167,95
23.75000,95
23.75833,95
23.76667,95
23.77500,95
23.78333,95
23.79167,95
23.80000,95
23.80833,95
23.81667,95
23.82500,95
23.83333,95
23.84167,95
23.85000,96
23.85833,96
23.86667,96
23.87500,96
23.88333,97
23.89167,97
23.90000,97
23.90833,98
23.91667,98
23.92500,98
23.93333,99
23.94167,99
23.95000,99
23.95833,99
23.96667,99
23.97500,99
23.98333,100
23.99167,100
24.00000,100
24.00833,100
24.01667,100
24.02500,101
24.03333,101
24.04167,101
24.05000,101
24.05833,101
24.06667,101
24.07500,101
24.08333,102
24.09167,102
24.10000,102
24.10833,103
24.11667,103
24.12500,103
24.13333,103
24.14167,103
24.15000,103
24.15833,102
24.16667,102
24.17500,102
24.18333,101
24.19167,101
24.20000,101
24.20833,102
24.21667,102
24.22500,102
24.23333,101
24.24167,101
24.25000,101
24.25833,102
24.26667,102
24.27500,102
24.28333,102
24.29167,102
24.30000,103
24.30833,103
24.31667,103
24.32500,103
24.33333,103
24.34167,104
24.35000,104
24.35833,105
24.36667,105
24.37500,106
24.38333,107
24.39167,108
24.40000,109
24.40833,110
24.41667,112
24.42500,113
24.43333,115
24.44167,117
24.45000,120
24.45833,123
24.46667,126
24.47500,130
24.48333,134
24.49167,139
24.50000,145
24.50833,151
24.51667,158
24.52500,166
24.53333,175
24.54167,185
24.55000,196
24.55833,209
24.56667,224
24.57500,240
24.58333,258
24.59167,278
24.60000,300
24.60833,325
24.61667,353
24.62500,384
24.63333,418
24.64167,456
24.65000,497
24.65833,543
24.66667,594
24.67500,650
24.68333,712
24.69167,780
24.70000,854
24.70833,935
24.71667,1022
24.72500,1117
24.73333,1220
24.74167,1331
24.75000,1451
24.75833,1580
24.76667,1719
24.77500,1866
24.78333,2024
24.79167,2192
24.80000,2371
24.80833,2560
24.81667,2759
24.82500,2969
24.83333,3190
24.84167,3420
24.85000,3661
24.85833,3911
24.86667,4171
24.87500,4440
24.88333,4717
24.89167,5001
24.90000,5292
24.90833,5589
24.91667,5891
24.92500,6197
24.93333,6506
24.94167,6817
24.95000,7128
24.95833,7438
24.96667,7746
24.97500,8050
24.98333,8350
24.99167,8643
25.00000,8928
25.00833,9204
25.01667,9470
25.02500,9724
25.03333,9964
25.04167,10191
25.05000,10402
25.05833,10597
25.06667,10774
25.07500,10933
25.08333,11072
25.09167,11192
25.10000,11292
25.10833,11371
25.11667,11429
25.12500,11466
25.13333,11482
25.14167,11477
25.15000,11451
25.15833,11405
25.16667,11338
25.17500,11251
25.18333,11146
25.19167,11022
25.20000,10880
25.20833,10722
25.21667,10548
25.22500,10360
25.23333,10158
25.24167,9944
25.25000,9719
25.25833,9483
25.26667,9238
25.27500,8985
25.28333,8725
25.29167,8460
25.30000,8190
25.30833,7917
25.31667,7642
25.32500,7365
25.33333,7088
25.34167,6813
25.35000,6538
25.35833,6266
25.36667,5997
25.37500,5731
25.38333,5470
25.39167,5215
25.40000,4965
25.40833,4721
25.41667,4484
25.42500,4253
25.43333,4031
25.44167,3815
25.45000,3607
25.45833,3407
25.46667,3215
25.47500,3030
25.48333,2854
25.49167,2686
25.50000,2527
25.50833,2375
25.51667,2230
25.52500,2093
25.53333,1962
25.54167,1840
25.55000,1723
25.55833,1614
25.56667,1511
25.57500,1415
25.58333,1324
25.59167,1239
25.60000,1160
25.60833,1085
25.61667,1016
25.62500,951
25.63333,891
25.64167,836
25.65000,784
25.65833,736
25.66667,691
25.67500,650
25.68333,611
25.69167,576
25.70000,543
25.70833,513
25.71667,485
25.72500,459
25.73333,436
25.74167,414
25.75000,394
25.75833,375
25.76667,358
25.77500,343
25.78333,329
25.79167,316
25.80000,304
25.80833,293
25.81667,282
25.82500,273
25.83333,264
25.84167,256
25.85000,249
25.85833,242
25.86667,235
25.87500,229
25.88333,224
25.89167,220
25.90000,215
25.90833,211
25.91667,207
25.92500,203
25.93333,199
25.94167,196
25.95000,193
25.95833,191
25.96667,189
25.97500,187
25.98333,185
25.99167,183
26.00000,182
26.00833,180
26.01667,178
26.02500,176
26.03333,174
26.04167,173
26.05000,172
26.05833,170
26.06667,169
26.07500,168
26.08333,167
26.09167,166
26.10000,165
26.10833,164
26.11667,163
26.12500,162
26.13333,161
26.14167,161
26.15000,160
26.15833,159
26.16667,159
26.17500,158
26.18333,158
26.19167,157
26.20000,157
26.20833,157
26.21667,156
26.22500,155
26.23333,155
26.24167,154
26.25000,154
26.25833,154
26.26667,153
26.27500,152
26.28333,152
26.29167,151
26.30000,151
26.30833,150
26.31667,150
26.32500,149
26.33333,148
26.34167,148
26.35000,148
26.35833,147
26.36667,147
26.37500,147
26.38333,146
26.39167,146
26.40000,146
26.40833,145
26.41667,145
26.42500,145
26.43333,145
26.44167,145
26.45000,145
26.45833,145
26.46667,145
26.47500,144
26.48333,144
26.49167,144
26.50000,143
26.50833,143
26.51667,143
26.52500,142
26.53333,142
26.54167,142
26.55000,142
26.55833,141
26.56667,141
26.57500,141
26.58333,140
26.59167,140
26.60000,139
26.60833,139
26.61667,139
26.62500,139
26.63333,139
26.64167,138
26.65000,138
26.65833,138
26.66667,138
26.67500,138
26.68333,137
26.69167,137
26.70000,137
26.70833,137
26.71667,137
26.72500,137
26.73333,136
26.74167,136
26.75000,136
26.75833,136
26.76667,135
26.77500,135
26.78333,135
26.79167,135
26.80000,135
26.80833,135
26.81667,135
26.82500,134
26.83333,134
26.84167,133
26.85000,133
26.85833,133
26.86667,133
26.87500,133
26.88333,133
26.89167,133
26.90000,133
26.90833,133
26.91667,132
26.92500,132
26.93333,131
26.94167,131
26.95000,131
26.95833,131
26.96667,131
26.97500,131
26.98333,131
26.99167,131
27.00000,131
27.00833,131
27.01667,131
27.02500,131
27.03333,131
27.04167,131
27.05000,131
27.05833,131
27.06667,131
27.07500,131
27.08333,131
27.09167,131
27.10000,131
27.10833,131
27.11667,130
27.12500,130
27.13333,130
27.14167,130
27.15000,130
27.15833,130
27.16667,130
27.17500,130
27.18333,130
27.19167,130
27.20000,130
27.20833,130
27.21667,130
27.22500,129
27.23333,129
27.24167,130
27.25000,130
27.25833,130
27.26667,130
27.27500,129
27.28333,129
27.29167,129
27.30000,129
27.30833,129
27.31667,129
27.32500,129
27.33333,129
27.34167,129
27.35000,129
27.35833,129
27.36667,128
27.37500,128
27.38333,128
27.39167,128
27.40000,129
27.40833,129
27.41667,128
27.42500,128
27.43333,128
27.44167,128
27.45000,128
27.45833,128
27.46667,128
27.47500,128
27.48333,127
27.49167,127
27.50000,127
27.50833,127
27.51667,126
27.52500,126
27.53333,125
27.54167,125
27.55000,125
27.55833,125
27.56667,125
27.57500,125
27.58333,125
27.59167,125
27.60000,125
27.60833,125
27.61667,124
27.62500,124
27.63333,123
27.64167,123
27.65000,122
27.65833,121
27.66667,120
27.67500,120
27.68333,119
27.69167,118
27.70000,117
27.70833,116
27.71667,115
27.72500,114
27.73333,113
27.74167,112
27.75000,111
27.75833,110
27.76667,109
27.77500,107
27.78333,106
27.79167,105
27.80000,103
27.80833,101
27.81667,99
27.82500,97
27.83333,95
27.84167,93
27.85000,91
27.85833,89
27.86667,86
27.87500,84
27.88333,81
27.89167,79
27.90000,76
27.90833,73
27.91667,70
27.92500,67
27.93333,64
27.94167,61
27.95000,58
27.95833,54
27.96667,51
27.97500,48
27.98333,45
27.99167,42
28.00000,39
28.00833,36
28.01667,33
28.02500,29
28.03333,26
28.04167,23
28.05000,20
28.05833,17
28.06667,13
28.07500,10
28.08333,7
28.09167,4
28.10000,1
28.10833,-2
28.11667,-5
28.12500,-7
28.13333,-10
28.14167,-12
28.15000,-14
28.15833,-16
28.16667,-18
28.17500,-20
28.18333,-22
28.19167,-23
28.20000,-25
28.20833,-26
28.21667,-27
28.22500,-27
28.23333,-28
28.24167,-29
28.25000,-29
28.25833,-29
28.26667,-29
28.27500,-29
28.28333,-29
28.29167,-29
28.30000,-28
28.30833,-27
28.31667,-26
28.32500,-25
28.33333,-23
28.34167,-21
28.35000,-20
28.35833,-18
28.36667,-16
28.37500,-14
28.38333,-12
28.39167,-10
28.40000,-8
28.40833,-6
28.41667,-3
28.42500,-1
28.43333,2
28.44167,4
28.45000,7
28.45833,10
28.46667,13
28.47500,16
28.48333,18
28.49167,21
28.50000,24
28.50833,26
28.51667,29
28.52500,32
28.53333,35
28.54167,38
28.55000,40
28.55833,43
28.56667,45
28.57500,48
28.58333,50
28.59167,52
28.60000,55
28.60833,58
28.61667,60
28.62500,63
28.63333,65
28.64167,67
28.65000,69
28.65833,71
28.66667,72
28.67500,74
28.68333,76
28.69167,78
28.70000,80
28.70833,82
28.71667,84
28.72500,85
28.73333,86
28.74167,88
28.75000,89
28.75833,90
28.76667,92
28.77500,93
28.78333,94
28.79167,95
28.80000,96
28.80833,97
28.81667,98
28.82500,99
28.83333,100
28.84167,101
28.85000,102
28.85833,103
28.86667,103
28.87500,104
28.88333,105
28.89167,105
28.90000,106
28.90833,107
28.91667,108
28.92500,109
28.93333,109
28.94167,109
28.95000,109
28.95833,109
28.96667,109
28.97500,109
28.98333,110
28.99167,110
29.00000,111
29.00833,111
29.01667,111
29.02500,111
29.03333,111
29.04167,112
29.05000,112
29.05833,112
29.06667,112
29.07500,112
29.08333,113
29.09167,113
29.10000,113
29.10833,114
29.11667,114
29.12500,114
29.13333,114
29.14167,114
29.15000,115
29.15833,115
29.16667,115
29.17500,115
29.18333,115
29.19167,115
29.20000,115
29.20833,116
29.21667,116
29.22500,116
29.23333,117
29.24167,117
29.25000,117
29.25833,117
29.26667,117
29.27500,117
29.28333,117
29.29167,117
29.30000,117
29.30833,117
29.31667,117
29.32500,116
29.33333,116
29.34167,116
29.35000,116
29.35833,115
29.36667,115
29.37500,115
29.38333,115
29.39167,115
29.40000,114
29.40833,114
29.41667,113
29.42500,113
29.43333,113
29.44167,113
29.45000,113
29.45833,112
29.46667,111
29.47500,111
29.48333,111
29.49167,110
29.50000,109
29.50833,108
29.51667,107
29.52500,106
29.53333,106
29.54167,105
29.55000,105
29.55833,104
29.56667,103
29.57500,102
29.58333,101
29.59167,100
29.60000,99
29.60833,98
29.61667,98
29.62500,96
29.63333,95
29.64167,94
29.65000,93
29.65833,92
29.66667,90
29.67500,89
29.68333,88
29.69167,87
29.70000,86
29.70833,85
29.71667,84
29.72500,83
29.73333,82
29.74167,81
29.75000,79
29.75833,78
29.76667,77
29.77500,76
29.78333,74
29.79167,73
29.80000,72
29.80833,71
29.81667,70
29.82500,69
29.83333,68
29.84167,67
29.85000,67
29.85833,66
29.86667,65
29.87500,64
29.88333,63
29.89167,63
29.90000,62
29.90833,61
29.91667,60
29.92500,60
29.93333,59
29.94167,59
29.95000,58
29.95833,58
29.96667,58
29.97500,58
29.98333,59
29.99167,59
30.00000,59
30.00833,59
30.01667,59
30.02500,59
30.03333,59
30.04167,59
30.05000,60
30.05833,60
30.06667,61
30.07500,61
30.08333,62
30.09167,62
30.10000,63
30.10833,64
30.11667,65
30.12500,65
30.13333,66
30.14167,66
30.15000,68
30.15833,69
30.16667,70
30.17500,71
30.18333,72
30.19167,73
30.20000,75
30.20833,76
30.21667,77
30.22500,78
30.23333,79
30.24167,80
30.25000,81
30.25833,82
30.26667,83
30.27500,83
30.28333,84
30.29167,85
30.30000,86
30.30833,87
30.31667,88
30.32500,89
30.33333,90
30.34167,91
30.35000,92
30.35833,92
30.36667,93
30.37500,94
30.38333,95
30.39167,96
30.40000,97
30.40833,98
30.41667,99
30.42500,99
30.43333,100
30.44167,101
30.45000,102
30.45833,102
30.46667,103
30.47500,103
30.48333,103
30.49167,103
30.50000,104
30.50833,104
30.51667,104
30.52500,105
30.53333,105
30.54167,106
30.55000,107
30.55833,107
30.56667,107
30.57500,106
30.58333,106
30.59167,107
30.60000,107
30.60833,107
30.61667,107
30.62500,108
30.63333,108
30.64167,107
30.65000,107
30.65833,108
30.66667,108
30.67500,108
30.68333,108
30.69167,108
30.70000,108
30.70833,108
30.71667,108
30.72500,108
30.73333,108
30.74167,108
30.75000,107
30.75833,107
30.76667,107
30.77500,106
30.78333,106
30.79167,106
30.80000,106
30.80833,106
30.81667,106
30.82500,106
30.83333,106
30.84167,106
30.85000,106
30.85833,106
30.86667,106
30.87500,106
30.88333,107
30.89167,107
30.90000,107
30.90833,107
30.91667,107
30.92500,106
30.93333,106
30.94167,106
30.95000,106
30.95833,106
30.96667,106
30.97500,106
30.98333,106
30.99167,106
31.00000,107
31.00833,107
31.01667,107
31.02500,107
31.03333,107
31.04167,108
31.05000,108
31.05833,108
31.06667,109
31.07500,109
31.08333,110
31.09167,110
31.10000,111
31.10833,111
31.11667,111
31.12500,111
31.13333,112
31.14167,112
31.15000,113
31.15833,113
31.16667,113
31.17500,114
31.18333,115
31.19167,115
31.20000,115
31.20833,115
31.21667,115
31.22500,116
31.23333,116
31.24167,117
31.25000,117
31.25833,118
31.26667,118
31.27500,118
31.28333,119
31.29167,119
31.30000,120
31.30833,120
31.31667,120
31.32500,120
31.33333,120
31.34167,120
31.35000,121
31.35833,121
31.36667,121
31.37500,121
31.38333,122
31.39167,122
31.40000,122
31.40833,123
31.41667,123
31.42500,123
31.43333,123
31.44167,124
31.45000,124
31.45833,124
31.46667,124
31.47500,124
31.48333,124
31.49167,125
31.50000,125
31.50833,125
31.51667,125
31.52500,125
31.53333,125
31.54167,125
31.55000,125
31.55833,124
31.56667,124
31.57500,124
31.58333,124
31.59167,124
31.60000,124
31.60833,124
31.61667,124
31.62500,124
31.63333,125
31.64167,125
31.65000,126
31.65833,126
31.66667,126
31.67500,126
31.68333,126
31.69167,125
31.70000,125
31.70833,125
31.71667,125
31.72500,125
31.73333,125
31.74167,125
31.75000,125
31.75833,125
31.76667,125
31.77500,125
31.78333,125
31.79167,126
31.80000,125
31.80833,125
31.81667,125
31.82500,125
31.83333,125
31.84167,126
31.85000,126
31.85833,126
31.86667,126
31.87500,126
31.88333,126
31.89167,126
31.90000,126
31.90833,126
31.91667,126
31.92500,126
31.93333,126
31.94167,126
31.95000,125
31.95833,125
31.96667,125
31.97500,125
31.98333,125
31.99167,125
32.00000,126
32.00833,126
32.01667,126
32.02500,126
32.03333,126
32.04167,126
32.05000,126
32.05833,126
32.06667,126
32.07500,126
32.08333,126
32.09167,126
32.10000,126
32.10833,126
32.11667,126
32.12500,126
32.13333,126
32.14167,126
32.15000,126
32.15833,126
32.16667,126
32.17500,126
32.18333,126
32.19167,126
32.20000,126
32.20833,126
32.21667,126
32.22500,126
32.23333,126
32.24167,127
32.25000,127
32.25833,127
32.26667,127
32.27500,127
32.28333,126
32.29167,127
32.30000,127
32.30833,126
32.31667,126
32.32500,126
32.33333,127
32.34167,127
32.35000,126
32.35833,126
32.36667,127
32.37500,127
32.38333,127
32.39167,127
32.40000,127
32.40833,128
32.41667,128
32.42500,127
32.43333,127
32.44167,127
32.45000,127
32.45833,127
32.46667,128
32.47500,128
32.48333,128
32.49167,128
32.50000,128
32.50833,128
32.51667,128
32.52500,129
32.53333,129
32.54167,129
32.55000,129
32.55833,128
32.56667,128
32.57500,128
32.58333,128
32.59167,128
32.60000,129
32.60833,129
32.61667,129
32.62500,130
32.63333,130
32.64167,129
32.65000,129
32.65833,129
32.66667,129
32.67500,128
32.68333,128
32.69167,128
32.70000,129
32.70833,129
32.71667,130
32.72500,130
32.73333,130
32.74167,130
32.75000,130
32.75833,130
32.76667,130
32.77500,130
32.78333,130
32.79167,130
32.80000,130
32.80833,130
32.81667,130
32.82500,131
32.83333,131
32.84167,131
32.85000,130
32.85833,130
32.86667,130
32.87500,130
32.88333,130
32.89167,130
32.90000,131
32.90833,131
32.91667,131
32.92500,131
32.93333,131
32.94167,131
32.95000,131
32.95833,131
32.96667,131
32.97500,131
32.98333,131
32.99167,131
33.00000,131
33.00833,131
33.01667,131
33.02500,131
33.03333,131
33.04167,131
33.05000,131
33.05833,131
33.06667,131
33.07500,131
33.08333,132
33.09167,132
33.10000,132
33.10833,132
33.11667,132
33.12500,132
33.13333,132
33.14167,132
33.15000,132
33.15833,132
33.16667,132
33.17500,132
33.18333,132
33.19167,132
33.20000,132
33.20833,132
33.21667,132
33.22500,132
33.23333,132
33.24167,133
33.25000,133
33.25833,133
33.26667,133
33.27500,133
33.28333,133
33.29167,133
33.30000,133
33.30833,133
33.31667,133
33.32500,133
33.33333,133
33.34167,133
33.35000,133
33.35833,133
33.36667,133
33.37500,133
33.38333,133
33.39167,133
33.40000,133
33.40833,134
33.41667,134
33.42500,134
33.43333,135
33.44167,134
33.45000,134
33.45833,134
33.46667,134
33.47500,134
33.48333,134
33.49167,134
33.50000,133
33.50833,133
33.51667,133
33.52500,134
33.53333,134
33.54167,134
33.55000,134
33.55833,134
33.56667,134
33.57500,134
33.58333,134
33.59167,134
33.60000,134
33.60833,134
33.61667,134
33.62500,134
33.63333,134
33.64167,134
33.65000,134
33.65833,134
33.66667,135
33.67500,135
33.68333,135
33.69167,135
33.70000,134
33.70833,135
33.71667,135
33.72500,135
33.73333,135
33.74167,135
33.75000,135
33.75833,135
33.76667,135
33.77500,135
33.78333,135
33.79167,135
33.80000,135
33.80833,134
33.81667,135
33.82500,135
33.83333,135
33.84167,135
33.85000,135
33.85833,136
33.86667,136
33.87500,136
33.88333,136
33.89167,136
33.90000,136
33.90833,135
33.91667,135
33.92500,135
33.93333,135
33.94167,135
33.95000,135
33.95833,135
33.96667,135
33.97500,136
33.98333,136
33.99167,136
34.00000,136
34.00833,136
34.01667,136
34.02500,136
34.03333,136
34.04167,136
34.05000,136
34.05833,137
34.06667,137
34.07500,136
34.08333,136
34.09167,136
34.10000,136
34.10833,136
34.11667,136
34.12500,137
34.13333,137
34.14167,137
34.15000,137
34.15833,137
34.16667,137
34.17500,136
34.18333,136
34.19167,136
34.20000,136
34.20833,137
34.21667,137
34.22500,137
34.23333,137
34.24167,137
34.25000,137
34.25833,137
34.26667,137
34.27500,137
34.28333,137
34.29167,137
34.30000,137
34.30833,137
34.31667,137
34.32500,137
34.33333,137
34.34167,137
34.35000,137
34.35833,137
34.36667,137
34.37500,137
34.38333,137
34.39167,136
34.40000,136
34.40833,136
34.41667,136
34.42500,137
34.43333,137
34.44167,137
34.45000,138
34.45833,138
34.46667,138
34.47500,138
34.48333,137
34.49167,137
34.50000,138
34.50833,138
34.51667,138
34.52500,138
34.53333,138
34.54167,137
34.55000,137
34.55833,137
34.56667,137
34.57500,137
34.58333,138
34.59167,138
34.60000,138
34.60833,137
34.61667,137
34.62500,137
34.63333,137
34.64167,137
34.65000,138
34.65833,138
34.66667,138
34.67500,138
34.68333,138
34.69167,138
34.70000,138
34.70833,138
34.71667,138
34.72500,138
34.73333,138
34.74167,137
34.75000,137
34.75833,137
34.76667,137
34.77500,138
34.78333,138
34.79167,138
34.80000,138
34.80833,138
34.81667,138
34.82500,138
34.83333,138
34.84167,138
34.85000,138
34.85833,138
34.86667,138
34.87500,138
34.88333,138
34.89167,138
34.90000,138
34.90833,138
34.91667,138
34.92500,138
34.93333,138
34.94167,137
34.95000,137
34.95833,137
34.96667,137
34.97500,137
34.98333,137
34.99167,137
35.00000,137
35.00833,137
35.01667,137
35.02500,137
35.03333,138
35.04167,138
35.05000,138
35.05833,139
35.06667,139
35.07500,139
35.08333,139
35.09167,139
35.10000,139
35.10833,139
35.11667,139
35.12500,139
35.13333,139
35.14167,139
35.15000,139
35.15833,139
35.16667,139
35.17500,139
35.18333,138
35.19167,138
35.20000,138
35.20833,139
35.21667,139
35.22500,139
35.23333,139
35.24167,139
35.25000,139
35.25833,139
35.26667,139
35.27500,139
35.28333,139
35.29167,139
35.30000,139
35.30833,139
35.31667,139
35.32500,139
35.33333,139
35.34167,139
35.35000,139
35.35833,139
35.36667,139
35.37500,139
35.38333,138
35.39167,139
35.40000,139
35.40833,139
35.41667,139
35.42500,139
35.43333,140
35.44167,140
35.45000,139
35.45833,139
35.46667,139
35.47500,139
35.48333,139
35.49167,139
35.50000,139
35.50833,139
35.51667,139
35.52500,139
35.53333,139
35.54167,139
35.55000,139
35.55833,139
35.56667,139
35.57500,139
35.58333,139
35.59167,139
35.60000,139
35.60833,139
35.61667,139
35.62500,139
35.63333,139
35.64167,139
35.65000,140
35.65833,140
35.66667,140
35.67500,140
35.68333,139
35.69167,139
35.70000,139
35.70833,139
35.71667,139
35.72500,140
35.73333,140
35.74167,140
35.75000,140
35.75833,140
35.76667,140
35.77500,139
35.78333,140
35.79167,140
35.80000,140
35.80833,140
35.81667,140
35.82500,140
35.83333,140
35.84167,140
35.85000,140
35.85833,140
35.86667,140
35.87500,139
35.88333,139
35.89167,140
35.90000,140
35.90833,140
35.91667,140
35.92500,140
35.93333,140
35.94167,140
35.95000,140
35.95833,140
35.96667,140
35.97500,140
35.98333,140
35.99167,140
36.00000,140
36.00833,140
36.01667,140
36.02500,140
36.03333,140
36.04167,140
36.05000,141
36.05833,140
36.06667,140
36.07500,140
36.08333,141
36.09167,141
36.10000,141
36.10833,141
36.11667,141
36.12500,141
36.13333,140
36.14167,140
36.15000,140
36.15833,141
36.16667,141
36.17500,141
36.18333,141
36.19167,141
36.20000,141
36.20833,142
36.21667,142
36.22500,142
36.23333,142
36.24167,142
36.25000,142
36.25833,142
36.26667,142
36.27500,142
36.28333,142
36.29167,142
36.30000,142
36.30833,142
36.31667,142
36.32500,142
36.33333,142
36.34167,142
36.35000,142
36.35833,142
36.36667,142
36.37500,142
36.38333,142
36.39167,142
36.40000,142
36.40833,143
36.41667,143
36.42500,143
36.43333,143
36.44167,143
36.45000,143
36.45833,143
36.46667,143
36.47500,142
36.48333,142
36.49167,142
36.50000,142
36.50833,142
36.51667,142
36.52500,142
36.53333,142
36.54167,143
36.55000,143
36.55833,143
36.56667,143
36.57500,143
36.58333,143
36.59167,143
36.60000,143
36.60833,143
36.61667,143
36.62500,143
36.63333,143
36.64167,144
36.65000,144
36.65833,144
36.66667,144
36.67500,144
36.68333,144
36.69167,144
36.70000,144
36.70833,144
36.71667,144
36.72500,144
36.73333,144
36.74167,144
36.75000,144
36.75833,144
36.76667,144
36.77500,144
36.78333,143
36.79167,143
36.80000,143
36.80833,143
36.81667,143
36.82500,143
36.83333,143
36.84167,143
36.85000,144
36.85833,144
36.86667,144
36.87500,144
36.88333,144
36.89167,144
36.90000,144
36.90833,144
36.91667,144
36.92500,145
36.93333,145
36.94167,145
36.95000,145
36.95833,145
36.96667,145
36.97500,145
36.98333,145
36.99167,145
37.00000,145
37.00833,144
37.01667,144
37.02500,144
37.03333,144
37.04167,144
37.05000,144
37.05833,144
37.06667,144
37.07500,144
37.08333,145
37.09167,145
37.10000,145
37.10833,145
37.11667,145
37.12500,144
37.13333,144
37.14167,144
37.15000,144
37.15833,144
37.16667,144
37.17500,145
37.18333,145
37.19167,145
37.20000,145
37.20833,145
37.21667,146
37.22500,146
37.23333,146
37.24167,146
37.25000,145
37.25833,145
37.26667,146
37.27500,146
37.28333,145
37.29167,145
37.30000,145
37.30833,145
37.31667,145
37.32500,146
37.33333,146
37.34167,146
37.35000,146
37.35833,147
37.36667,147
37.37500,147
37.38333,147
37.39167,147
37.40000,147
37.40833,147
37.41667,147
37.42500,147
37.43333,147
37.44167,147
37.45000,147
37.45833,147
37.46667,147
37.47500,147
37.48333,147
37.49167,147
37.50000,147
37.50833,147
37.51667,147
37.52500,147
37.53333,147
37.54167,147
37.55000,147
37.55833,147
37.56667,147
37.57500,147
37.58333,147
37.59167,147
37.60000,147
37.60833,147
37.61667,148
37.62500,148
37.63333,148
37.64167,148
37.65000,148
37.65833,148
37.66667,148
37.67500,148
37.68333,148
37.69167,148
37.70000,148
37.70833,148
37.71667,148
37.72500,147
37.73333,148
37.74167,148
37.75000,148
37.75833,148
37.76667,148
37.77500,148
37.78333,148
37.79167,148
37.80000,148
37.80833,148
37.81667,149
37.82500,149
37.83333,149
37.84167,149
37.85000,149
37.85833,149
37.86667,149
37.87500,149
37.88333,149
37.89167,150
37.90000,150
37.90833,149
37.91667,149
37.92500,149
37.93333,149
37.94167,149
37.95000,149
37.95833,149
37.96667,149
37.97500,148
37.98333,149
37.99167,149
38.00000,149
38.00833,150
38.01667,150
38.02500,150
38.03333,150
38.04167,150
38.05000,149
38.05833,149
38.06667,149
38.07500,150
38.08333,150
38.09167,150
38.10000,150
38.10833,150
38.11667,150
38.12500,150
38.13333,150
38.14167,150
38.15000,150
38.15833,150
38.16667,150
38.17500,150
38.18333,150
38.19167,149
38.20000,149
38.20833,149
38.21667,150
38.22500,150
38.23333,150
38.24167,150
38.25000,150
38.25833,150
38.26667,150
38.27500,150
38.28333,150
38.29167,150
38.30000,150
38.30833,150
38.31667,150
38.32500,150
38.33333,150
38.34167,150
38.35000,150
38.35833,150
38.36667,150
38.37500,150
38.38333,150
38.39167,150
38.40000,150
38.40833,150
38.41667,150
38.42500,150
38.43333,150
38.44167,150
38.45000,150
38.45833,151
38.46667,150
38.47500,150
38.48333,150
38.49167,150
38.50000,150
38.50833,150
38.51667,150
38.52500,150
38.53333,150
38.54167,150
38.55000,150
38.55833,150
38.56667,150
38.57500,150
38.58333,150
38.59167,150
38.60000,150
38.60833,150
38.61667,149
38.62500,149
38.63333,149
38.64167,150
38.65000,150
38.65833,150
38.66667,150
38.67500,150
38.68333,150
38.69167,150
38.70000,150
38.70833,150
38.71667,150
38.72500,150
38.73333,150
38.74167,150
38.75000,150
38.75833,150
38.76667,150
38.77500,150
38.78333,150
38.79167,150
38.80000,150
38.80833,150
38.81667,150
38.82500,150
38.83333,150
38.84167,150
38.85000,150
38.85833,151
38.86667,151
38.87500,151
38.88333,151
38.89167,151
38.90000,151
38.90833,151
38.91667,152
38.92500,152
38.93333,152
38.94167,152
38.95000,152
38.95833,151
38.96667,151
38.97500,151
38.98333,151
38.99167,151
39.00000,151
39.00833,151
39.01667,151
39.02500,151
39.03333,151
39.04167,151
39.05000,151
39.05833,152
39.06667,152
39.07500,152
39.08333,152
39.09167,151
39.10000,151
39.10833,151
39.11667,152
39.12500,152
39.13333,151
39.14167,152
39.15000,151
39.15833,151
39.16667,152
39.17500,152
39.18333,152
39.19167,152
39.20000,152
39.20833,152
39.21667,152
39.22500,152
39.23333,152
39.24167,152
39.25000,152
39.25833,152
39.26667,152
39.27500,152
39.28333,152
39.29167,152
39.30000,152
39.30833,153
39.31667,153
39.32500,153
39.33333,153
39.34167,153
39.35000,153
39.35833,153
39.36667,153
39.37500,153
39.38333,153
39.39167,153
39.40000,153
39.40833,153
39.41667,153
39.42500,153
39.43333,153
39.44167,153
39.45000,153
39.45833,153
39.46667,153
39.47500,153
39.48333,152
39.49167,152
39.50000,152
39.50833,152
39.51667,152
39.52500,152
39.53333,153
39.54167,153
39.55000,153
39.55833,153
39.56667,153
39.57500,153
39.58333,154
39.59167,154
39.60000,154
39.60833,154
39.61667,154
39.62500,154
39.63333,154
39.64167,154
39.65000,154
39.65833,154
39.66667,154
39.67500,154
39.68333,154
39.69167,154
39.70000,154
39.70833,154
39.71667,154
39.72500,153
39.73333,153
39.74167,153
39.75000,154
39.75833,154
39.76667,155
39.77500,155
39.78333,155
39.79167,155
39.80000,155
39.80833,155
39.81667,155
39.82500,154
39.83333,154
39.84167,155
39.85000,155
39.85833,155
39.86667,155
39.87500,155
39.88333,155
39.89167,155
39.90000,155
39.90833,155
39.91667,155
39.92500,155
39.93333,155
39.94167,155
39.95000,155
39.95833,155
39.96667,155
39.97500,156
39.98333,156
39.99167,156
40.00000,156

