[Header]
Application Name,LabSolutions
Version,5.97 SP1
Data File Name,C:\Users\cremerlab\Desktop\griffin\2021-04-27_REL606_acetate_turnover_redux\2021-04-27_REL606_DM_acetate_turnover_4282021_002_014.lcd
Output Date,4/28/2021
Output Time,10:21:42 PM

[File Information]
Type,Data File
Generated,4/28/2021 9:41:21 PM
Generated by,System Administrator
Modified,4/28/2021 10:21:42 PM
Modified by,System Administrator

[Sample Information]
Operator Name,System Administrator
Acquired,4/28/2021 9:41:41 PM
Sample Type,0:Unknown
Level,0
Sample Name,2021-04-07_REL606_replicate_004_timepoint_002
Sample ID,002
ISTD Amount1,1
ISTD Amount2,1
ISTD Amount3,1
ISTD Amount4,1
ISTD Amount5,1
ISTD Amount6,1
ISTD Amount7,1
ISTD Amount8,1
ISTD Amount9,1
ISTD Amount10,1
ISTD Amount11,1
ISTD Amount12,1
ISTD Amount13,1
ISTD Amount14,1
ISTD Amount15,1
ISTD Amount16,1
ISTD Amount17,1
ISTD Amount18,1
ISTD Amount19,1
ISTD Amount20,1
ISTD Amount21,1
ISTD Amount22,1
ISTD Amount23,1
ISTD Amount24,1
ISTD Amount25,1
ISTD Amount26,1
ISTD Amount27,1
ISTD Amount28,1
ISTD Amount29,1
ISTD Amount30,1
ISTD Amount31,1
ISTD Amount32,1
Sample Amount,1
Dilution Factor,1
Vial#,29
Injection Volume,20

[Original Files]
Data File,C:\Users\cremerlab\Desktop\griffin\2021-04-27_REL606_acetate_turnover_redux\2021-04-27_REL606_DM_acetate_turnover_4282021_002_014.lcd
Method File,C:\Users\cremerlab\Desktop\griffin\2.5mM_H2SO4_mobile_phase.lcm
Batch File,C:\Users\cremerlab\Desktop\griffin\2021-04-27_REL606_acetate_turnover_redux\2021-04-27_REL606_DM_acetate_turnover.lcb
Report Format File,c:\LabSolutions\System\DEFAULT.lsr

[File Description]


[Configuration]
Instrument Name,HPLC-PC-Instrument1
Instrument #,1
Line #,1
# of Detectors,2
Detector ID,Detector A,Detector B
Detector Name,Detector A,Detector B
# of Channels,1,1

[Peak Table(Detector A)]
# of Peaks,0

[Peak Table(Detector B)]
# of Peaks,6
Peak#,R.Time,I.Time,F.Time,Area,Height,A/H,Conc.,Mark,ID#,Name,k',Plate #,Plate Ht.,Tailing,Resolution,Sep.Factor,Area Ratio,Height Ratio,Conc. %,Norm Conc.
1,10.925,10.458,11.567,228481,13561,16.848,0.000,   ,,,0.000,9516,15.763,1.033,0.000,0.000,0,0,0.000,0.000
2,13.952,12.608,14.267,1553344,42058,36.933,0.000,   ,,,0.277,3202,46.840,0.000,4.221,0.000,0,0,0.000,0.000
3,14.492,14.267,15.125,157398,7296,21.575,0.000, V ,,,0.327,9554,15.700,0.000,0.685,1.179,0,0,0.000,0.000
4,15.284,15.125,16.175,6195,233,26.614,0.000, V ,,,0.399,2263,66.280,0.000,0.843,1.222,0,0,0.000,0.000
5,19.230,18.900,19.733,2359,102,23.040,0.000,   ,,,0.760,15407,9.736,1.187,4.143,1.905,0,0,0.000,0.000
6,25.128,24.383,26.242,321469,10833,29.675,0.000,   ,,,1.300,16422,9.134,1.079,8.401,1.710,0,0,0.000,0.000

[LC Chromatogram(Detector B-Ch1)]
Interval(msec),500
# of Points,4801
Start Time(min),0.000
End Time(min),40.000
Intensity Units,mV
Intensity Multiplier,0.001
R.Time (min),Intensity
0.00000,1
0.00833,1
0.01667,0
0.02500,0
0.03333,0
0.04167,-0
0.05000,-0
0.05833,-0
0.06667,-0
0.07500,0
0.08333,1
0.09167,1
0.10000,1
0.10833,1
0.11667,1
0.12500,1
0.13333,1
0.14167,0
0.15000,-0
0.15833,-0
0.16667,-0
0.17500,-0
0.18333,-0
0.19167,-0
0.20000,0
0.20833,0
0.21667,1
0.22500,1
0.23333,1
0.24167,1
0.25000,1
0.25833,1
0.26667,1
0.27500,1
0.28333,0
0.29167,0
0.30000,0
0.30833,1
0.31667,1
0.32500,1
0.33333,1
0.34167,1
0.35000,2
0.35833,2
0.36667,2
0.37500,2
0.38333,2
0.39167,2
0.40000,1
0.40833,1
0.41667,1
0.42500,1
0.43333,1
0.44167,1
0.45000,1
0.45833,1
0.46667,1
0.47500,1
0.48333,1
0.49167,1
0.50000,1
0.50833,1
0.51667,2
0.52500,2
0.53333,3
0.54167,2
0.55000,2
0.55833,2
0.56667,2
0.57500,2
0.58333,3
0.59167,3
0.60000,3
0.60833,4
0.61667,4
0.62500,3
0.63333,4
0.64167,4
0.65000,3
0.65833,4
0.66667,4
0.67500,4
0.68333,4
0.69167,4
0.70000,4
0.70833,4
0.71667,5
0.72500,5
0.73333,5
0.74167,5
0.75000,5
0.75833,5
0.76667,5
0.77500,5
0.78333,5
0.79167,5
0.80000,5
0.80833,5
0.81667,5
0.82500,5
0.83333,5
0.84167,5
0.85000,5
0.85833,5
0.86667,5
0.87500,5
0.88333,6
0.89167,6
0.90000,6
0.90833,6
0.91667,6
0.92500,6
0.93333,6
0.94167,6
0.95000,5
0.95833,5
0.96667,6
0.97500,6
0.98333,6
0.99167,6
1.00000,7
1.00833,7
1.01667,7
1.02500,7
1.03333,7
1.04167,7
1.05000,7
1.05833,7
1.06667,7
1.07500,7
1.08333,7
1.09167,7
1.10000,7
1.10833,7
1.11667,7
1.12500,7
1.13333,7
1.14167,7
1.15000,7
1.15833,7
1.16667,7
1.17500,7
1.18333,6
1.19167,6
1.20000,6
1.20833,6
1.21667,6
1.22500,6
1.23333,7
1.24167,7
1.25000,7
1.25833,6
1.26667,6
1.27500,6
1.28333,6
1.29167,6
1.30000,6
1.30833,6
1.31667,6
1.32500,6
1.33333,6
1.34167,6
1.35000,5
1.35833,5
1.36667,5
1.37500,5
1.38333,5
1.39167,5
1.40000,5
1.40833,5
1.41667,5
1.42500,6
1.43333,6
1.44167,6
1.45000,5
1.45833,5
1.46667,5
1.47500,5
1.48333,5
1.49167,5
1.50000,5
1.50833,5
1.51667,5
1.52500,5
1.53333,5
1.54167,5
1.55000,5
1.55833,5
1.56667,4
1.57500,4
1.58333,4
1.59167,4
1.60000,4
1.60833,3
1.61667,3
1.62500,3
1.63333,3
1.64167,4
1.65000,4
1.65833,4
1.66667,4
1.67500,4
1.68333,4
1.69167,4
1.70000,4
1.70833,4
1.71667,4
1.72500,4
1.73333,4
1.74167,4
1.75000,4
1.75833,5
1.76667,4
1.77500,4
1.78333,4
1.79167,4
1.80000,4
1.80833,4
1.81667,4
1.82500,4
1.83333,3
1.84167,3
1.85000,2
1.85833,2
1.86667,2
1.87500,2
1.88333,2
1.89167,2
1.90000,3
1.90833,3
1.91667,3
1.92500,3
1.93333,3
1.94167,3
1.95000,2
1.95833,2
1.96667,2
1.97500,3
1.98333,3
1.99167,3
2.00000,3
2.00833,3
2.01667,3
2.02500,3
2.03333,3
2.04167,3
2.05000,3
2.05833,3
2.06667,3
2.07500,3
2.08333,3
2.09167,3
2.10000,3
2.10833,3
2.11667,3
2.12500,4
2.13333,3
2.14167,3
2.15000,3
2.15833,3
2.16667,3
2.17500,3
2.18333,3
2.19167,4
2.20000,4
2.20833,4
2.21667,4
2.22500,4
2.23333,4
2.24167,4
2.25000,4
2.25833,4
2.26667,4
2.27500,4
2.28333,4
2.29167,4
2.30000,4
2.30833,4
2.31667,4
2.32500,4
2.33333,3
2.34167,3
2.35000,3
2.35833,4
2.36667,4
2.37500,4
2.38333,5
2.39167,5
2.40000,5
2.40833,4
2.41667,4
2.42500,4
2.43333,4
2.44167,4
2.45000,4
2.45833,3
2.46667,3
2.47500,3
2.48333,4
2.49167,4
2.50000,4
2.50833,4
2.51667,4
2.52500,4
2.53333,4
2.54167,4
2.55000,4
2.55833,4
2.56667,3
2.57500,3
2.58333,3
2.59167,4
2.60000,4
2.60833,4
2.61667,4
2.62500,4
2.63333,4
2.64167,4
2.65000,4
2.65833,4
2.66667,4
2.67500,4
2.68333,4
2.69167,4
2.70000,4
2.70833,4
2.71667,4
2.72500,5
2.73333,5
2.74167,5
2.75000,5
2.75833,5
2.76667,4
2.77500,4
2.78333,4
2.79167,4
2.80000,4
2.80833,5
2.81667,5
2.82500,5
2.83333,5
2.84167,5
2.85000,5
2.85833,5
2.86667,5
2.87500,5
2.88333,5
2.89167,5
2.90000,5
2.90833,5
2.91667,5
2.92500,5
2.93333,5
2.94167,5
2.95000,4
2.95833,4
2.96667,5
2.97500,5
2.98333,5
2.99167,5
3.00000,6
3.00833,6
3.01667,6
3.02500,6
3.03333,6
3.04167,6
3.05000,6
3.05833,6
3.06667,6
3.07500,6
3.08333,6
3.09167,6
3.10000,6
3.10833,6
3.11667,6
3.12500,7
3.13333,7
3.14167,6
3.15000,6
3.15833,6
3.16667,6
3.17500,6
3.18333,5
3.19167,5
3.20000,5
3.20833,5
3.21667,5
3.22500,5
3.23333,5
3.24167,5
3.25000,6
3.25833,6
3.26667,6
3.27500,6
3.28333,6
3.29167,6
3.30000,6
3.30833,6
3.31667,6
3.32500,6
3.33333,6
3.34167,6
3.35000,6
3.35833,6
3.36667,6
3.37500,6
3.38333,7
3.39167,7
3.40000,7
3.40833,7
3.41667,7
3.42500,7
3.43333,7
3.44167,7
3.45000,7
3.45833,7
3.46667,7
3.47500,7
3.48333,7
3.49167,7
3.50000,7
3.50833,7
3.51667,7
3.52500,8
3.53333,8
3.54167,8
3.55000,8
3.55833,8
3.56667,8
3.57500,8
3.58333,8
3.59167,8
3.60000,8
3.60833,8
3.61667,8
3.62500,8
3.63333,8
3.64167,8
3.65000,8
3.65833,8
3.66667,8
3.67500,8
3.68333,8
3.69167,8
3.70000,8
3.70833,8
3.71667,8
3.72500,8
3.73333,8
3.74167,9
3.75000,9
3.75833,9
3.76667,9
3.77500,9
3.78333,9
3.79167,9
3.80000,9
3.80833,9
3.81667,9
3.82500,9
3.83333,10
3.84167,10
3.85000,10
3.85833,10
3.86667,10
3.87500,10
3.88333,10
3.89167,10
3.90000,10
3.90833,10
3.91667,10
3.92500,10
3.93333,10
3.94167,10
3.95000,9
3.95833,9
3.96667,9
3.97500,9
3.98333,9
3.99167,9
4.00000,10
4.00833,10
4.01667,10
4.02500,10
4.03333,10
4.04167,10
4.05000,11
4.05833,11
4.06667,11
4.07500,11
4.08333,11
4.09167,11
4.10000,11
4.10833,11
4.11667,11
4.12500,10
4.13333,10
4.14167,10
4.15000,10
4.15833,10
4.16667,11
4.17500,11
4.18333,11
4.19167,10
4.20000,10
4.20833,10
4.21667,10
4.22500,11
4.23333,10
4.24167,10
4.25000,10
4.25833,10
4.26667,11
4.27500,11
4.28333,11
4.29167,11
4.30000,11
4.30833,11
4.31667,10
4.32500,10
4.33333,10
4.34167,10
4.35000,10
4.35833,10
4.36667,10
4.37500,9
4.38333,9
4.39167,8
4.40000,8
4.40833,8
4.41667,9
4.42500,9
4.43333,9
4.44167,9
4.45000,9
4.45833,9
4.46667,9
4.47500,9
4.48333,9
4.49167,9
4.50000,10
4.50833,10
4.51667,9
4.52500,9
4.53333,9
4.54167,9
4.55000,9
4.55833,9
4.56667,9
4.57500,9
4.58333,9
4.59167,9
4.60000,9
4.60833,9
4.61667,8
4.62500,8
4.63333,8
4.64167,8
4.65000,9
4.65833,9
4.66667,9
4.67500,9
4.68333,9
4.69167,8
4.70000,8
4.70833,8
4.71667,8
4.72500,8
4.73333,8
4.74167,8
4.75000,8
4.75833,8
4.76667,8
4.77500,9
4.78333,9
4.79167,9
4.80000,9
4.80833,9
4.81667,9
4.82500,9
4.83333,9
4.84167,9
4.85000,9
4.85833,9
4.86667,9
4.87500,9
4.88333,9
4.89167,9
4.90000,8
4.90833,8
4.91667,8
4.92500,8
4.93333,8
4.94167,8
4.95000,9
4.95833,9
4.96667,9
4.97500,8
4.98333,8
4.99167,8
5.00000,7
5.00833,7
5.01667,8
5.02500,8
5.03333,8
5.04167,8
5.05000,8
5.05833,8
5.06667,8
5.07500,8
5.08333,8
5.09167,8
5.10000,8
5.10833,8
5.11667,8
5.12500,8
5.13333,8
5.14167,8
5.15000,8
5.15833,8
5.16667,8
5.17500,8
5.18333,8
5.19167,8
5.20000,7
5.20833,8
5.21667,8
5.22500,8
5.23333,9
5.24167,9
5.25000,9
5.25833,9
5.26667,9
5.27500,9
5.28333,9
5.29167,9
5.30000,9
5.30833,9
5.31667,8
5.32500,8
5.33333,8
5.34167,8
5.35000,8
5.35833,9
5.36667,9
5.37500,9
5.38333,9
5.39167,9
5.40000,9
5.40833,9
5.41667,9
5.42500,9
5.43333,10
5.44167,10
5.45000,10
5.45833,10
5.46667,10
5.47500,10
5.48333,10
5.49167,9
5.50000,9
5.50833,9
5.51667,9
5.52500,9
5.53333,9
5.54167,9
5.55000,9
5.55833,9
5.56667,9
5.57500,9
5.58333,9
5.59167,9
5.60000,9
5.60833,9
5.61667,9
5.62500,9
5.63333,10
5.64167,10
5.65000,10
5.65833,10
5.66667,10
5.67500,10
5.68333,10
5.69167,10
5.70000,10
5.70833,10
5.71667,10
5.72500,10
5.73333,10
5.74167,10
5.75000,10
5.75833,9
5.76667,9
5.77500,9
5.78333,9
5.79167,10
5.80000,10
5.80833,10
5.81667,10
5.82500,10
5.83333,11
5.84167,11
5.85000,11
5.85833,11
5.86667,11
5.87500,11
5.88333,11
5.89167,11
5.90000,11
5.90833,11
5.91667,10
5.92500,10
5.93333,10
5.94167,11
5.95000,11
5.95833,10
5.96667,10
5.97500,10
5.98333,10
5.99167,10
6.00000,10
6.00833,10
6.01667,10
6.02500,10
6.03333,10
6.04167,11
6.05000,11
6.05833,11
6.06667,10
6.07500,10
6.08333,10
6.09167,10
6.10000,11
6.10833,11
6.11667,11
6.12500,11
6.13333,11
6.14167,11
6.15000,11
6.15833,11
6.16667,11
6.17500,11
6.18333,11
6.19167,11
6.20000,11
6.20833,11
6.21667,11
6.22500,11
6.23333,11
6.24167,11
6.25000,11
6.25833,11
6.26667,10
6.27500,10
6.28333,10
6.29167,11
6.30000,11
6.30833,10
6.31667,10
6.32500,10
6.33333,11
6.34167,11
6.35000,11
6.35833,11
6.36667,11
6.37500,11
6.38333,11
6.39167,11
6.40000,11
6.40833,11
6.41667,11
6.42500,11
6.43333,11
6.44167,10
6.45000,10
6.45833,10
6.46667,10
6.47500,10
6.48333,11
6.49167,11
6.50000,11
6.50833,11
6.51667,11
6.52500,11
6.53333,11
6.54167,11
6.55000,11
6.55833,11
6.56667,11
6.57500,11
6.58333,11
6.59167,11
6.60000,11
6.60833,12
6.61667,12
6.62500,12
6.63333,11
6.64167,12
6.65000,12
6.65833,12
6.66667,12
6.67500,12
6.68333,12
6.69167,12
6.70000,12
6.70833,12
6.71667,12
6.72500,12
6.73333,12
6.74167,12
6.75000,12
6.75833,12
6.76667,12
6.77500,11
6.78333,11
6.79167,12
6.80000,12
6.80833,11
6.81667,11
6.82500,11
6.83333,12
6.84167,12
6.85000,12
6.85833,12
6.86667,12
6.87500,13
6.88333,13
6.89167,13
6.90000,13
6.90833,13
6.91667,13
6.92500,12
6.93333,12
6.94167,13
6.95000,13
6.95833,13
6.96667,13
6.97500,12
6.98333,12
6.99167,12
7.00000,12
7.00833,12
7.01667,12
7.02500,12
7.03333,12
7.04167,13
7.05000,12
7.05833,12
7.06667,12
7.07500,12
7.08333,12
7.09167,12
7.10000,12
7.10833,12
7.11667,12
7.12500,12
7.13333,12
7.14167,12
7.15000,12
7.15833,12
7.16667,12
7.17500,12
7.18333,13
7.19167,13
7.20000,13
7.20833,13
7.21667,13
7.22500,13
7.23333,13
7.24167,13
7.25000,13
7.25833,13
7.26667,14
7.27500,14
7.28333,14
7.29167,14
7.30000,14
7.30833,13
7.31667,13
7.32500,13
7.33333,13
7.34167,13
7.35000,14
7.35833,14
7.36667,14
7.37500,14
7.38333,13
7.39167,13
7.40000,13
7.40833,14
7.41667,14
7.42500,13
7.43333,13
7.44167,13
7.45000,14
7.45833,14
7.46667,14
7.47500,14
7.48333,14
7.49167,14
7.50000,14
7.50833,14
7.51667,14
7.52500,14
7.53333,14
7.54167,14
7.55000,14
7.55833,14
7.56667,14
7.57500,13
7.58333,13
7.59167,13
7.60000,13
7.60833,13
7.61667,13
7.62500,13
7.63333,13
7.64167,14
7.65000,14
7.65833,14
7.66667,13
7.67500,13
7.68333,13
7.69167,13
7.70000,13
7.70833,13
7.71667,13
7.72500,13
7.73333,13
7.74167,14
7.75000,14
7.75833,14
7.76667,14
7.77500,14
7.78333,14
7.79167,14
7.80000,15
7.80833,15
7.81667,14
7.82500,14
7.83333,14
7.84167,14
7.85000,14
7.85833,14
7.86667,14
7.87500,14
7.88333,14
7.89167,14
7.90000,14
7.90833,14
7.91667,14
7.92500,15
7.93333,15
7.94167,15
7.95000,15
7.95833,15
7.96667,15
7.97500,15
7.98333,15
7.99167,15
8.00000,15
8.00833,15
8.01667,15
8.02500,15
8.03333,15
8.04167,15
8.05000,15
8.05833,14
8.06667,14
8.07500,14
8.08333,14
8.09167,14
8.10000,14
8.10833,15
8.11667,15
8.12500,14
8.13333,14
8.14167,15
8.15000,15
8.15833,15
8.16667,15
8.17500,15
8.18333,15
8.19167,15
8.20000,15
8.20833,15
8.21667,15
8.22500,15
8.23333,15
8.24167,15
8.25000,15
8.25833,16
8.26667,16
8.27500,15
8.28333,15
8.29167,15
8.30000,15
8.30833,15
8.31667,15
8.32500,15
8.33333,15
8.34167,15
8.35000,15
8.35833,16
8.36667,16
8.37500,16
8.38333,16
8.39167,16
8.40000,16
8.40833,15
8.41667,15
8.42500,15
8.43333,15
8.44167,15
8.45000,15
8.45833,15
8.46667,15
8.47500,15
8.48333,15
8.49167,15
8.50000,15
8.50833,15
8.51667,15
8.52500,15
8.53333,15
8.54167,16
8.55000,16
8.55833,15
8.56667,15
8.57500,15
8.58333,15
8.59167,15
8.60000,15
8.60833,15
8.61667,15
8.62500,15
8.63333,15
8.64167,15
8.65000,15
8.65833,15
8.66667,15
8.67500,15
8.68333,15
8.69167,15
8.70000,15
8.70833,16
8.71667,16
8.72500,16
8.73333,16
8.74167,16
8.75000,16
8.75833,16
8.76667,16
8.77500,16
8.78333,16
8.79167,16
8.80000,16
8.80833,16
8.81667,15
8.82500,15
8.83333,16
8.84167,16
8.85000,16
8.85833,17
8.86667,17
8.87500,17
8.88333,17
8.89167,17
8.90000,17
8.90833,17
8.91667,16
8.92500,16
8.93333,16
8.94167,16
8.95000,16
8.95833,16
8.96667,16
8.97500,16
8.98333,16
8.99167,16
9.00000,16
9.00833,17
9.01667,17
9.02500,17
9.03333,17
9.04167,17
9.05000,17
9.05833,17
9.06667,17
9.07500,17
9.08333,16
9.09167,16
9.10000,16
9.10833,16
9.11667,16
9.12500,16
9.13333,16
9.14167,16
9.15000,16
9.15833,16
9.16667,16
9.17500,16
9.18333,16
9.19167,17
9.20000,17
9.20833,17
9.21667,17
9.22500,17
9.23333,18
9.24167,18
9.25000,18
9.25833,18
9.26667,18
9.27500,17
9.28333,17
9.29167,17
9.30000,17
9.30833,17
9.31667,17
9.32500,17
9.33333,17
9.34167,17
9.35000,17
9.35833,17
9.36667,17
9.37500,17
9.38333,18
9.39167,18
9.40000,18
9.40833,18
9.41667,18
9.42500,18
9.43333,18
9.44167,18
9.45000,18
9.45833,18
9.46667,18
9.47500,18
9.48333,17
9.49167,17
9.50000,17
9.50833,16
9.51667,16
9.52500,16
9.53333,16
9.54167,17
9.55000,17
9.55833,17
9.56667,17
9.57500,17
9.58333,17
9.59167,17
9.60000,17
9.60833,17
9.61667,17
9.62500,18
9.63333,18
9.64167,18
9.65000,18
9.65833,17
9.66667,17
9.67500,17
9.68333,17
9.69167,17
9.70000,17
9.70833,17
9.71667,17
9.72500,17
9.73333,17
9.74167,17
9.75000,18
9.75833,18
9.76667,18
9.77500,18
9.78333,18
9.79167,18
9.80000,18
9.80833,18
9.81667,18
9.82500,18
9.83333,18
9.84167,18
9.85000,18
9.85833,18
9.86667,18
9.87500,18
9.88333,18
9.89167,19
9.90000,19
9.90833,19
9.91667,19
9.92500,19
9.93333,19
9.94167,19
9.95000,19
9.95833,20
9.96667,20
9.97500,20
9.98333,20
9.99167,20
10.00000,21
10.00833,21
10.01667,22
10.02500,22
10.03333,22
10.04167,22
10.05000,23
10.05833,23
10.06667,23
10.07500,23
10.08333,24
10.09167,25
10.10000,25
10.10833,26
10.11667,26
10.12500,27
10.13333,28
10.14167,28
10.15000,29
10.15833,30
10.16667,31
10.17500,32
10.18333,33
10.19167,34
10.20000,34
10.20833,35
10.21667,35
10.22500,36
10.23333,36
10.24167,37
10.25000,37
10.25833,38
10.26667,39
10.27500,39
10.28333,39
10.29167,40
10.30000,40
10.30833,41
10.31667,41
10.32500,41
10.33333,41
10.34167,41
10.35000,41
10.35833,41
10.36667,41
10.37500,41
10.38333,41
10.39167,40
10.40000,40
10.40833,40
10.41667,40
10.42500,39
10.43333,39
10.44167,39
10.45000,39
10.45833,39
10.46667,40
10.47500,40
10.48333,41
10.49167,42
10.50000,44
10.50833,46
10.51667,49
10.52500,54
10.53333,60
10.54167,67
10.55000,77
10.55833,90
10.56667,107
10.57500,128
10.58333,155
10.59167,189
10.60000,230
10.60833,279
10.61667,340
10.62500,412
10.63333,498
10.64167,600
10.65000,720
10.65833,858
10.66667,1018
10.67500,1200
10.68333,1406
10.69167,1638
10.70000,1898
10.70833,2186
10.71667,2504
10.72500,2853
10.73333,3231
10.74167,3641
10.75000,4081
10.75833,4550
10.76667,5047
10.77500,5570
10.78333,6116
10.79167,6682
10.80000,7263
10.80833,7855
10.81667,8452
10.82500,9049
10.83333,9640
10.84167,10216
10.85000,10771
10.85833,11296
10.86667,11785
10.87500,12228
10.88333,12620
10.89167,12952
10.90000,13218
10.90833,13413
10.91667,13532
10.92500,13572
10.93333,13532
10.94167,13412
10.95000,13212
10.95833,12936
10.96667,12589
10.97500,12177
10.98333,11707
10.99167,11187
11.00000,10627
11.00833,10036
11.01667,9423
11.02500,8799
11.03333,8170
11.04167,7547
11.05000,6937
11.05833,6345
11.06667,5778
11.07500,5240
11.08333,4733
11.09167,4261
11.10000,3823
11.10833,3420
11.11667,3052
11.12500,2717
11.13333,2415
11.14167,2142
11.15000,1898
11.15833,1680
11.16667,1485
11.17500,1312
11.18333,1158
11.19167,1021
11.20000,900
11.20833,792
11.21667,697
11.22500,612
11.23333,536
11.24167,469
11.25000,410
11.25833,357
11.26667,310
11.27500,269
11.28333,232
11.29167,199
11.30000,171
11.30833,146
11.31667,123
11.32500,104
11.33333,87
11.34167,72
11.35000,59
11.35833,47
11.36667,37
11.37500,29
11.38333,21
11.39167,14
11.40000,8
11.40833,4
11.41667,-1
11.42500,-4
11.43333,-8
11.44167,-10
11.45000,-13
11.45833,-15
11.46667,-17
11.47500,-18
11.48333,-19
11.49167,-21
11.50000,-22
11.50833,-23
11.51667,-24
11.52500,-25
11.53333,-25
11.54167,-26
11.55000,-26
11.55833,-27
11.56667,-27
11.57500,-27
11.58333,-28
11.59167,-28
11.60000,-28
11.60833,-28
11.61667,-27
11.62500,-27
11.63333,-26
11.64167,-26
11.65000,-25
11.65833,-25
11.66667,-24
11.67500,-23
11.68333,-22
11.69167,-21
11.70000,-21
11.70833,-20
11.71667,-19
11.72500,-18
11.73333,-17
11.74167,-17
11.75000,-15
11.75833,-14
11.76667,-13
11.77500,-12
11.78333,-10
11.79167,-9
11.80000,-8
11.80833,-8
11.81667,-6
11.82500,-5
11.83333,-4
11.84167,-3
11.85000,-2
11.85833,-1
11.86667,-0
11.87500,0
11.88333,1
11.89167,2
11.90000,2
11.90833,3
11.91667,3
11.92500,4
11.93333,4
11.94167,5
11.95000,5
11.95833,6
11.96667,6
11.97500,7
11.98333,7
11.99167,8
12.00000,8
12.00833,8
12.01667,8
12.02500,9
12.03333,10
12.04167,11
12.05000,12
12.05833,12
12.06667,13
12.07500,13
12.08333,13
12.09167,14
12.10000,14
12.10833,14
12.11667,15
12.12500,16
12.13333,16
12.14167,17
12.15000,17
12.15833,18
12.16667,18
12.17500,18
12.18333,19
12.19167,20
12.20000,21
12.20833,22
12.21667,22
12.22500,23
12.23333,23
12.24167,24
12.25000,24
12.25833,25
12.26667,26
12.27500,27
12.28333,28
12.29167,29
12.30000,30
12.30833,31
12.31667,31
12.32500,32
12.33333,33
12.34167,33
12.35000,34
12.35833,35
12.36667,35
12.37500,36
12.38333,38
12.39167,39
12.40000,39
12.40833,40
12.41667,40
12.42500,41
12.43333,42
12.44167,42
12.45000,43
12.45833,43
12.46667,44
12.47500,44
12.48333,44
12.49167,45
12.50000,45
12.50833,46
12.51667,46
12.52500,47
12.53333,47
12.54167,47
12.55000,47
12.55833,47
12.56667,48
12.57500,48
12.58333,48
12.59167,49
12.60000,49
12.60833,50
12.61667,51
12.62500,51
12.63333,52
12.64167,54
12.65000,56
12.65833,59
12.66667,62
12.67500,66
12.68333,71
12.69167,78
12.70000,85
12.70833,94
12.71667,106
12.72500,119
12.73333,134
12.74167,153
12.75000,175
12.75833,201
12.76667,230
12.77500,264
12.78333,303
12.79167,347
12.80000,396
12.80833,450
12.81667,511
12.82500,577
12.83333,650
12.84167,729
12.85000,815
12.85833,907
12.86667,1006
12.87500,1112
12.88333,1224
12.89167,1343
12.90000,1468
12.90833,1600
12.91667,1739
12.92500,1884
12.93333,2034
12.94167,2191
12.95000,2353
12.95833,2521
12.96667,2694
12.97500,2872
12.98333,3056
12.99167,3244
13.00000,3436
13.00833,3634
13.01667,3836
13.02500,4042
13.03333,4252
13.04167,4466
13.05000,4684
13.05833,4906
13.06667,5131
13.07500,5359
13.08333,5591
13.09167,5826
13.10000,6063
13.10833,6304
13.11667,6548
13.12500,6794
13.13333,7044
13.14167,7296
13.15000,7551
13.15833,7808
13.16667,8069
13.17500,8332
13.18333,8598
13.19167,8866
13.20000,9136
13.20833,9408
13.21667,9684
13.22500,9961
13.23333,10240
13.24167,10522
13.25000,10807
13.25833,11093
13.26667,11382
13.27500,11673
13.28333,11967
13.29167,12262
13.30000,12560
13.30833,12860
13.31667,13163
13.32500,13468
13.33333,13774
13.34167,14083
13.35000,14395
13.35833,14708
13.36667,15024
13.37500,15342
13.38333,15662
13.39167,15985
13.40000,16309
13.40833,16637
13.41667,16966
13.42500,17298
13.43333,17632
13.44167,17967
13.45000,18305
13.45833,18645
13.46667,18988
13.47500,19333
13.48333,19681
13.49167,20031
13.50000,20384
13.50833,20739
13.51667,21096
13.52500,21456
13.53333,21818
13.54167,22183
13.55000,22550
13.55833,22919
13.56667,23291
13.57500,23666
13.58333,24043
13.59167,24422
13.60000,24804
13.60833,25189
13.61667,25576
13.62500,25966
13.63333,26358
13.64167,26754
13.65000,27152
13.65833,27552
13.66667,27955
13.67500,28361
13.68333,28770
13.69167,29181
13.70000,29595
13.70833,30012
13.71667,30431
13.72500,30853
13.73333,31279
13.74167,31707
13.75000,32138
13.75833,32572
13.76667,33008
13.77500,33448
13.78333,33891
13.79167,34336
13.80000,34785
13.80833,35237
13.81667,35691
13.82500,36148
13.83333,36608
13.84167,37071
13.85000,37536
13.85833,38004
13.86667,38473
13.87500,38943
13.88333,39410
13.89167,39873
13.90000,40325
13.90833,40758
13.91667,41162
13.92500,41522
13.93333,41818
13.94167,42030
13.95000,42130
13.95833,42092
13.96667,41889
13.97500,41496
13.98333,40895
13.99167,40070
14.00000,39016
14.00833,37737
14.01667,36246
14.02500,34564
14.03333,32721
14.04167,30752
14.05000,28696
14.05833,26594
14.06667,24484
14.07500,22401
14.08333,20379
14.09167,18443
14.10000,16616
14.10833,14910
14.11667,13337
14.12500,11899
14.13333,10597
14.14167,9428
14.15000,8388
14.15833,7467
14.16667,6659
14.17500,5954
14.18333,5345
14.19167,4822
14.20000,4379
14.20833,4007
14.21667,3701
14.22500,3455
14.23333,3262
14.24167,3120
14.25000,3023
14.25833,2969
14.26667,2954
14.27500,2976
14.28333,3031
14.29167,3117
14.30000,3232
14.30833,3373
14.31667,3537
14.32500,3723
14.33333,3927
14.34167,4146
14.35000,4378
14.35833,4620
14.36667,4869
14.37500,5121
14.38333,5373
14.39167,5622
14.40000,5865
14.40833,6098
14.41667,6320
14.42500,6526
14.43333,6714
14.44167,6883
14.45000,7029
14.45833,7150
14.46667,7247
14.47500,7317
14.48333,7360
14.49167,7376
14.50000,7365
14.50833,7327
14.51667,7263
14.52500,7175
14.53333,7064
14.54167,6932
14.55000,6779
14.55833,6610
14.56667,6424
14.57500,6225
14.58333,6016
14.59167,5797
14.60000,5571
14.60833,5340
14.61667,5107
14.62500,4872
14.63333,4638
14.64167,4406
14.65000,4178
14.65833,3954
14.66667,3736
14.67500,3525
14.68333,3321
14.69167,3124
14.70000,2936
14.70833,2757
14.71667,2586
14.72500,2423
14.73333,2270
14.74167,2125
14.75000,1989
14.75833,1860
14.76667,1740
14.77500,1628
14.78333,1523
14.79167,1424
14.80000,1332
14.80833,1247
14.81667,1168
14.82500,1094
14.83333,1026
14.84167,962
14.85000,904
14.85833,850
14.86667,800
14.87500,753
14.88333,710
14.89167,671
14.90000,635
14.90833,601
14.91667,570
14.92500,541
14.93333,514
14.94167,490
14.95000,469
14.95833,449
14.96667,430
14.97500,413
14.98333,398
14.99167,384
15.00000,371
15.00833,360
15.01667,349
15.02500,340
15.03333,331
15.04167,324
15.05000,317
15.05833,311
15.06667,307
15.07500,303
15.08333,300
15.09167,298
15.10000,296
15.10833,295
15.11667,294
15.12500,294
15.13333,294
15.14167,295
15.15000,296
15.15833,298
15.16667,300
15.17500,302
15.18333,304
15.19167,306
15.20000,309
15.20833,312
15.21667,314
15.22500,317
15.23333,319
15.24167,321
15.25000,323
15.25833,324
15.26667,325
15.27500,326
15.28333,326
15.29167,326
15.30000,325
15.30833,325
15.31667,323
15.32500,322
15.33333,320
15.34167,317
15.35000,314
15.35833,311
15.36667,308
15.37500,304
15.38333,300
15.39167,296
15.40000,291
15.40833,286
15.41667,282
15.42500,276
15.43333,271
15.44167,266
15.45000,261
15.45833,255
15.46667,250
15.47500,245
15.48333,240
15.49167,234
15.50000,229
15.50833,224
15.51667,219
15.52500,215
15.53333,210
15.54167,206
15.55000,201
15.55833,197
15.56667,194
15.57500,190
15.58333,187
15.59167,184
15.60000,181
15.60833,177
15.61667,174
15.62500,171
15.63333,168
15.64167,166
15.65000,164
15.65833,161
15.66667,160
15.67500,158
15.68333,156
15.69167,154
15.70000,153
15.70833,151
15.71667,149
15.72500,148
15.73333,147
15.74167,146
15.75000,144
15.75833,143
15.76667,142
15.77500,141
15.78333,140
15.79167,139
15.80000,138
15.80833,137
15.81667,136
15.82500,135
15.83333,134
15.84167,133
15.85000,132
15.85833,131
15.86667,130
15.87500,129
15.88333,128
15.89167,127
15.90000,126
15.90833,126
15.91667,125
15.92500,125
15.93333,125
15.94167,124
15.95000,123
15.95833,123
15.96667,122
15.97500,122
15.98333,121
15.99167,121
16.00000,120
16.00833,119
16.01667,119
16.02500,118
16.03333,117
16.04167,116
16.05000,116
16.05833,115
16.06667,115
16.07500,114
16.08333,114
16.09167,114
16.10000,113
16.10833,112
16.11667,112
16.12500,111
16.13333,110
16.14167,110
16.15000,109
16.15833,109
16.16667,108
16.17500,108
16.18333,108
16.19167,107
16.20000,107
16.20833,106
16.21667,106
16.22500,105
16.23333,105
16.24167,105
16.25000,104
16.25833,103
16.26667,103
16.27500,103
16.28333,102
16.29167,102
16.30000,102
16.30833,101
16.31667,101
16.32500,101
16.33333,100
16.34167,100
16.35000,100
16.35833,100
16.36667,100
16.37500,100
16.38333,100
16.39167,100
16.40000,100
16.40833,99
16.41667,98
16.42500,98
16.43333,97
16.44167,97
16.45000,96
16.45833,96
16.46667,96
16.47500,96
16.48333,95
16.49167,95
16.50000,95
16.50833,95
16.51667,95
16.52500,95
16.53333,95
16.54167,94
16.55000,94
16.55833,94
16.56667,94
16.57500,94
16.58333,94
16.59167,93
16.60000,93
16.60833,92
16.61667,91
16.62500,91
16.63333,90
16.64167,90
16.65000,89
16.65833,88
16.66667,88
16.67500,88
16.68333,87
16.69167,87
16.70000,87
16.70833,86
16.71667,86
16.72500,86
16.73333,86
16.74167,86
16.75000,85
16.75833,85
16.76667,84
16.77500,83
16.78333,83
16.79167,83
16.80000,82
16.80833,82
16.81667,81
16.82500,81
16.83333,81
16.84167,81
16.85000,80
16.85833,80
16.86667,79
16.87500,79
16.88333,79
16.89167,78
16.90000,78
16.90833,78
16.91667,78
16.92500,78
16.93333,77
16.94167,77
16.95000,76
16.95833,76
16.96667,75
16.97500,75
16.98333,74
16.99167,74
17.00000,74
17.00833,74
17.01667,73
17.02500,73
17.03333,72
17.04167,72
17.05000,72
17.05833,71
17.06667,71
17.07500,70
17.08333,70
17.09167,70
17.10000,70
17.10833,69
17.11667,69
17.12500,69
17.13333,69
17.14167,69
17.15000,69
17.15833,69
17.16667,69
17.17500,68
17.18333,68
17.19167,68
17.20000,68
17.20833,68
17.21667,67
17.22500,67
17.23333,67
17.24167,67
17.25000,67
17.25833,67
17.26667,66
17.27500,66
17.28333,65
17.29167,65
17.30000,65
17.30833,65
17.31667,64
17.32500,65
17.33333,65
17.34167,65
17.35000,64
17.35833,64
17.36667,64
17.37500,64
17.38333,63
17.39167,63
17.40000,63
17.40833,63
17.41667,63
17.42500,62
17.43333,62
17.44167,62
17.45000,61
17.45833,61
17.46667,61
17.47500,61
17.48333,61
17.49167,61
17.50000,62
17.50833,62
17.51667,62
17.52500,61
17.53333,61
17.54167,61
17.55000,61
17.55833,61
17.56667,60
17.57500,60
17.58333,60
17.59167,60
17.60000,59
17.60833,59
17.61667,59
17.62500,59
17.63333,59
17.64167,58
17.65000,58
17.65833,58
17.66667,58
17.67500,58
17.68333,58
17.69167,58
17.70000,58
17.70833,57
17.71667,57
17.72500,57
17.73333,57
17.74167,57
17.75000,57
17.75833,58
17.76667,58
17.77500,58
17.78333,58
17.79167,58
17.80000,58
17.80833,58
17.81667,58
17.82500,58
17.83333,58
17.84167,58
17.85000,58
17.85833,58
17.86667,58
17.87500,58
17.88333,58
17.89167,58
17.90000,58
17.90833,58
17.91667,58
17.92500,59
17.93333,59
17.94167,59
17.95000,59
17.95833,59
17.96667,59
17.97500,59
17.98333,58
17.99167,58
18.00000,58
18.00833,58
18.01667,58
18.02500,58
18.03333,58
18.04167,58
18.05000,57
18.05833,57
18.06667,57
18.07500,57
18.08333,57
18.09167,56
18.10000,56
18.10833,56
18.11667,56
18.12500,56
18.13333,56
18.14167,55
18.15000,55
18.15833,55
18.16667,55
18.17500,54
18.18333,54
18.19167,53
18.20000,53
18.20833,52
18.21667,52
18.22500,52
18.23333,51
18.24167,51
18.25000,51
18.25833,51
18.26667,50
18.27500,50
18.28333,49
18.29167,49
18.30000,49
18.30833,49
18.31667,49
18.32500,49
18.33333,49
18.34167,49
18.35000,49
18.35833,49
18.36667,49
18.37500,49
18.38333,49
18.39167,48
18.40000,48
18.40833,48
18.41667,48
18.42500,47
18.43333,47
18.44167,47
18.45000,47
18.45833,47
18.46667,47
18.47500,47
18.48333,47
18.49167,47
18.50000,47
18.50833,48
18.51667,47
18.52500,47
18.53333,48
18.54167,48
18.55000,48
18.55833,48
18.56667,48
18.57500,48
18.58333,48
18.59167,48
18.60000,48
18.60833,48
18.61667,48
18.62500,47
18.63333,48
18.64167,48
18.65000,48
18.65833,48
18.66667,48
18.67500,48
18.68333,48
18.69167,48
18.70000,48
18.70833,48
18.71667,48
18.72500,48
18.73333,48
18.74167,48
18.75000,48
18.75833,48
18.76667,48
18.77500,48
18.78333,49
18.79167,49
18.80000,49
18.80833,49
18.81667,49
18.82500,49
18.83333,50
18.84167,50
18.85000,51
18.85833,52
18.86667,52
18.87500,53
18.88333,53
18.89167,54
18.90000,55
18.90833,56
18.91667,57
18.92500,58
18.93333,60
18.94167,62
18.95000,64
18.95833,66
18.96667,68
18.97500,70
18.98333,73
18.99167,75
19.00000,77
19.00833,80
19.01667,83
19.02500,86
19.03333,89
19.04167,93
19.05000,96
19.05833,100
19.06667,103
19.07500,107
19.08333,110
19.09167,114
19.10000,117
19.10833,121
19.11667,124
19.12500,128
19.13333,131
19.14167,134
19.15000,137
19.15833,139
19.16667,142
19.17500,144
19.18333,146
19.19167,148
19.20000,150
19.20833,151
19.21667,152
19.22500,152
19.23333,152
19.24167,152
19.25000,152
19.25833,151
19.26667,150
19.27500,149
19.28333,148
19.29167,146
19.30000,144
19.30833,142
19.31667,141
19.32500,139
19.33333,136
19.34167,134
19.35000,131
19.35833,128
19.36667,125
19.37500,121
19.38333,118
19.39167,115
19.40000,111
19.40833,108
19.41667,105
19.42500,102
19.43333,98
19.44167,95
19.45000,93
19.45833,90
19.46667,88
19.47500,85
19.48333,82
19.49167,80
19.50000,77
19.50833,75
19.51667,73
19.52500,71
19.53333,69
19.54167,68
19.55000,66
19.55833,64
19.56667,63
19.57500,61
19.58333,59
19.59167,57
19.60000,56
19.60833,54
19.61667,53
19.62500,51
19.63333,50
19.64167,49
19.65000,48
19.65833,48
19.66667,47
19.67500,46
19.68333,45
19.69167,45
19.70000,44
19.70833,43
19.71667,43
19.72500,43
19.73333,42
19.74167,42
19.75000,42
19.75833,41
19.76667,41
19.77500,41
19.78333,40
19.79167,40
19.80000,40
19.80833,40
19.81667,40
19.82500,40
19.83333,40
19.84167,39
19.85000,39
19.85833,39
19.86667,39
19.87500,39
19.88333,39
19.89167,38
19.90000,38
19.90833,38
19.91667,38
19.92500,37
19.93333,37
19.94167,37
19.95000,37
19.95833,37
19.96667,38
19.97500,38
19.98333,37
19.99167,37
20.00000,37
20.00833,38
20.01667,38
20.02500,38
20.03333,37
20.04167,37
20.05000,37
20.05833,36
20.06667,36
20.07500,37
20.08333,37
20.09167,37
20.10000,36
20.10833,36
20.11667,36
20.12500,36
20.13333,36
20.14167,36
20.15000,37
20.15833,36
20.16667,36
20.17500,36
20.18333,36
20.19167,36
20.20000,36
20.20833,36
20.21667,36
20.22500,36
20.23333,37
20.24167,37
20.25000,37
20.25833,37
20.26667,37
20.27500,37
20.28333,37
20.29167,37
20.30000,37
20.30833,37
20.31667,36
20.32500,36
20.33333,36
20.34167,36
20.35000,37
20.35833,37
20.36667,37
20.37500,36
20.38333,36
20.39167,36
20.40000,36
20.40833,36
20.41667,36
20.42500,36
20.43333,36
20.44167,36
20.45000,36
20.45833,36
20.46667,36
20.47500,36
20.48333,36
20.49167,36
20.50000,37
20.50833,37
20.51667,37
20.52500,37
20.53333,37
20.54167,36
20.55000,36
20.55833,36
20.56667,36
20.57500,36
20.58333,37
20.59167,37
20.60000,36
20.60833,36
20.61667,36
20.62500,36
20.63333,36
20.64167,36
20.65000,36
20.65833,36
20.66667,36
20.67500,36
20.68333,37
20.69167,37
20.70000,37
20.70833,37
20.71667,38
20.72500,38
20.73333,38
20.74167,38
20.75000,38
20.75833,38
20.76667,38
20.77500,38
20.78333,38
20.79167,38
20.80000,38
20.80833,39
20.81667,39
20.82500,39
20.83333,39
20.84167,39
20.85000,40
20.85833,40
20.86667,40
20.87500,40
20.88333,41
20.89167,41
20.90000,41
20.90833,42
20.91667,42
20.92500,42
20.93333,42
20.94167,42
20.95000,43
20.95833,43
20.96667,43
20.97500,43
20.98333,44
20.99167,44
21.00000,44
21.00833,45
21.01667,45
21.02500,46
21.03333,46
21.04167,47
21.05000,48
21.05833,48
21.06667,49
21.07500,50
21.08333,51
21.09167,52
21.10000,53
21.10833,54
21.11667,55
21.12500,56
21.13333,57
21.14167,58
21.15000,59
21.15833,60
21.16667,61
21.17500,62
21.18333,63
21.19167,64
21.20000,65
21.20833,65
21.21667,66
21.22500,66
21.23333,67
21.24167,67
21.25000,68
21.25833,69
21.26667,69
21.27500,69
21.28333,69
21.29167,69
21.30000,69
21.30833,69
21.31667,69
21.32500,69
21.33333,69
21.34167,69
21.35000,68
21.35833,68
21.36667,68
21.37500,67
21.38333,67
21.39167,66
21.40000,66
21.40833,65
21.41667,64
21.42500,64
21.43333,63
21.44167,62
21.45000,61
21.45833,60
21.46667,59
21.47500,59
21.48333,58
21.49167,57
21.50000,56
21.50833,55
21.51667,54
21.52500,53
21.53333,52
21.54167,51
21.55000,50
21.55833,49
21.56667,49
21.57500,48
21.58333,47
21.59167,47
21.60000,46
21.60833,45
21.61667,44
21.62500,44
21.63333,43
21.64167,43
21.65000,42
21.65833,41
21.66667,41
21.67500,40
21.68333,39
21.69167,39
21.70000,38
21.70833,38
21.71667,38
21.72500,38
21.73333,38
21.74167,38
21.75000,38
21.75833,38
21.76667,37
21.77500,37
21.78333,37
21.79167,37
21.80000,36
21.80833,36
21.81667,36
21.82500,36
21.83333,36
21.84167,36
21.85000,36
21.85833,36
21.86667,36
21.87500,36
21.88333,36
21.89167,35
21.90000,35
21.90833,34
21.91667,34
21.92500,34
21.93333,34
21.94167,34
21.95000,34
21.95833,34
21.96667,34
21.97500,34
21.98333,34
21.99167,34
22.00000,34
22.00833,34
22.01667,34
22.02500,34
22.03333,34
22.04167,34
22.05000,34
22.05833,34
22.06667,34
22.07500,34
22.08333,34
22.09167,34
22.10000,34
22.10833,34
22.11667,34
22.12500,33
22.13333,33
22.14167,34
22.15000,34
22.15833,34
22.16667,34
22.17500,34
22.18333,34
22.19167,34
22.20000,34
22.20833,34
22.21667,34
22.22500,34
22.23333,34
22.24167,34
22.25000,35
22.25833,35
22.26667,34
22.27500,34
22.28333,34
22.29167,34
22.30000,34
22.30833,34
22.31667,34
22.32500,34
22.33333,34
22.34167,34
22.35000,34
22.35833,34
22.36667,33
22.37500,33
22.38333,33
22.39167,34
22.40000,34
22.40833,34
22.41667,35
22.42500,35
22.43333,35
22.44167,35
22.45000,35
22.45833,35
22.46667,35
22.47500,35
22.48333,35
22.49167,35
22.50000,35
22.50833,35
22.51667,35
22.52500,35
22.53333,35
22.54167,35
22.55000,35
22.55833,35
22.56667,35
22.57500,35
22.58333,36
22.59167,36
22.60000,36
22.60833,36
22.61667,36
22.62500,36
22.63333,36
22.64167,36
22.65000,37
22.65833,37
22.66667,38
22.67500,38
22.68333,38
22.69167,39
22.70000,39
22.70833,39
22.71667,39
22.72500,39
22.73333,39
22.74167,39
22.75000,40
22.75833,40
22.76667,41
22.77500,41
22.78333,42
22.79167,42
22.80000,43
22.80833,43
22.81667,44
22.82500,44
22.83333,45
22.84167,45
22.85000,46
22.85833,47
22.86667,47
22.87500,48
22.88333,48
22.89167,49
22.90000,50
22.90833,50
22.91667,51
22.92500,51
22.93333,52
22.94167,53
22.95000,54
22.95833,55
22.96667,56
22.97500,56
22.98333,56
22.99167,56
23.00000,57
23.00833,57
23.01667,58
23.02500,59
23.03333,59
23.04167,59
23.05000,59
23.05833,59
23.06667,59
23.07500,60
23.08333,60
23.09167,60
23.10000,60
23.10833,59
23.11667,59
23.12500,58
23.13333,58
23.14167,57
23.15000,56
23.15833,56
23.16667,55
23.17500,55
23.18333,54
23.19167,54
23.20000,53
23.20833,52
23.21667,51
23.22500,50
23.23333,50
23.24167,49
23.25000,49
23.25833,48
23.26667,48
23.27500,47
23.28333,46
23.29167,46
23.30000,45
23.30833,45
23.31667,44
23.32500,44
23.33333,43
23.34167,43
23.35000,42
23.35833,42
23.36667,41
23.37500,41
23.38333,41
23.39167,41
23.40000,40
23.40833,40
23.41667,39
23.42500,39
23.43333,38
23.44167,38
23.45000,37
23.45833,37
23.46667,37
23.47500,37
23.48333,37
23.49167,37
23.50000,36
23.50833,36
23.51667,36
23.52500,36
23.53333,36
23.54167,35
23.55000,35
23.55833,35
23.56667,36
23.57500,36
23.58333,36
23.59167,36
23.60000,36
23.60833,36
23.61667,35
23.62500,35
23.63333,35
23.64167,35
23.65000,34
23.65833,34
23.66667,34
23.67500,34
23.68333,34
23.69167,34
23.70000,35
23.70833,35
23.71667,35
23.72500,35
23.73333,35
23.74167,35
23.75000,35
23.75833,36
23.76667,36
23.77500,36
23.78333,36
23.79167,35
23.80000,35
23.80833,35
23.81667,35
23.82500,36
23.83333,36
23.84167,36
23.85000,36
23.85833,36
23.86667,37
23.87500,37
23.88333,37
23.89167,37
23.90000,38
23.90833,38
23.91667,38
23.92500,38
23.93333,38
23.94167,39
23.95000,39
23.95833,39
23.96667,39
23.97500,40
23.98333,40
23.99167,40
24.00000,40
24.00833,40
24.01667,40
24.02500,41
24.03333,41
24.04167,41
24.05000,41
24.05833,41
24.06667,41
24.07500,41
24.08333,41
24.09167,41
24.10000,41
24.10833,41
24.11667,41
24.12500,41
24.13333,40
24.14167,40
24.15000,40
24.15833,40
24.16667,40
24.17500,40
24.18333,40
24.19167,40
24.20000,40
24.20833,40
24.21667,40
24.22500,40
24.23333,39
24.24167,40
24.25000,40
24.25833,40
24.26667,40
24.27500,40
24.28333,41
24.29167,41
24.30000,41
24.30833,41
24.31667,42
24.32500,42
24.33333,42
24.34167,42
24.35000,42
24.35833,43
24.36667,43
24.37500,44
24.38333,45
24.39167,46
24.40000,47
24.40833,49
24.41667,51
24.42500,53
24.43333,55
24.44167,57
24.45000,60
24.45833,63
24.46667,67
24.47500,71
24.48333,75
24.49167,80
24.50000,86
24.50833,93
24.51667,100
24.52500,109
24.53333,119
24.54167,129
24.55000,141
24.55833,155
24.56667,170
24.57500,187
24.58333,206
24.59167,227
24.60000,251
24.60833,277
24.61667,306
24.62500,338
24.63333,374
24.64167,415
24.65000,459
24.65833,507
24.66667,561
24.67500,619
24.68333,683
24.69167,753
24.70000,829
24.70833,913
24.71667,1003
24.72500,1101
24.73333,1207
24.74167,1321
24.75000,1444
24.75833,1575
24.76667,1715
24.77500,1865
24.78333,2025
24.79167,2195
24.80000,2374
24.80833,2564
24.81667,2764
24.82500,2973
24.83333,3192
24.84167,3420
24.85000,3659
24.85833,3906
24.86667,4161
24.87500,4425
24.88333,4696
24.89167,4973
24.90000,5256
24.90833,5544
24.91667,5835
24.92500,6129
24.93333,6424
24.94167,6720
24.95000,7016
24.95833,7309
24.96667,7600
24.97500,7885
24.98333,8165
24.99167,8437
25.00000,8701
25.00833,8955
25.01667,9198
25.02500,9428
25.03333,9645
25.04167,9848
25.05000,10035
25.05833,10205
25.06667,10358
25.07500,10492
25.08333,10608
25.09167,10705
25.10000,10782
25.10833,10839
25.11667,10876
25.12500,10893
25.13333,10889
25.14167,10866
25.15000,10824
25.15833,10762
25.16667,10681
25.17500,10583
25.18333,10466
25.19167,10333
25.20000,10184
25.20833,10020
25.21667,9842
25.22500,9651
25.23333,9448
25.24167,9233
25.25000,9009
25.25833,8777
25.26667,8536
25.27500,8289
25.28333,8036
25.29167,7780
25.30000,7520
25.30833,7258
25.31667,6994
25.32500,6730
25.33333,6467
25.34167,6205
25.35000,5945
25.35833,5688
25.36667,5435
25.37500,5186
25.38333,4942
25.39167,4703
25.40000,4470
25.40833,4243
25.41667,4022
25.42500,3808
25.43333,3602
25.44167,3403
25.45000,3212
25.45833,3028
25.46667,2852
25.47500,2683
25.48333,2522
25.49167,2369
25.50000,2222
25.50833,2083
25.51667,1951
25.52500,1826
25.53333,1707
25.54167,1596
25.55000,1491
25.55833,1392
25.56667,1299
25.57500,1212
25.58333,1130
25.59167,1054
25.60000,982
25.60833,915
25.61667,853
25.62500,795
25.63333,742
25.64167,692
25.65000,645
25.65833,602
25.66667,563
25.67500,526
25.68333,492
25.69167,460
25.70000,431
25.70833,404
25.71667,379
25.72500,355
25.73333,334
25.74167,315
25.75000,297
25.75833,281
25.76667,266
25.77500,252
25.78333,240
25.79167,228
25.80000,217
25.80833,207
25.81667,198
25.82500,190
25.83333,182
25.84167,175
25.85000,169
25.85833,163
25.86667,157
25.87500,153
25.88333,148
25.89167,143
25.90000,139
25.90833,135
25.91667,132
25.92500,129
25.93333,126
25.94167,123
25.95000,120
25.95833,117
25.96667,115
25.97500,113
25.98333,111
25.99167,109
26.00000,108
26.00833,106
26.01667,105
26.02500,103
26.03333,102
26.04167,101
26.05000,99
26.05833,98
26.06667,97
26.07500,97
26.08333,96
26.09167,95
26.10000,93
26.10833,92
26.11667,91
26.12500,90
26.13333,89
26.14167,88
26.15000,88
26.15833,87
26.16667,86
26.17500,86
26.18333,85
26.19167,85
26.20000,84
26.20833,83
26.21667,83
26.22500,82
26.23333,82
26.24167,82
26.25000,81
26.25833,81
26.26667,80
26.27500,80
26.28333,80
26.29167,79
26.30000,79
26.30833,79
26.31667,78
26.32500,77
26.33333,76
26.34167,76
26.35000,75
26.35833,75
26.36667,74
26.37500,74
26.38333,73
26.39167,73
26.40000,73
26.40833,73
26.41667,73
26.42500,73
26.43333,73
26.44167,73
26.45000,73
26.45833,73
26.46667,73
26.47500,72
26.48333,72
26.49167,72
26.50000,71
26.50833,71
26.51667,71
26.52500,70
26.53333,69
26.54167,69
26.55000,68
26.55833,68
26.56667,68
26.57500,68
26.58333,67
26.59167,67
26.60000,67
26.60833,67
26.61667,67
26.62500,67
26.63333,67
26.64167,66
26.65000,66
26.65833,65
26.66667,65
26.67500,65
26.68333,65
26.69167,65
26.70000,65
26.70833,65
26.71667,64
26.72500,64
26.73333,64
26.74167,64
26.75000,64
26.75833,64
26.76667,64
26.77500,63
26.78333,63
26.79167,62
26.80000,61
26.80833,61
26.81667,61
26.82500,60
26.83333,60
26.84167,60
26.85000,60
26.85833,60
26.86667,60
26.87500,60
26.88333,60
26.89167,60
26.90000,59
26.90833,59
26.91667,59
26.92500,59
26.93333,59
26.94167,59
26.95000,59
26.95833,59
26.96667,59
26.97500,59
26.98333,59
26.99167,59
27.00000,59
27.00833,58
27.01667,58
27.02500,58
27.03333,58
27.04167,58
27.05000,58
27.05833,58
27.06667,58
27.07500,58
27.08333,58
27.09167,58
27.10000,58
27.10833,57
27.11667,57
27.12500,57
27.13333,57
27.14167,56
27.15000,56
27.15833,56
27.16667,56
27.17500,55
27.18333,55
27.19167,56
27.20000,56
27.20833,56
27.21667,56
27.22500,56
27.23333,55
27.24167,55
27.25000,55
27.25833,55
27.26667,55
27.27500,55
27.28333,55
27.29167,55
27.30000,55
27.30833,56
27.31667,56
27.32500,55
27.33333,55
27.34167,55
27.35000,55
27.35833,54
27.36667,54
27.37500,54
27.38333,54
27.39167,54
27.40000,54
27.40833,54
27.41667,54
27.42500,53
27.43333,53
27.44167,53
27.45000,52
27.45833,52
27.46667,52
27.47500,52
27.48333,53
27.49167,53
27.50000,53
27.50833,53
27.51667,52
27.52500,52
27.53333,51
27.54167,51
27.55000,51
27.55833,50
27.56667,50
27.57500,49
27.58333,49
27.59167,48
27.60000,47
27.60833,47
27.61667,46
27.62500,46
27.63333,45
27.64167,45
27.65000,44
27.65833,44
27.66667,43
27.67500,43
27.68333,42
27.69167,40
27.70000,39
27.70833,38
27.71667,36
27.72500,35
27.73333,34
27.74167,33
27.75000,32
27.75833,30
27.76667,29
27.77500,28
27.78333,26
27.79167,24
27.80000,23
27.80833,21
27.81667,19
27.82500,17
27.83333,15
27.84167,12
27.85000,10
27.85833,8
27.86667,5
27.87500,3
27.88333,0
27.89167,-3
27.90000,-6
27.90833,-9
27.91667,-12
27.92500,-15
27.93333,-18
27.94167,-21
27.95000,-24
27.95833,-27
27.96667,-31
27.97500,-34
27.98333,-38
27.99167,-41
28.00000,-44
28.00833,-48
28.01667,-51
28.02500,-55
28.03333,-58
28.04167,-61
28.05000,-64
28.05833,-67
28.06667,-71
28.07500,-74
28.08333,-77
28.09167,-80
28.10000,-83
28.10833,-86
28.11667,-89
28.12500,-91
28.13333,-94
28.14167,-96
28.15000,-98
28.15833,-99
28.16667,-101
28.17500,-103
28.18333,-104
28.19167,-106
28.20000,-107
28.20833,-108
28.21667,-109
28.22500,-110
28.23333,-111
28.24167,-111
28.25000,-111
28.25833,-111
28.26667,-111
28.27500,-110
28.28333,-110
28.29167,-109
28.30000,-108
28.30833,-107
28.31667,-105
28.32500,-104
28.33333,-103
28.34167,-101
28.35000,-99
28.35833,-97
28.36667,-95
28.37500,-93
28.38333,-91
28.39167,-88
28.40000,-86
28.40833,-84
28.41667,-82
28.42500,-79
28.43333,-76
28.44167,-73
28.45000,-71
28.45833,-68
28.46667,-65
28.47500,-62
28.48333,-59
28.49167,-57
28.50000,-54
28.50833,-51
28.51667,-48
28.52500,-45
28.53333,-42
28.54167,-40
28.55000,-37
28.55833,-35
28.56667,-32
28.57500,-29
28.58333,-27
28.59167,-24
28.60000,-22
28.60833,-19
28.61667,-17
28.62500,-14
28.63333,-12
28.64167,-11
28.65000,-9
28.65833,-7
28.66667,-5
28.67500,-3
28.68333,-1
28.69167,1
28.70000,3
28.70833,4
28.71667,6
28.72500,7
28.73333,9
28.74167,10
28.75000,11
28.75833,12
28.76667,13
28.77500,14
28.78333,15
28.79167,16
28.80000,17
28.80833,18
28.81667,19
28.82500,20
28.83333,21
28.84167,22
28.85000,22
28.85833,23
28.86667,24
28.87500,25
28.88333,25
28.89167,25
28.90000,26
28.90833,26
28.91667,26
28.92500,26
28.93333,27
28.94167,27
28.95000,28
28.95833,29
28.96667,29
28.97500,30
28.98333,30
28.99167,30
29.00000,31
29.00833,31
29.01667,32
29.02500,33
29.03333,33
29.04167,33
29.05000,33
29.05833,33
29.06667,34
29.07500,34
29.08333,34
29.09167,34
29.10000,35
29.10833,35
29.11667,35
29.12500,35
29.13333,36
29.14167,36
29.15000,36
29.15833,36
29.16667,35
29.17500,35
29.18333,35
29.19167,35
29.20000,36
29.20833,36
29.21667,36
29.22500,36
29.23333,36
29.24167,36
29.25000,37
29.25833,37
29.26667,37
29.27500,37
29.28333,37
29.29167,37
29.30000,37
29.30833,37
29.31667,37
29.32500,37
29.33333,36
29.34167,36
29.35000,36
29.35833,36
29.36667,35
29.37500,35
29.38333,35
29.39167,35
29.40000,34
29.40833,34
29.41667,34
29.42500,33
29.43333,33
29.44167,32
29.45000,32
29.45833,31
29.46667,31
29.47500,30
29.48333,29
29.49167,28
29.50000,27
29.50833,26
29.51667,25
29.52500,25
29.53333,24
29.54167,23
29.55000,23
29.55833,22
29.56667,21
29.57500,20
29.58333,18
29.59167,17
29.60000,17
29.60833,16
29.61667,14
29.62500,13
29.63333,12
29.64167,11
29.65000,9
29.65833,8
29.66667,7
29.67500,6
29.68333,5
29.69167,3
29.70000,2
29.70833,0
29.71667,-1
29.72500,-3
29.73333,-4
29.74167,-5
29.75000,-6
29.75833,-7
29.76667,-8
29.77500,-8
29.78333,-9
29.79167,-11
29.80000,-12
29.80833,-13
29.81667,-14
29.82500,-15
29.83333,-16
29.84167,-17
29.85000,-18
29.85833,-19
29.86667,-19
29.87500,-20
29.88333,-21
29.89167,-22
29.90000,-22
29.90833,-23
29.91667,-24
29.92500,-24
29.93333,-24
29.94167,-25
29.95000,-25
29.95833,-26
29.96667,-26
29.97500,-26
29.98333,-26
29.99167,-26
30.00000,-26
30.00833,-25
30.01667,-25
30.02500,-25
30.03333,-25
30.04167,-24
30.05000,-24
30.05833,-23
30.06667,-23
30.07500,-22
30.08333,-22
30.09167,-21
30.10000,-20
30.10833,-20
30.11667,-19
30.12500,-18
30.13333,-18
30.14167,-17
30.15000,-16
30.15833,-15
30.16667,-14
30.17500,-14
30.18333,-13
30.19167,-12
30.20000,-11
30.20833,-9
30.21667,-8
30.22500,-7
30.23333,-6
30.24167,-5
30.25000,-3
30.25833,-3
30.26667,-2
30.27500,-1
30.28333,0
30.29167,1
30.30000,2
30.30833,2
30.31667,3
30.32500,4
30.33333,5
30.34167,6
30.35000,7
30.35833,8
30.36667,8
30.37500,9
30.38333,10
30.39167,11
30.40000,12
30.40833,13
30.41667,13
30.42500,14
30.43333,15
30.44167,16
30.45000,16
30.45833,16
30.46667,16
30.47500,17
30.48333,17
30.49167,18
30.50000,18
30.50833,19
30.51667,20
30.52500,20
30.53333,19
30.54167,19
30.55000,19
30.55833,19
30.56667,19
30.57500,19
30.58333,19
30.59167,19
30.60000,19
30.60833,20
30.61667,20
30.62500,20
30.63333,20
30.64167,20
30.65000,19
30.65833,19
30.66667,19
30.67500,18
30.68333,18
30.69167,17
30.70000,17
30.70833,17
30.71667,17
30.72500,17
30.73333,17
30.74167,17
30.75000,16
30.75833,16
30.76667,16
30.77500,16
30.78333,16
30.79167,16
30.80000,15
30.80833,15
30.81667,15
30.82500,14
30.83333,14
30.84167,13
30.85000,13
30.85833,13
30.86667,13
30.87500,13
30.88333,13
30.89167,13
30.90000,12
30.90833,12
30.91667,12
30.92500,12
30.93333,12
30.94167,12
30.95000,12
30.95833,12
30.96667,12
30.97500,12
30.98333,12
30.99167,12
31.00000,12
31.00833,12
31.01667,12
31.02500,13
31.03333,14
31.04167,14
31.05000,15
31.05833,15
31.06667,16
31.07500,16
31.08333,17
31.09167,17
31.10000,17
31.10833,18
31.11667,18
31.12500,19
31.13333,20
31.14167,20
31.15000,21
31.15833,21
31.16667,22
31.17500,23
31.18333,23
31.19167,24
31.20000,24
31.20833,24
31.21667,25
31.22500,25
31.23333,25
31.24167,26
31.25000,26
31.25833,27
31.26667,28
31.27500,28
31.28333,28
31.29167,29
31.30000,29
31.30833,30
31.31667,30
31.32500,30
31.33333,31
31.34167,31
31.35000,32
31.35833,32
31.36667,33
31.37500,33
31.38333,33
31.39167,33
31.40000,34
31.40833,34
31.41667,34
31.42500,34
31.43333,34
31.44167,34
31.45000,34
31.45833,35
31.46667,35
31.47500,35
31.48333,35
31.49167,36
31.50000,36
31.50833,36
31.51667,36
31.52500,36
31.53333,36
31.54167,36
31.55000,36
31.55833,36
31.56667,36
31.57500,36
31.58333,36
31.59167,37
31.60000,37
31.60833,37
31.61667,37
31.62500,37
31.63333,37
31.64167,37
31.65000,37
31.65833,36
31.66667,36
31.67500,37
31.68333,37
31.69167,37
31.70000,36
31.70833,36
31.71667,36
31.72500,36
31.73333,36
31.74167,36
31.75000,36
31.75833,35
31.76667,35
31.77500,35
31.78333,35
31.79167,35
31.80000,35
31.80833,35
31.81667,35
31.82500,35
31.83333,35
31.84167,35
31.85000,35
31.85833,36
31.86667,36
31.87500,36
31.88333,36
31.89167,36
31.90000,36
31.90833,36
31.91667,36
31.92500,36
31.93333,36
31.94167,36
31.95000,36
31.95833,36
31.96667,36
31.97500,35
31.98333,35
31.99167,35
32.00000,35
32.00833,35
32.01667,35
32.02500,35
32.03333,35
32.04167,35
32.05000,35
32.05833,35
32.06667,35
32.07500,35
32.08333,34
32.09167,34
32.10000,35
32.10833,35
32.11667,35
32.12500,35
32.13333,35
32.14167,35
32.15000,35
32.15833,35
32.16667,35
32.17500,36
32.18333,35
32.19167,35
32.20000,35
32.20833,35
32.21667,35
32.22500,35
32.23333,35
32.24167,35
32.25000,35
32.25833,35
32.26667,35
32.27500,35
32.28333,35
32.29167,35
32.30000,35
32.30833,35
32.31667,35
32.32500,35
32.33333,35
32.34167,35
32.35000,35
32.35833,35
32.36667,35
32.37500,35
32.38333,35
32.39167,34
32.40000,35
32.40833,35
32.41667,35
32.42500,36
32.43333,36
32.44167,36
32.45000,35
32.45833,35
32.46667,35
32.47500,35
32.48333,35
32.49167,35
32.50000,35
32.50833,35
32.51667,35
32.52500,36
32.53333,36
32.54167,36
32.55000,35
32.55833,35
32.56667,35
32.57500,35
32.58333,35
32.59167,35
32.60000,35
32.60833,35
32.61667,36
32.62500,36
32.63333,35
32.64167,35
32.65000,35
32.65833,36
32.66667,36
32.67500,36
32.68333,36
32.69167,36
32.70000,36
32.70833,36
32.71667,36
32.72500,36
32.73333,36
32.74167,36
32.75000,36
32.75833,36
32.76667,36
32.77500,37
32.78333,37
32.79167,37
32.80000,36
32.80833,36
32.81667,36
32.82500,36
32.83333,36
32.84167,37
32.85000,37
32.85833,37
32.86667,36
32.87500,36
32.88333,36
32.89167,36
32.90000,36
32.90833,36
32.91667,36
32.92500,36
32.93333,36
32.94167,36
32.95000,36
32.95833,36
32.96667,36
32.97500,36
32.98333,36
32.99167,36
33.00000,36
33.00833,36
33.01667,37
33.02500,37
33.03333,37
33.04167,37
33.05000,36
33.05833,36
33.06667,36
33.07500,36
33.08333,36
33.09167,37
33.10000,37
33.10833,37
33.11667,36
33.12500,36
33.13333,36
33.14167,36
33.15000,36
33.15833,36
33.16667,36
33.17500,36
33.18333,36
33.19167,36
33.20000,36
33.20833,36
33.21667,36
33.22500,35
33.23333,35
33.24167,35
33.25000,36
33.25833,36
33.26667,36
33.27500,36
33.28333,36
33.29167,36
33.30000,36
33.30833,36
33.31667,36
33.32500,36
33.33333,36
33.34167,36
33.35000,36
33.35833,36
33.36667,37
33.37500,37
33.38333,37
33.39167,37
33.40000,37
33.40833,37
33.41667,37
33.42500,37
33.43333,36
33.44167,36
33.45000,36
33.45833,36
33.46667,36
33.47500,36
33.48333,36
33.49167,36
33.50000,37
33.50833,37
33.51667,36
33.52500,36
33.53333,36
33.54167,36
33.55000,36
33.55833,36
33.56667,36
33.57500,36
33.58333,36
33.59167,36
33.60000,36
33.60833,36
33.61667,36
33.62500,36
33.63333,36
33.64167,36
33.65000,36
33.65833,36
33.66667,36
33.67500,36
33.68333,36
33.69167,36
33.70000,36
33.70833,35
33.71667,35
33.72500,36
33.73333,36
33.74167,36
33.75000,36
33.75833,36
33.76667,36
33.77500,36
33.78333,36
33.79167,36
33.80000,36
33.80833,36
33.81667,36
33.82500,36
33.83333,36
33.84167,35
33.85000,35
33.85833,35
33.86667,35
33.87500,35
33.88333,36
33.89167,36
33.90000,36
33.90833,36
33.91667,36
33.92500,35
33.93333,35
33.94167,35
33.95000,35
33.95833,35
33.96667,35
33.97500,35
33.98333,35
33.99167,35
34.00000,35
34.00833,36
34.01667,36
34.02500,36
34.03333,36
34.04167,36
34.05000,36
34.05833,35
34.06667,35
34.07500,36
34.08333,36
34.09167,36
34.10000,36
34.10833,36
34.11667,36
34.12500,36
34.13333,36
34.14167,35
34.15000,35
34.15833,35
34.16667,35
34.17500,35
34.18333,35
34.19167,35
34.20000,35
34.20833,35
34.21667,35
34.22500,35
34.23333,35
34.24167,36
34.25000,36
34.25833,36
34.26667,36
34.27500,36
34.28333,36
34.29167,36
34.30000,36
34.30833,36
34.31667,36
34.32500,35
34.33333,35
34.34167,35
34.35000,35
34.35833,35
34.36667,36
34.37500,36
34.38333,36
34.39167,36
34.40000,36
34.40833,36
34.41667,36
34.42500,36
34.43333,36
34.44167,36
34.45000,36
34.45833,36
34.46667,36
34.47500,36
34.48333,36
34.49167,35
34.50000,35
34.50833,35
34.51667,36
34.52500,36
34.53333,36
34.54167,36
34.55000,36
34.55833,36
34.56667,36
34.57500,36
34.58333,36
34.59167,36
34.60000,36
34.60833,36
34.61667,36
34.62500,36
34.63333,36
34.64167,36
34.65000,36
34.65833,36
34.66667,36
34.67500,36
34.68333,36
34.69167,36
34.70000,36
34.70833,36
34.71667,36
34.72500,36
34.73333,36
34.74167,35
34.75000,35
34.75833,35
34.76667,35
34.77500,35
34.78333,35
34.79167,35
34.80000,35
34.80833,35
34.81667,36
34.82500,36
34.83333,36
34.84167,36
34.85000,36
34.85833,37
34.86667,37
34.87500,37
34.88333,37
34.89167,36
34.90000,36
34.90833,36
34.91667,36
34.92500,36
34.93333,36
34.94167,37
34.95000,37
34.95833,37
34.96667,36
34.97500,36
34.98333,36
34.99167,36
35.00000,36
35.00833,36
35.01667,36
35.02500,36
35.03333,36
35.04167,36
35.05000,36
35.05833,37
35.06667,37
35.07500,37
35.08333,37
35.09167,37
35.10000,37
35.10833,37
35.11667,37
35.12500,37
35.13333,37
35.14167,37
35.15000,37
35.15833,37
35.16667,38
35.17500,38
35.18333,37
35.19167,37
35.20000,37
35.20833,37
35.21667,37
35.22500,37
35.23333,37
35.24167,37
35.25000,37
35.25833,37
35.26667,37
35.27500,37
35.28333,37
35.29167,37
35.30000,37
35.30833,37
35.31667,37
35.32500,37
35.33333,37
35.34167,37
35.35000,37
35.35833,37
35.36667,37
35.37500,36
35.38333,36
35.39167,37
35.40000,37
35.40833,37
35.41667,37
35.42500,37
35.43333,37
35.44167,38
35.45000,37
35.45833,37
35.46667,37
35.47500,37
35.48333,37
35.49167,37
35.50000,37
35.50833,37
35.51667,37
35.52500,37
35.53333,37
35.54167,37
35.55000,37
35.55833,37
35.56667,37
35.57500,37
35.58333,37
35.59167,37
35.60000,38
35.60833,38
35.61667,38
35.62500,37
35.63333,37
35.64167,37
35.65000,37
35.65833,37
35.66667,37
35.67500,37
35.68333,37
35.69167,37
35.70000,37
35.70833,38
35.71667,38
35.72500,38
35.73333,38
35.74167,38
35.75000,38
35.75833,38
35.76667,38
35.77500,38
35.78333,38
35.79167,38
35.80000,37
35.80833,37
35.81667,37
35.82500,37
35.83333,36
35.84167,37
35.85000,37
35.85833,37
35.86667,37
35.87500,37
35.88333,38
35.89167,38
35.90000,38
35.90833,38
35.91667,38
35.92500,38
35.93333,37
35.94167,37
35.95000,37
35.95833,38
35.96667,37
35.97500,37
35.98333,37
35.99167,37
36.00000,37
36.00833,37
36.01667,38
36.02500,38
36.03333,38
36.04167,38
36.05000,38
36.05833,38
36.06667,38
36.07500,38
36.08333,37
36.09167,37
36.10000,37
36.10833,37
36.11667,37
36.12500,38
36.13333,38
36.14167,38
36.15000,38
36.15833,38
36.16667,38
36.17500,38
36.18333,38
36.19167,38
36.20000,38
36.20833,38
36.21667,38
36.22500,38
36.23333,38
36.24167,38
36.25000,38
36.25833,38
36.26667,38
36.27500,38
36.28333,38
36.29167,38
36.30000,38
36.30833,38
36.31667,38
36.32500,38
36.33333,38
36.34167,37
36.35000,37
36.35833,37
36.36667,37
36.37500,37
36.38333,38
36.39167,38
36.40000,38
36.40833,38
36.41667,39
36.42500,39
36.43333,39
36.44167,39
36.45000,39
36.45833,39
36.46667,39
36.47500,38
36.48333,38
36.49167,39
36.50000,39
36.50833,39
36.51667,39
36.52500,39
36.53333,39
36.54167,39
36.55000,38
36.55833,38
36.56667,38
36.57500,39
36.58333,39
36.59167,39
36.60000,38
36.60833,38
36.61667,38
36.62500,38
36.63333,38
36.64167,38
36.65000,38
36.65833,38
36.66667,38
36.67500,38
36.68333,38
36.69167,38
36.70000,38
36.70833,38
36.71667,38
36.72500,39
36.73333,39
36.74167,39
36.75000,39
36.75833,39
36.76667,39
36.77500,39
36.78333,39
36.79167,39
36.80000,39
36.80833,39
36.81667,39
36.82500,39
36.83333,39
36.84167,39
36.85000,39
36.85833,39
36.86667,39
36.87500,39
36.88333,39
36.89167,39
36.90000,39
36.90833,39
36.91667,40
36.92500,40
36.93333,40
36.94167,39
36.95000,39
36.95833,39
36.96667,39
36.97500,39
36.98333,39
36.99167,39
37.00000,39
37.00833,39
37.01667,39
37.02500,39
37.03333,39
37.04167,39
37.05000,39
37.05833,39
37.06667,39
37.07500,39
37.08333,39
37.09167,39
37.10000,39
37.10833,39
37.11667,40
37.12500,40
37.13333,40
37.14167,40
37.15000,40
37.15833,40
37.16667,40
37.17500,40
37.18333,40
37.19167,39
37.20000,39
37.20833,39
37.21667,39
37.22500,38
37.23333,39
37.24167,39
37.25000,39
37.25833,39
37.26667,39
37.27500,39
37.28333,39
37.29167,39
37.30000,39
37.30833,39
37.31667,39
37.32500,39
37.33333,39
37.34167,39
37.35000,39
37.35833,39
37.36667,40
37.37500,40
37.38333,40
37.39167,40
37.40000,40
37.40833,40
37.41667,40
37.42500,40
37.43333,40
37.44167,40
37.45000,40
37.45833,40
37.46667,40
37.47500,40
37.48333,40
37.49167,40
37.50000,40
37.50833,40
37.51667,40
37.52500,40
37.53333,40
37.54167,40
37.55000,40
37.55833,40
37.56667,41
37.57500,41
37.58333,40
37.59167,40
37.60000,40
37.60833,40
37.61667,39
37.62500,39
37.63333,39
37.64167,40
37.65000,40
37.65833,41
37.66667,41
37.67500,41
37.68333,41
37.69167,41
37.70000,40
37.70833,40
37.71667,40
37.72500,40
37.73333,40
37.74167,40
37.75000,40
37.75833,40
37.76667,40
37.77500,40
37.78333,41
37.79167,41
37.80000,41
37.80833,41
37.81667,41
37.82500,41
37.83333,41
37.84167,41
37.85000,41
37.85833,41
37.86667,40
37.87500,40
37.88333,41
37.89167,41
37.90000,41
37.90833,41
37.91667,41
37.92500,41
37.93333,41
37.94167,41
37.95000,41
37.95833,40
37.96667,41
37.97500,41
37.98333,41
37.99167,41
38.00000,41
38.00833,41
38.01667,41
38.02500,40
38.03333,40
38.04167,40
38.05000,41
38.05833,40
38.06667,40
38.07500,40
38.08333,40
38.09167,40
38.10000,40
38.10833,39
38.11667,39
38.12500,39
38.13333,40
38.14167,40
38.15000,40
38.15833,40
38.16667,40
38.17500,40
38.18333,40
38.19167,40
38.20000,40
38.20833,40
38.21667,40
38.22500,40
38.23333,40
38.24167,40
38.25000,40
38.25833,40
38.26667,40
38.27500,40
38.28333,40
38.29167,40
38.30000,40
38.30833,40
38.31667,39
38.32500,39
38.33333,40
38.34167,40
38.35000,40
38.35833,40
38.36667,40
38.37500,40
38.38333,40
38.39167,39
38.40000,39
38.40833,39
38.41667,39
38.42500,39
38.43333,40
38.44167,40
38.45000,41
38.45833,41
38.46667,41
38.47500,40
38.48333,40
38.49167,40
38.50000,40
38.50833,40
38.51667,40
38.52500,40
38.53333,40
38.54167,41
38.55000,41
38.55833,41
38.56667,40
38.57500,40
38.58333,40
38.59167,40
38.60000,40
38.60833,40
38.61667,40
38.62500,40
38.63333,40
38.64167,40
38.65000,40
38.65833,40
38.66667,40
38.67500,40
38.68333,39
38.69167,40
38.70000,40
38.70833,40
38.71667,40
38.72500,40
38.73333,39
38.74167,39
38.75000,39
38.75833,40
38.76667,40
38.77500,40
38.78333,40
38.79167,40
38.80000,40
38.80833,40
38.81667,40
38.82500,40
38.83333,40
38.84167,40
38.85000,40
38.85833,40
38.86667,40
38.87500,40
38.88333,40
38.89167,40
38.90000,40
38.90833,40
38.91667,40
38.92500,39
38.93333,39
38.94167,39
38.95000,39
38.95833,40
38.96667,40
38.97500,40
38.98333,40
38.99167,40
39.00000,40
39.00833,40
39.01667,40
39.02500,41
39.03333,41
39.04167,41
39.05000,41
39.05833,41
39.06667,41
39.07500,41
39.08333,40
39.09167,40
39.10000,40
39.10833,40
39.11667,40
39.12500,40
39.13333,40
39.14167,40
39.15000,41
39.15833,41
39.16667,41
39.17500,41
39.18333,41
39.19167,41
39.20000,41
39.20833,41
39.21667,41
39.22500,41
39.23333,41
39.24167,41
39.25000,41
39.25833,41
39.26667,41
39.27500,41
39.28333,41
39.29167,41
39.30000,40
39.30833,40
39.31667,40
39.32500,40
39.33333,40
39.34167,40
39.35000,40
39.35833,41
39.36667,41
39.37500,41
39.38333,41
39.39167,41
39.40000,41
39.40833,41
39.41667,42
39.42500,42
39.43333,42
39.44167,42
39.45000,42
39.45833,41
39.46667,41
39.47500,41
39.48333,41
39.49167,41
39.50000,40
39.50833,40
39.51667,40
39.52500,41
39.53333,41
39.54167,40
39.55000,40
39.55833,40
39.56667,40
39.57500,40
39.58333,41
39.59167,41
39.60000,41
39.60833,41
39.61667,41
39.62500,41
39.63333,41
39.64167,40
39.65000,40
39.65833,40
39.66667,40
39.67500,40
39.68333,40
39.69167,40
39.70000,40
39.70833,40
39.71667,40
39.72500,40
39.73333,40
39.74167,41
39.75000,41
39.75833,41
39.76667,41
39.77500,41
39.78333,41
39.79167,41
39.80000,41
39.80833,41
39.81667,41
39.82500,41
39.83333,41
39.84167,40
39.85000,40
39.85833,41
39.86667,41
39.87500,41
39.88333,41
39.89167,41
39.90000,41
39.90833,41
39.91667,41
39.92500,41
39.93333,41
39.94167,41
39.95000,41
39.95833,41
39.96667,41
39.97500,41
39.98333,41
39.99167,41
40.00000,41

