[Header]
Application Name,LabSolutions
Version,5.97 SP1
Data File Name,C:\Users\cremerlab\Desktop\griffin\2021-04-27_REL606_acetate_turnover_redux\2021-04-27_REL606_DM_acetate_turnover_4282021_002_010.lcd
Output Date,4/28/2021
Output Time,6:59:42 PM

[File Information]
Type,Data File
Generated,4/28/2021 6:19:23 PM
Generated by,System Administrator
Modified,4/28/2021 6:59:42 PM
Modified by,System Administrator

[Sample Information]
Operator Name,System Administrator
Acquired,4/28/2021 6:19:42 PM
Sample Type,0:Unknown
Level,0
Sample Name,2021-04-07_REL606_replicate_003_timepoint_002
Sample ID,002
ISTD Amount1,1
ISTD Amount2,1
ISTD Amount3,1
ISTD Amount4,1
ISTD Amount5,1
ISTD Amount6,1
ISTD Amount7,1
ISTD Amount8,1
ISTD Amount9,1
ISTD Amount10,1
ISTD Amount11,1
ISTD Amount12,1
ISTD Amount13,1
ISTD Amount14,1
ISTD Amount15,1
ISTD Amount16,1
ISTD Amount17,1
ISTD Amount18,1
ISTD Amount19,1
ISTD Amount20,1
ISTD Amount21,1
ISTD Amount22,1
ISTD Amount23,1
ISTD Amount24,1
ISTD Amount25,1
ISTD Amount26,1
ISTD Amount27,1
ISTD Amount28,1
ISTD Amount29,1
ISTD Amount30,1
ISTD Amount31,1
ISTD Amount32,1
Sample Amount,1
Dilution Factor,1
Vial#,20
Injection Volume,20

[Original Files]
Data File,C:\Users\cremerlab\Desktop\griffin\2021-04-27_REL606_acetate_turnover_redux\2021-04-27_REL606_DM_acetate_turnover_4282021_002_010.lcd
Method File,C:\Users\cremerlab\Desktop\griffin\2.5mM_H2SO4_mobile_phase.lcm
Batch File,C:\Users\cremerlab\Desktop\griffin\2021-04-27_REL606_acetate_turnover_redux\2021-04-27_REL606_DM_acetate_turnover.lcb
Report Format File,c:\LabSolutions\System\DEFAULT.lsr

[File Description]


[Configuration]
Instrument Name,HPLC-PC-Instrument1
Instrument #,1
Line #,1
# of Detectors,2
Detector ID,Detector A,Detector B
Detector Name,Detector A,Detector B
# of Channels,1,1

[Peak Table(Detector A)]
# of Peaks,0

[Peak Table(Detector B)]
# of Peaks,6
Peak#,R.Time,I.Time,F.Time,Area,Height,A/H,Conc.,Mark,ID#,Name,k',Plate #,Plate Ht.,Tailing,Resolution,Sep.Factor,Area Ratio,Height Ratio,Conc. %,Norm Conc.
1,10.929,10.467,11.550,228487,13584,16.820,0.000,   ,,,0.000,9573,15.669,1.032,0.000,0.000,0,0,0.000,0.000
2,13.956,12.608,14.267,1552675,42094,36.886,0.000,   ,,,0.277,3211,46.710,0.000,4.229,0.000,0,0,0.000,0.000
3,14.495,14.267,15.125,157564,7295,21.598,0.000, V ,,,0.326,9597,15.630,0.000,0.683,1.178,0,0,0.000,0.000
4,15.293,15.125,16.050,5596,219,25.555,0.000, V ,,,0.399,2036,73.683,0.000,0.819,1.224,0,0,0.000,0.000
5,19.245,18.908,19.750,2289,99,23.007,0.000,   ,,,0.761,15382,9.752,1.165,3.999,1.906,0,0,0.000,0.000
6,25.132,24.383,26.275,324610,10951,29.643,0.000,   ,,,1.300,16463,9.111,1.079,8.385,1.708,0,0,0.000,0.000

[LC Chromatogram(Detector B-Ch1)]
Interval(msec),500
# of Points,4801
Start Time(min),0.000
End Time(min),40.000
Intensity Units,mV
Intensity Multiplier,0.001
R.Time (min),Intensity
0.00000,0
0.00833,0
0.01667,0
0.02500,-0
0.03333,-0
0.04167,0
0.05000,0
0.05833,0
0.06667,0
0.07500,-0
0.08333,-1
0.09167,-1
0.10000,-1
0.10833,-0
0.11667,-0
0.12500,0
0.13333,0
0.14167,0
0.15000,0
0.15833,-0
0.16667,-0
0.17500,-0
0.18333,-0
0.19167,-0
0.20000,-0
0.20833,-0
0.21667,0
0.22500,0
0.23333,0
0.24167,0
0.25000,1
0.25833,1
0.26667,1
0.27500,1
0.28333,1
0.29167,1
0.30000,1
0.30833,1
0.31667,1
0.32500,1
0.33333,1
0.34167,1
0.35000,2
0.35833,2
0.36667,2
0.37500,2
0.38333,2
0.39167,2
0.40000,2
0.40833,2
0.41667,2
0.42500,2
0.43333,2
0.44167,2
0.45000,2
0.45833,3
0.46667,3
0.47500,3
0.48333,3
0.49167,3
0.50000,3
0.50833,3
0.51667,3
0.52500,3
0.53333,3
0.54167,3
0.55000,3
0.55833,4
0.56667,4
0.57500,4
0.58333,4
0.59167,5
0.60000,5
0.60833,5
0.61667,5
0.62500,5
0.63333,6
0.64167,6
0.65000,6
0.65833,6
0.66667,5
0.67500,6
0.68333,6
0.69167,6
0.70000,6
0.70833,6
0.71667,6
0.72500,6
0.73333,7
0.74167,7
0.75000,7
0.75833,7
0.76667,7
0.77500,7
0.78333,7
0.79167,7
0.80000,7
0.80833,7
0.81667,7
0.82500,8
0.83333,8
0.84167,8
0.85000,8
0.85833,8
0.86667,8
0.87500,8
0.88333,8
0.89167,9
0.90000,9
0.90833,9
0.91667,9
0.92500,9
0.93333,9
0.94167,9
0.95000,10
0.95833,10
0.96667,10
0.97500,10
0.98333,10
0.99167,10
1.00000,10
1.00833,10
1.01667,10
1.02500,9
1.03333,9
1.04167,9
1.05000,9
1.05833,10
1.06667,9
1.07500,10
1.08333,10
1.09167,10
1.10000,10
1.10833,10
1.11667,10
1.12500,10
1.13333,10
1.14167,10
1.15000,10
1.15833,9
1.16667,9
1.17500,10
1.18333,10
1.19167,10
1.20000,9
1.20833,10
1.21667,10
1.22500,10
1.23333,9
1.24167,9
1.25000,10
1.25833,10
1.26667,10
1.27500,10
1.28333,10
1.29167,10
1.30000,10
1.30833,10
1.31667,10
1.32500,10
1.33333,10
1.34167,10
1.35000,10
1.35833,9
1.36667,9
1.37500,9
1.38333,9
1.39167,9
1.40000,9
1.40833,9
1.41667,9
1.42500,9
1.43333,9
1.44167,9
1.45000,9
1.45833,9
1.46667,9
1.47500,9
1.48333,9
1.49167,9
1.50000,9
1.50833,9
1.51667,10
1.52500,10
1.53333,9
1.54167,9
1.55000,9
1.55833,8
1.56667,8
1.57500,8
1.58333,8
1.59167,8
1.60000,8
1.60833,8
1.61667,7
1.62500,7
1.63333,7
1.64167,8
1.65000,8
1.65833,8
1.66667,9
1.67500,9
1.68333,8
1.69167,8
1.70000,8
1.70833,8
1.71667,7
1.72500,7
1.73333,7
1.74167,7
1.75000,7
1.75833,7
1.76667,7
1.77500,7
1.78333,7
1.79167,8
1.80000,8
1.80833,8
1.81667,8
1.82500,8
1.83333,8
1.84167,8
1.85000,8
1.85833,8
1.86667,8
1.87500,8
1.88333,8
1.89167,8
1.90000,8
1.90833,7
1.91667,7
1.92500,7
1.93333,7
1.94167,7
1.95000,7
1.95833,8
1.96667,8
1.97500,8
1.98333,8
1.99167,8
2.00000,8
2.00833,8
2.01667,8
2.02500,8
2.03333,8
2.04167,8
2.05000,8
2.05833,8
2.06667,8
2.07500,8
2.08333,8
2.09167,9
2.10000,9
2.10833,8
2.11667,8
2.12500,8
2.13333,8
2.14167,8
2.15000,8
2.15833,8
2.16667,8
2.17500,8
2.18333,8
2.19167,8
2.20000,8
2.20833,8
2.21667,8
2.22500,8
2.23333,8
2.24167,9
2.25000,8
2.25833,8
2.26667,8
2.27500,8
2.28333,8
2.29167,9
2.30000,9
2.30833,9
2.31667,9
2.32500,9
2.33333,9
2.34167,9
2.35000,9
2.35833,9
2.36667,9
2.37500,9
2.38333,9
2.39167,9
2.40000,9
2.40833,9
2.41667,9
2.42500,9
2.43333,9
2.44167,10
2.45000,10
2.45833,10
2.46667,10
2.47500,10
2.48333,10
2.49167,10
2.50000,11
2.50833,11
2.51667,11
2.52500,10
2.53333,10
2.54167,10
2.55000,10
2.55833,10
2.56667,10
2.57500,10
2.58333,10
2.59167,10
2.60000,11
2.60833,11
2.61667,11
2.62500,11
2.63333,11
2.64167,11
2.65000,11
2.65833,11
2.66667,11
2.67500,11
2.68333,11
2.69167,11
2.70000,11
2.70833,11
2.71667,11
2.72500,11
2.73333,11
2.74167,11
2.75000,11
2.75833,10
2.76667,10
2.77500,10
2.78333,10
2.79167,10
2.80000,10
2.80833,11
2.81667,11
2.82500,11
2.83333,11
2.84167,12
2.85000,12
2.85833,12
2.86667,12
2.87500,12
2.88333,12
2.89167,12
2.90000,12
2.90833,12
2.91667,12
2.92500,12
2.93333,12
2.94167,12
2.95000,12
2.95833,12
2.96667,12
2.97500,12
2.98333,12
2.99167,12
3.00000,12
3.00833,12
3.01667,11
3.02500,11
3.03333,12
3.04167,12
3.05000,13
3.05833,13
3.06667,13
3.07500,13
3.08333,13
3.09167,12
3.10000,12
3.10833,12
3.11667,12
3.12500,12
3.13333,12
3.14167,12
3.15000,12
3.15833,12
3.16667,13
3.17500,13
3.18333,13
3.19167,13
3.20000,13
3.20833,13
3.21667,13
3.22500,13
3.23333,13
3.24167,14
3.25000,14
3.25833,14
3.26667,14
3.27500,14
3.28333,14
3.29167,14
3.30000,14
3.30833,14
3.31667,14
3.32500,14
3.33333,14
3.34167,14
3.35000,14
3.35833,14
3.36667,14
3.37500,14
3.38333,14
3.39167,14
3.40000,14
3.40833,14
3.41667,14
3.42500,14
3.43333,14
3.44167,15
3.45000,15
3.45833,15
3.46667,15
3.47500,15
3.48333,15
3.49167,15
3.50000,15
3.50833,15
3.51667,15
3.52500,14
3.53333,15
3.54167,15
3.55000,15
3.55833,15
3.56667,15
3.57500,15
3.58333,15
3.59167,15
3.60000,15
3.60833,15
3.61667,15
3.62500,15
3.63333,16
3.64167,16
3.65000,16
3.65833,16
3.66667,16
3.67500,16
3.68333,16
3.69167,16
3.70000,16
3.70833,16
3.71667,16
3.72500,16
3.73333,16
3.74167,16
3.75000,16
3.75833,16
3.76667,16
3.77500,16
3.78333,17
3.79167,17
3.80000,17
3.80833,17
3.81667,17
3.82500,17
3.83333,18
3.84167,18
3.85000,18
3.85833,18
3.86667,18
3.87500,18
3.88333,18
3.89167,18
3.90000,18
3.90833,18
3.91667,18
3.92500,18
3.93333,18
3.94167,18
3.95000,18
3.95833,19
3.96667,19
3.97500,19
3.98333,19
3.99167,18
4.00000,18
4.00833,18
4.01667,18
4.02500,19
4.03333,19
4.04167,19
4.05000,19
4.05833,19
4.06667,19
4.07500,19
4.08333,19
4.09167,19
4.10000,19
4.10833,19
4.11667,19
4.12500,19
4.13333,19
4.14167,19
4.15000,19
4.15833,20
4.16667,20
4.17500,20
4.18333,19
4.19167,19
4.20000,19
4.20833,19
4.21667,19
4.22500,20
4.23333,20
4.24167,19
4.25000,19
4.25833,19
4.26667,19
4.27500,19
4.28333,19
4.29167,19
4.30000,19
4.30833,20
4.31667,20
4.32500,20
4.33333,20
4.34167,20
4.35000,20
4.35833,20
4.36667,20
4.37500,20
4.38333,20
4.39167,20
4.40000,19
4.40833,19
4.41667,19
4.42500,19
4.43333,19
4.44167,19
4.45000,19
4.45833,19
4.46667,19
4.47500,19
4.48333,19
4.49167,19
4.50000,19
4.50833,18
4.51667,18
4.52500,18
4.53333,17
4.54167,17
4.55000,18
4.55833,18
4.56667,18
4.57500,19
4.58333,19
4.59167,19
4.60000,19
4.60833,19
4.61667,19
4.62500,19
4.63333,19
4.64167,19
4.65000,19
4.65833,19
4.66667,18
4.67500,18
4.68333,18
4.69167,18
4.70000,18
4.70833,18
4.71667,18
4.72500,18
4.73333,18
4.74167,18
4.75000,17
4.75833,17
4.76667,18
4.77500,18
4.78333,18
4.79167,18
4.80000,18
4.80833,18
4.81667,18
4.82500,18
4.83333,18
4.84167,18
4.85000,18
4.85833,18
4.86667,18
4.87500,18
4.88333,18
4.89167,18
4.90000,18
4.90833,18
4.91667,18
4.92500,18
4.93333,18
4.94167,19
4.95000,19
4.95833,19
4.96667,18
4.97500,18
4.98333,19
4.99167,19
5.00000,20
5.00833,20
5.01667,20
5.02500,20
5.03333,20
5.04167,19
5.05000,19
5.05833,19
5.06667,19
5.07500,19
5.08333,19
5.09167,19
5.10000,19
5.10833,19
5.11667,19
5.12500,19
5.13333,19
5.14167,19
5.15000,18
5.15833,18
5.16667,18
5.17500,18
5.18333,18
5.19167,18
5.20000,18
5.20833,18
5.21667,18
5.22500,18
5.23333,18
5.24167,18
5.25000,18
5.25833,18
5.26667,19
5.27500,19
5.28333,19
5.29167,19
5.30000,19
5.30833,20
5.31667,20
5.32500,20
5.33333,20
5.34167,19
5.35000,19
5.35833,19
5.36667,19
5.37500,20
5.38333,20
5.39167,20
5.40000,20
5.40833,20
5.41667,20
5.42500,20
5.43333,20
5.44167,20
5.45000,20
5.45833,20
5.46667,19
5.47500,19
5.48333,19
5.49167,19
5.50000,19
5.50833,20
5.51667,20
5.52500,20
5.53333,19
5.54167,19
5.55000,19
5.55833,19
5.56667,19
5.57500,19
5.58333,20
5.59167,20
5.60000,20
5.60833,20
5.61667,20
5.62500,20
5.63333,20
5.64167,20
5.65000,20
5.65833,21
5.66667,21
5.67500,21
5.68333,21
5.69167,21
5.70000,21
5.70833,21
5.71667,21
5.72500,21
5.73333,21
5.74167,21
5.75000,21
5.75833,21
5.76667,21
5.77500,21
5.78333,22
5.79167,22
5.80000,22
5.80833,22
5.81667,22
5.82500,21
5.83333,21
5.84167,21
5.85000,21
5.85833,20
5.86667,21
5.87500,21
5.88333,21
5.89167,21
5.90000,21
5.90833,21
5.91667,21
5.92500,21
5.93333,21
5.94167,21
5.95000,22
5.95833,22
5.96667,22
5.97500,22
5.98333,22
5.99167,22
6.00000,22
6.00833,22
6.01667,22
6.02500,22
6.03333,23
6.04167,23
6.05000,23
6.05833,23
6.06667,23
6.07500,23
6.08333,23
6.09167,23
6.10000,22
6.10833,22
6.11667,22
6.12500,22
6.13333,22
6.14167,22
6.15000,21
6.15833,21
6.16667,22
6.17500,23
6.18333,23
6.19167,23
6.20000,23
6.20833,23
6.21667,23
6.22500,23
6.23333,23
6.24167,23
6.25000,23
6.25833,23
6.26667,23
6.27500,23
6.28333,23
6.29167,23
6.30000,23
6.30833,23
6.31667,23
6.32500,23
6.33333,23
6.34167,23
6.35000,23
6.35833,23
6.36667,23
6.37500,23
6.38333,23
6.39167,23
6.40000,23
6.40833,24
6.41667,24
6.42500,24
6.43333,24
6.44167,24
6.45000,24
6.45833,24
6.46667,24
6.47500,24
6.48333,23
6.49167,23
6.50000,24
6.50833,23
6.51667,23
6.52500,23
6.53333,23
6.54167,23
6.55000,23
6.55833,23
6.56667,23
6.57500,23
6.58333,23
6.59167,23
6.60000,23
6.60833,23
6.61667,24
6.62500,24
6.63333,24
6.64167,24
6.65000,24
6.65833,24
6.66667,24
6.67500,24
6.68333,24
6.69167,24
6.70000,24
6.70833,24
6.71667,24
6.72500,25
6.73333,25
6.74167,26
6.75000,26
6.75833,26
6.76667,25
6.77500,25
6.78333,25
6.79167,25
6.80000,25
6.80833,25
6.81667,25
6.82500,24
6.83333,24
6.84167,24
6.85000,24
6.85833,24
6.86667,25
6.87500,25
6.88333,25
6.89167,25
6.90000,25
6.90833,25
6.91667,25
6.92500,25
6.93333,25
6.94167,25
6.95000,25
6.95833,24
6.96667,24
6.97500,24
6.98333,24
6.99167,25
7.00000,25
7.00833,25
7.01667,25
7.02500,25
7.03333,25
7.04167,25
7.05000,25
7.05833,25
7.06667,25
7.07500,25
7.08333,25
7.09167,25
7.10000,25
7.10833,25
7.11667,25
7.12500,25
7.13333,25
7.14167,25
7.15000,25
7.15833,25
7.16667,25
7.17500,25
7.18333,26
7.19167,26
7.20000,26
7.20833,26
7.21667,26
7.22500,26
7.23333,26
7.24167,26
7.25000,25
7.25833,25
7.26667,25
7.27500,25
7.28333,25
7.29167,25
7.30000,25
7.30833,25
7.31667,25
7.32500,25
7.33333,26
7.34167,26
7.35000,25
7.35833,25
7.36667,25
7.37500,26
7.38333,26
7.39167,26
7.40000,26
7.40833,26
7.41667,26
7.42500,26
7.43333,27
7.44167,27
7.45000,27
7.45833,27
7.46667,27
7.47500,27
7.48333,27
7.49167,27
7.50000,27
7.50833,27
7.51667,27
7.52500,27
7.53333,26
7.54167,26
7.55000,26
7.55833,26
7.56667,26
7.57500,26
7.58333,26
7.59167,26
7.60000,26
7.60833,26
7.61667,26
7.62500,26
7.63333,26
7.64167,26
7.65000,27
7.65833,27
7.66667,27
7.67500,27
7.68333,27
7.69167,27
7.70000,27
7.70833,27
7.71667,27
7.72500,27
7.73333,27
7.74167,27
7.75000,28
7.75833,28
7.76667,28
7.77500,28
7.78333,28
7.79167,28
7.80000,28
7.80833,28
7.81667,28
7.82500,28
7.83333,28
7.84167,27
7.85000,27
7.85833,27
7.86667,28
7.87500,28
7.88333,28
7.89167,28
7.90000,28
7.90833,28
7.91667,28
7.92500,28
7.93333,28
7.94167,28
7.95000,28
7.95833,28
7.96667,27
7.97500,27
7.98333,27
7.99167,27
8.00000,27
8.00833,27
8.01667,27
8.02500,28
8.03333,28
8.04167,28
8.05000,29
8.05833,29
8.06667,29
8.07500,29
8.08333,29
8.09167,29
8.10000,29
8.10833,29
8.11667,29
8.12500,28
8.13333,28
8.14167,28
8.15000,28
8.15833,28
8.16667,28
8.17500,29
8.18333,29
8.19167,28
8.20000,28
8.20833,28
8.21667,28
8.22500,28
8.23333,29
8.24167,29
8.25000,29
8.25833,29
8.26667,28
8.27500,28
8.28333,28
8.29167,28
8.30000,28
8.30833,28
8.31667,28
8.32500,29
8.33333,29
8.34167,29
8.35000,29
8.35833,29
8.36667,29
8.37500,29
8.38333,29
8.39167,29
8.40000,29
8.40833,29
8.41667,29
8.42500,30
8.43333,30
8.44167,30
8.45000,30
8.45833,30
8.46667,30
8.47500,30
8.48333,30
8.49167,30
8.50000,31
8.50833,31
8.51667,31
8.52500,31
8.53333,31
8.54167,31
8.55000,30
8.55833,30
8.56667,30
8.57500,30
8.58333,30
8.59167,30
8.60000,30
8.60833,30
8.61667,30
8.62500,30
8.63333,30
8.64167,30
8.65000,30
8.65833,30
8.66667,30
8.67500,30
8.68333,30
8.69167,30
8.70000,30
8.70833,30
8.71667,30
8.72500,30
8.73333,30
8.74167,30
8.75000,30
8.75833,30
8.76667,30
8.77500,30
8.78333,30
8.79167,30
8.80000,30
8.80833,30
8.81667,31
8.82500,31
8.83333,31
8.84167,31
8.85000,31
8.85833,31
8.86667,31
8.87500,31
8.88333,31
8.89167,31
8.90000,31
8.90833,31
8.91667,32
8.92500,32
8.93333,32
8.94167,32
8.95000,32
8.95833,31
8.96667,31
8.97500,31
8.98333,32
8.99167,32
9.00000,32
9.00833,32
9.01667,31
9.02500,32
9.03333,32
9.04167,31
9.05000,32
9.05833,32
9.06667,32
9.07500,32
9.08333,32
9.09167,32
9.10000,32
9.10833,32
9.11667,32
9.12500,32
9.13333,32
9.14167,32
9.15000,32
9.15833,32
9.16667,32
9.17500,32
9.18333,32
9.19167,32
9.20000,32
9.20833,32
9.21667,32
9.22500,32
9.23333,32
9.24167,32
9.25000,32
9.25833,32
9.26667,33
9.27500,33
9.28333,32
9.29167,32
9.30000,32
9.30833,32
9.31667,32
9.32500,32
9.33333,32
9.34167,32
9.35000,32
9.35833,32
9.36667,32
9.37500,32
9.38333,32
9.39167,32
9.40000,33
9.40833,33
9.41667,33
9.42500,33
9.43333,33
9.44167,33
9.45000,33
9.45833,33
9.46667,33
9.47500,33
9.48333,33
9.49167,33
9.50000,33
9.50833,33
9.51667,33
9.52500,33
9.53333,33
9.54167,33
9.55000,33
9.55833,33
9.56667,33
9.57500,33
9.58333,33
9.59167,33
9.60000,33
9.60833,34
9.61667,34
9.62500,34
9.63333,34
9.64167,33
9.65000,33
9.65833,33
9.66667,33
9.67500,33
9.68333,33
9.69167,33
9.70000,33
9.70833,33
9.71667,34
9.72500,34
9.73333,34
9.74167,34
9.75000,34
9.75833,35
9.76667,35
9.77500,35
9.78333,35
9.79167,34
9.80000,34
9.80833,34
9.81667,34
9.82500,34
9.83333,34
9.84167,35
9.85000,35
9.85833,35
9.86667,35
9.87500,35
9.88333,35
9.89167,35
9.90000,36
9.90833,36
9.91667,36
9.92500,36
9.93333,36
9.94167,36
9.95000,36
9.95833,36
9.96667,36
9.97500,37
9.98333,37
9.99167,37
10.00000,38
10.00833,38
10.01667,38
10.02500,38
10.03333,38
10.04167,39
10.05000,39
10.05833,40
10.06667,41
10.07500,42
10.08333,42
10.09167,43
10.10000,43
10.10833,43
10.11667,44
10.12500,44
10.13333,44
10.14167,45
10.15000,45
10.15833,46
10.16667,47
10.17500,48
10.18333,48
10.19167,49
10.20000,50
10.20833,51
10.21667,52
10.22500,52
10.23333,53
10.24167,53
10.25000,53
10.25833,53
10.26667,54
10.27500,55
10.28333,55
10.29167,56
10.30000,56
10.30833,57
10.31667,57
10.32500,57
10.33333,57
10.34167,57
10.35000,57
10.35833,57
10.36667,57
10.37500,57
10.38333,57
10.39167,57
10.40000,57
10.40833,57
10.41667,57
10.42500,57
10.43333,57
10.44167,56
10.45000,56
10.45833,56
10.46667,56
10.47500,56
10.48333,56
10.49167,57
10.50000,59
10.50833,62
10.51667,65
10.52500,69
10.53333,74
10.54167,80
10.55000,89
10.55833,100
10.56667,115
10.57500,134
10.58333,158
10.59167,188
10.60000,225
10.60833,271
10.61667,327
10.62500,393
10.63333,473
10.64167,567
10.65000,678
10.65833,807
10.66667,956
10.67500,1127
10.68333,1323
10.69167,1543
10.70000,1790
10.70833,2065
10.71667,2370
10.72500,2705
10.73333,3070
10.74167,3467
10.75000,3895
10.75833,4353
10.76667,4839
10.77500,5353
10.78333,5890
10.79167,6449
10.80000,7026
10.80833,7616
10.81667,8214
10.82500,8814
10.83333,9411
10.84167,9996
10.85000,10563
10.85833,11105
10.86667,11612
10.87500,12079
10.88333,12497
10.89167,12858
10.90000,13155
10.90833,13383
10.91667,13537
10.92500,13612
10.93333,13607
10.94167,13520
10.95000,13353
10.95833,13108
10.96667,12789
10.97500,12402
10.98333,11953
10.99167,11450
11.00000,10903
11.00833,10321
11.01667,9713
11.02500,9089
11.03333,8458
11.04167,7829
11.05000,7209
11.05833,6607
11.06667,6027
11.07500,5474
11.08333,4952
11.09167,4463
11.10000,4009
11.10833,3590
11.11667,3207
11.12500,2857
11.13333,2541
11.14167,2257
11.15000,2001
11.15833,1772
11.16667,1568
11.17500,1386
11.18333,1225
11.19167,1082
11.20000,955
11.20833,843
11.21667,743
11.22500,655
11.23333,577
11.24167,507
11.25000,446
11.25833,391
11.26667,343
11.27500,300
11.28333,261
11.29167,227
11.30000,197
11.30833,171
11.31667,147
11.32500,127
11.33333,109
11.34167,93
11.35000,79
11.35833,67
11.36667,56
11.37500,47
11.38333,39
11.39167,32
11.40000,26
11.40833,21
11.41667,16
11.42500,12
11.43333,9
11.44167,6
11.45000,3
11.45833,1
11.46667,-1
11.47500,-3
11.48333,-4
11.49167,-6
11.50000,-7
11.50833,-8
11.51667,-9
11.52500,-9
11.53333,-10
11.54167,-10
11.55000,-10
11.55833,-11
11.56667,-11
11.57500,-11
11.58333,-12
11.59167,-12
11.60000,-11
11.60833,-11
11.61667,-11
11.62500,-10
11.63333,-10
11.64167,-9
11.65000,-8
11.65833,-8
11.66667,-8
11.67500,-7
11.68333,-6
11.69167,-5
11.70000,-4
11.70833,-3
11.71667,-2
11.72500,-1
11.73333,0
11.74167,1
11.75000,2
11.75833,3
11.76667,4
11.77500,5
11.78333,6
11.79167,8
11.80000,9
11.80833,11
11.81667,12
11.82500,12
11.83333,13
11.84167,15
11.85000,16
11.85833,17
11.86667,17
11.87500,18
11.88333,19
11.89167,20
11.90000,21
11.90833,22
11.91667,23
11.92500,23
11.93333,24
11.94167,24
11.95000,25
11.95833,25
11.96667,25
11.97500,26
11.98333,26
11.99167,27
12.00000,28
12.00833,28
12.01667,29
12.02500,30
12.03333,30
12.04167,31
12.05000,31
12.05833,32
12.06667,33
12.07500,33
12.08333,33
12.09167,34
12.10000,34
12.10833,35
12.11667,36
12.12500,37
12.13333,37
12.14167,37
12.15000,38
12.15833,39
12.16667,39
12.17500,40
12.18333,40
12.19167,41
12.20000,41
12.20833,41
12.21667,42
12.22500,42
12.23333,43
12.24167,44
12.25000,45
12.25833,46
12.26667,46
12.27500,47
12.28333,47
12.29167,48
12.30000,50
12.30833,51
12.31667,52
12.32500,52
12.33333,53
12.34167,54
12.35000,55
12.35833,56
12.36667,57
12.37500,57
12.38333,58
12.39167,59
12.40000,59
12.40833,60
12.41667,60
12.42500,60
12.43333,61
12.44167,61
12.45000,61
12.45833,62
12.46667,63
12.47500,63
12.48333,64
12.49167,64
12.50000,65
12.50833,66
12.51667,66
12.52500,67
12.53333,67
12.54167,67
12.55000,67
12.55833,68
12.56667,68
12.57500,68
12.58333,68
12.59167,69
12.60000,70
12.60833,70
12.61667,71
12.62500,73
12.63333,74
12.64167,75
12.65000,77
12.65833,79
12.66667,82
12.67500,86
12.68333,91
12.69167,96
12.70000,103
12.70833,111
12.71667,121
12.72500,133
12.73333,147
12.74167,164
12.75000,184
12.75833,208
12.76667,236
12.77500,268
12.78333,305
12.79167,346
12.80000,392
12.80833,444
12.81667,501
12.82500,565
12.83333,634
12.84167,710
12.85000,793
12.85833,882
12.86667,978
12.87500,1080
12.88333,1189
12.89167,1305
12.90000,1427
12.90833,1556
12.91667,1692
12.92500,1833
12.93333,1981
12.94167,2134
12.95000,2294
12.95833,2460
12.96667,2631
12.97500,2807
12.98333,2988
12.99167,3174
13.00000,3364
13.00833,3560
13.01667,3760
13.02500,3964
13.03333,4172
13.04167,4385
13.05000,4601
13.05833,4821
13.06667,5045
13.07500,5271
13.08333,5502
13.09167,5735
13.10000,5971
13.10833,6211
13.11667,6453
13.12500,6698
13.13333,6947
13.14167,7198
13.15000,7452
13.15833,7708
13.16667,7968
13.17500,8229
13.18333,8494
13.19167,8761
13.20000,9030
13.20833,9301
13.21667,9575
13.22500,9851
13.23333,10130
13.24167,10411
13.25000,10695
13.25833,10981
13.26667,11268
13.27500,11559
13.28333,11851
13.29167,12146
13.30000,12443
13.30833,12741
13.31667,13042
13.32500,13346
13.33333,13651
13.34167,13959
13.35000,14269
13.35833,14582
13.36667,14897
13.37500,15214
13.38333,15533
13.39167,15855
13.40000,16178
13.40833,16505
13.41667,16833
13.42500,17163
13.43333,17496
13.44167,17831
13.45000,18168
13.45833,18508
13.46667,18850
13.47500,19194
13.48333,19541
13.49167,19890
13.50000,20242
13.50833,20595
13.51667,20951
13.52500,21310
13.53333,21670
13.54167,22034
13.55000,22400
13.55833,22769
13.56667,23140
13.57500,23513
13.58333,23889
13.59167,24267
13.60000,24648
13.60833,25032
13.61667,25418
13.62500,25807
13.63333,26198
13.64167,26592
13.65000,26989
13.65833,27388
13.66667,27790
13.67500,28195
13.68333,28602
13.69167,29012
13.70000,29425
13.70833,29841
13.71667,30259
13.72500,30680
13.73333,31104
13.74167,31531
13.75000,31961
13.75833,32393
13.76667,32829
13.77500,33267
13.78333,33709
13.79167,34153
13.80000,34601
13.80833,35051
13.81667,35505
13.82500,35960
13.83333,36418
13.84167,36880
13.85000,37344
13.85833,37810
13.86667,38279
13.87500,38748
13.88333,39218
13.89167,39685
13.90000,40144
13.90833,40590
13.91667,41013
13.92500,41399
13.93333,41733
13.94167,41994
13.95000,42157
13.95833,42195
13.96667,42081
13.97500,41789
13.98333,41296
13.99167,40583
14.00000,39642
14.00833,38469
14.01667,37074
14.02500,35475
14.03333,33697
14.04167,31774
14.05000,29743
14.05833,27646
14.06667,25522
14.07500,23410
14.08333,21345
14.09167,19357
14.10000,17468
14.10833,15697
14.11667,14056
14.12500,12551
14.13333,11183
14.14167,9952
14.15000,8852
14.15833,7877
14.16667,7019
14.17500,6269
14.18333,5619
14.19167,5060
14.20000,4583
14.20833,4182
14.21667,3848
14.22500,3578
14.23333,3364
14.24167,3202
14.25000,3088
14.25833,3018
14.26667,2988
14.27500,2996
14.28333,3039
14.29167,3114
14.30000,3218
14.30833,3350
14.31667,3507
14.32500,3685
14.33333,3883
14.34167,4098
14.35000,4328
14.35833,4568
14.36667,4815
14.37500,5068
14.38333,5321
14.39167,5573
14.40000,5819
14.40833,6057
14.41667,6283
14.42500,6494
14.43333,6689
14.44167,6864
14.45000,7018
14.45833,7148
14.46667,7253
14.47500,7331
14.48333,7383
14.49167,7408
14.50000,7405
14.50833,7375
14.51667,7319
14.52500,7238
14.53333,7133
14.54167,7006
14.55000,6858
14.55833,6693
14.56667,6511
14.57500,6315
14.58333,6108
14.59167,5891
14.60000,5666
14.60833,5436
14.61667,5203
14.62500,4968
14.63333,4734
14.64167,4502
14.65000,4272
14.65833,4047
14.66667,3827
14.67500,3614
14.68333,3408
14.69167,3209
14.70000,3019
14.70833,2837
14.71667,2664
14.72500,2499
14.73333,2343
14.74167,2196
14.75000,2057
14.75833,1927
14.76667,1805
14.77500,1690
14.78333,1583
14.79167,1483
14.80000,1390
14.80833,1303
14.81667,1222
14.82500,1147
14.83333,1077
14.84167,1012
14.85000,952
14.85833,897
14.86667,845
14.87500,798
14.88333,754
14.89167,713
14.90000,676
14.90833,642
14.91667,610
14.92500,580
14.93333,554
14.94167,529
14.95000,506
14.95833,485
14.96667,466
14.97500,448
14.98333,432
14.99167,418
15.00000,404
15.00833,392
15.01667,381
15.02500,371
15.03333,363
15.04167,355
15.05000,348
15.05833,341
15.06667,336
15.07500,332
15.08333,328
15.09167,325
15.10000,323
15.10833,322
15.11667,320
15.12500,320
15.13333,320
15.14167,321
15.15000,321
15.15833,322
15.16667,324
15.17500,326
15.18333,329
15.19167,331
15.20000,333
15.20833,335
15.21667,337
15.22500,339
15.23333,342
15.24167,344
15.25000,345
15.25833,347
15.26667,348
15.27500,349
15.28333,349
15.29167,349
15.30000,349
15.30833,349
15.31667,348
15.32500,346
15.33333,345
15.34167,342
15.35000,340
15.35833,337
15.36667,334
15.37500,330
15.38333,327
15.39167,323
15.40000,318
15.40833,313
15.41667,308
15.42500,303
15.43333,298
15.44167,293
15.45000,288
15.45833,283
15.46667,278
15.47500,273
15.48333,268
15.49167,263
15.50000,258
15.50833,253
15.51667,248
15.52500,244
15.53333,239
15.54167,235
15.55000,231
15.55833,227
15.56667,224
15.57500,220
15.58333,217
15.59167,213
15.60000,210
15.60833,206
15.61667,203
15.62500,201
15.63333,198
15.64167,195
15.65000,193
15.65833,191
15.66667,189
15.67500,187
15.68333,185
15.69167,183
15.70000,181
15.70833,180
15.71667,178
15.72500,177
15.73333,176
15.74167,175
15.75000,174
15.75833,172
15.76667,171
15.77500,171
15.78333,170
15.79167,169
15.80000,168
15.80833,167
15.81667,166
15.82500,165
15.83333,164
15.84167,164
15.85000,163
15.85833,163
15.86667,162
15.87500,161
15.88333,160
15.89167,160
15.90000,159
15.90833,158
15.91667,157
15.92500,156
15.93333,156
15.94167,155
15.95000,155
15.95833,154
15.96667,153
15.97500,153
15.98333,152
15.99167,151
16.00000,150
16.00833,149
16.01667,149
16.02500,148
16.03333,148
16.04167,147
16.05000,147
16.05833,147
16.06667,146
16.07500,146
16.08333,145
16.09167,145
16.10000,145
16.10833,144
16.11667,144
16.12500,143
16.13333,142
16.14167,142
16.15000,142
16.15833,141
16.16667,141
16.17500,140
16.18333,140
16.19167,139
16.20000,138
16.20833,138
16.21667,138
16.22500,137
16.23333,137
16.24167,137
16.25000,136
16.25833,136
16.26667,136
16.27500,135
16.28333,135
16.29167,134
16.30000,134
16.30833,134
16.31667,134
16.32500,133
16.33333,133
16.34167,133
16.35000,133
16.35833,133
16.36667,132
16.37500,132
16.38333,132
16.39167,131
16.40000,131
16.40833,131
16.41667,131
16.42500,131
16.43333,131
16.44167,131
16.45000,131
16.45833,130
16.46667,130
16.47500,129
16.48333,129
16.49167,129
16.50000,128
16.50833,128
16.51667,128
16.52500,128
16.53333,127
16.54167,127
16.55000,126
16.55833,126
16.56667,125
16.57500,125
16.58333,124
16.59167,124
16.60000,124
16.60833,124
16.61667,124
16.62500,123
16.63333,123
16.64167,123
16.65000,122
16.65833,122
16.66667,121
16.67500,121
16.68333,120
16.69167,120
16.70000,120
16.70833,120
16.71667,120
16.72500,119
16.73333,119
16.74167,118
16.75000,118
16.75833,117
16.76667,117
16.77500,117
16.78333,116
16.79167,115
16.80000,115
16.80833,114
16.81667,114
16.82500,113
16.83333,112
16.84167,112
16.85000,112
16.85833,112
16.86667,112
16.87500,112
16.88333,112
16.89167,112
16.90000,112
16.90833,111
16.91667,111
16.92500,111
16.93333,111
16.94167,110
16.95000,110
16.95833,110
16.96667,110
16.97500,110
16.98333,110
16.99167,109
17.00000,108
17.00833,108
17.01667,108
17.02500,108
17.03333,107
17.04167,107
17.05000,106
17.05833,106
17.06667,106
17.07500,106
17.08333,105
17.09167,105
17.10000,105
17.10833,105
17.11667,105
17.12500,105
17.13333,105
17.14167,104
17.15000,104
17.15833,103
17.16667,103
17.17500,102
17.18333,102
17.19167,102
17.20000,103
17.20833,102
17.21667,102
17.22500,102
17.23333,102
17.24167,102
17.25000,102
17.25833,102
17.26667,102
17.27500,101
17.28333,101
17.29167,100
17.30000,100
17.30833,100
17.31667,99
17.32500,99
17.33333,99
17.34167,99
17.35000,99
17.35833,99
17.36667,98
17.37500,98
17.38333,98
17.39167,97
17.40000,97
17.40833,97
17.41667,97
17.42500,97
17.43333,97
17.44167,97
17.45000,97
17.45833,97
17.46667,97
17.47500,97
17.48333,97
17.49167,96
17.50000,96
17.50833,96
17.51667,95
17.52500,95
17.53333,95
17.54167,94
17.55000,94
17.55833,94
17.56667,94
17.57500,94
17.58333,94
17.59167,94
17.60000,95
17.60833,95
17.61667,94
17.62500,94
17.63333,94
17.64167,93
17.65000,93
17.65833,93
17.66667,93
17.67500,93
17.68333,93
17.69167,93
17.70000,93
17.70833,93
17.71667,93
17.72500,93
17.73333,93
17.74167,93
17.75000,93
17.75833,93
17.76667,93
17.77500,93
17.78333,93
17.79167,93
17.80000,93
17.80833,93
17.81667,93
17.82500,93
17.83333,93
17.84167,93
17.85000,93
17.85833,93
17.86667,93
17.87500,93
17.88333,93
17.89167,93
17.90000,94
17.90833,94
17.91667,94
17.92500,94
17.93333,94
17.94167,94
17.95000,95
17.95833,95
17.96667,95
17.97500,95
17.98333,95
17.99167,95
18.00000,95
18.00833,95
18.01667,95
18.02500,95
18.03333,95
18.04167,95
18.05000,95
18.05833,94
18.06667,94
18.07500,93
18.08333,93
18.09167,93
18.10000,93
18.10833,93
18.11667,93
18.12500,93
18.13333,93
18.14167,93
18.15000,93
18.15833,93
18.16667,92
18.17500,92
18.18333,92
18.19167,91
18.20000,91
18.20833,91
18.21667,90
18.22500,90
18.23333,89
18.24167,89
18.25000,88
18.25833,88
18.26667,88
18.27500,87
18.28333,87
18.29167,86
18.30000,86
18.30833,86
18.31667,86
18.32500,86
18.33333,86
18.34167,86
18.35000,86
18.35833,86
18.36667,86
18.37500,86
18.38333,86
18.39167,86
18.40000,86
18.40833,86
18.41667,86
18.42500,86
18.43333,86
18.44167,86
18.45000,86
18.45833,86
18.46667,86
18.47500,86
18.48333,86
18.49167,86
18.50000,86
18.50833,86
18.51667,86
18.52500,85
18.53333,85
18.54167,85
18.55000,85
18.55833,85
18.56667,85
18.57500,85
18.58333,86
18.59167,86
18.60000,86
18.60833,87
18.61667,87
18.62500,87
18.63333,87
18.64167,87
18.65000,87
18.65833,87
18.66667,87
18.67500,87
18.68333,87
18.69167,87
18.70000,87
18.70833,87
18.71667,87
18.72500,88
18.73333,88
18.74167,88
18.75000,88
18.75833,88
18.76667,89
18.77500,89
18.78333,88
18.79167,88
18.80000,88
18.80833,88
18.81667,88
18.82500,88
18.83333,88
18.84167,89
18.85000,90
18.85833,90
18.86667,91
18.87500,92
18.88333,92
18.89167,93
18.90000,94
18.90833,94
18.91667,95
18.92500,97
18.93333,99
18.94167,100
18.95000,102
18.95833,104
18.96667,106
18.97500,108
18.98333,110
18.99167,113
19.00000,115
19.00833,118
19.01667,121
19.02500,124
19.03333,127
19.04167,130
19.05000,134
19.05833,137
19.06667,141
19.07500,144
19.08333,148
19.09167,151
19.10000,155
19.10833,158
19.11667,161
19.12500,164
19.13333,167
19.14167,171
19.15000,173
19.15833,176
19.16667,178
19.17500,181
19.18333,183
19.19167,185
19.20000,186
19.20833,187
19.21667,189
19.22500,189
19.23333,189
19.24167,190
19.25000,190
19.25833,190
19.26667,189
19.27500,188
19.28333,187
19.29167,186
19.30000,184
19.30833,182
19.31667,180
19.32500,178
19.33333,176
19.34167,173
19.35000,170
19.35833,167
19.36667,164
19.37500,161
19.38333,158
19.39167,155
19.40000,152
19.40833,149
19.41667,145
19.42500,142
19.43333,139
19.44167,136
19.45000,133
19.45833,130
19.46667,127
19.47500,125
19.48333,122
19.49167,120
19.50000,117
19.50833,115
19.51667,113
19.52500,111
19.53333,108
19.54167,107
19.55000,105
19.55833,103
19.56667,102
19.57500,100
19.58333,99
19.59167,98
19.60000,97
19.60833,96
19.61667,95
19.62500,94
19.63333,93
19.64167,91
19.65000,91
19.65833,90
19.66667,89
19.67500,89
19.68333,88
19.69167,88
19.70000,87
19.70833,86
19.71667,86
19.72500,85
19.73333,85
19.74167,84
19.75000,84
19.75833,84
19.76667,84
19.77500,83
19.78333,83
19.79167,82
19.80000,82
19.80833,82
19.81667,82
19.82500,82
19.83333,82
19.84167,82
19.85000,82
19.85833,81
19.86667,82
19.87500,82
19.88333,82
19.89167,82
19.90000,82
19.90833,82
19.91667,81
19.92500,81
19.93333,81
19.94167,81
19.95000,81
19.95833,80
19.96667,80
19.97500,80
19.98333,80
19.99167,80
20.00000,80
20.00833,80
20.01667,80
20.02500,80
20.03333,80
20.04167,81
20.05000,80
20.05833,80
20.06667,80
20.07500,80
20.08333,80
20.09167,79
20.10000,80
20.10833,80
20.11667,80
20.12500,80
20.13333,80
20.14167,80
20.15000,80
20.15833,80
20.16667,80
20.17500,80
20.18333,80
20.19167,80
20.20000,80
20.20833,80
20.21667,80
20.22500,80
20.23333,80
20.24167,80
20.25000,80
20.25833,80
20.26667,80
20.27500,79
20.28333,80
20.29167,80
20.30000,80
20.30833,80
20.31667,80
20.32500,80
20.33333,80
20.34167,80
20.35000,80
20.35833,80
20.36667,80
20.37500,80
20.38333,81
20.39167,81
20.40000,81
20.40833,80
20.41667,81
20.42500,80
20.43333,80
20.44167,80
20.45000,80
20.45833,80
20.46667,80
20.47500,80
20.48333,80
20.49167,80
20.50000,79
20.50833,79
20.51667,80
20.52500,80
20.53333,80
20.54167,80
20.55000,80
20.55833,80
20.56667,80
20.57500,80
20.58333,80
20.59167,80
20.60000,80
20.60833,80
20.61667,80
20.62500,80
20.63333,80
20.64167,80
20.65000,80
20.65833,80
20.66667,80
20.67500,81
20.68333,81
20.69167,81
20.70000,82
20.70833,82
20.71667,82
20.72500,82
20.73333,82
20.74167,82
20.75000,83
20.75833,83
20.76667,83
20.77500,84
20.78333,84
20.79167,84
20.80000,84
20.80833,84
20.81667,84
20.82500,85
20.83333,85
20.84167,85
20.85000,85
20.85833,85
20.86667,85
20.87500,86
20.88333,86
20.89167,86
20.90000,86
20.90833,86
20.91667,87
20.92500,87
20.93333,87
20.94167,87
20.95000,87
20.95833,87
20.96667,88
20.97500,88
20.98333,89
20.99167,89
21.00000,89
21.00833,90
21.01667,90
21.02500,91
21.03333,91
21.04167,92
21.05000,93
21.05833,94
21.06667,94
21.07500,95
21.08333,96
21.09167,97
21.10000,98
21.10833,98
21.11667,99
21.12500,100
21.13333,100
21.14167,101
21.15000,102
21.15833,103
21.16667,104
21.17500,105
21.18333,106
21.19167,106
21.20000,107
21.20833,108
21.21667,108
21.22500,109
21.23333,109
21.24167,110
21.25000,110
21.25833,111
21.26667,111
21.27500,111
21.28333,111
21.29167,112
21.30000,113
21.30833,113
21.31667,114
21.32500,114
21.33333,114
21.34167,113
21.35000,113
21.35833,113
21.36667,112
21.37500,112
21.38333,112
21.39167,111
21.40000,110
21.40833,110
21.41667,109
21.42500,108
21.43333,108
21.44167,107
21.45000,106
21.45833,106
21.46667,105
21.47500,104
21.48333,103
21.49167,102
21.50000,101
21.50833,101
21.51667,100
21.52500,99
21.53333,99
21.54167,98
21.55000,98
21.55833,97
21.56667,96
21.57500,95
21.58333,95
21.59167,94
21.60000,94
21.60833,93
21.61667,93
21.62500,92
21.63333,91
21.64167,91
21.65000,90
21.65833,90
21.66667,90
21.67500,89
21.68333,89
21.69167,88
21.70000,88
21.70833,87
21.71667,87
21.72500,87
21.73333,86
21.74167,86
21.75000,86
21.75833,86
21.76667,85
21.77500,85
21.78333,85
21.79167,85
21.80000,85
21.80833,85
21.81667,84
21.82500,84
21.83333,84
21.84167,84
21.85000,84
21.85833,84
21.86667,84
21.87500,84
21.88333,84
21.89167,84
21.90000,84
21.90833,84
21.91667,84
21.92500,84
21.93333,84
21.94167,84
21.95000,84
21.95833,84
21.96667,84
21.97500,84
21.98333,84
21.99167,84
22.00000,84
22.00833,84
22.01667,84
22.02500,84
22.03333,84
22.04167,84
22.05000,83
22.05833,84
22.06667,84
22.07500,84
22.08333,84
22.09167,84
22.10000,84
22.10833,84
22.11667,84
22.12500,84
22.13333,84
22.14167,84
22.15000,84
22.15833,84
22.16667,84
22.17500,84
22.18333,84
22.19167,84
22.20000,84
22.20833,84
22.21667,84
22.22500,84
22.23333,84
22.24167,84
22.25000,84
22.25833,84
22.26667,84
22.27500,84
22.28333,84
22.29167,84
22.30000,84
22.30833,84
22.31667,84
22.32500,85
22.33333,85
22.34167,85
22.35000,85
22.35833,85
22.36667,85
22.37500,85
22.38333,85
22.39167,85
22.40000,85
22.40833,85
22.41667,85
22.42500,85
22.43333,85
22.44167,85
22.45000,85
22.45833,86
22.46667,86
22.47500,85
22.48333,86
22.49167,86
22.50000,86
22.50833,86
22.51667,86
22.52500,86
22.53333,86
22.54167,86
22.55000,86
22.55833,86
22.56667,86
22.57500,86
22.58333,86
22.59167,86
22.60000,86
22.60833,87
22.61667,87
22.62500,86
22.63333,86
22.64167,86
22.65000,86
22.65833,86
22.66667,86
22.67500,87
22.68333,87
22.69167,88
22.70000,88
22.70833,88
22.71667,89
22.72500,89
22.73333,89
22.74167,90
22.75000,90
22.75833,90
22.76667,91
22.77500,91
22.78333,92
22.79167,92
22.80000,92
22.80833,93
22.81667,93
22.82500,93
22.83333,94
22.84167,95
22.85000,95
22.85833,96
22.86667,97
22.87500,98
22.88333,98
22.89167,99
22.90000,100
22.90833,101
22.91667,102
22.92500,103
22.93333,103
22.94167,104
22.95000,105
22.95833,106
22.96667,106
22.97500,107
22.98333,108
22.99167,108
23.00000,109
23.00833,109
23.01667,109
23.02500,109
23.03333,110
23.04167,110
23.05000,111
23.05833,111
23.06667,111
23.07500,111
23.08333,111
23.09167,111
23.10000,111
23.10833,111
23.11667,111
23.12500,111
23.13333,110
23.14167,110
23.15000,109
23.15833,109
23.16667,108
23.17500,108
23.18333,107
23.19167,107
23.20000,106
23.20833,106
23.21667,105
23.22500,104
23.23333,104
23.24167,103
23.25000,102
23.25833,101
23.26667,101
23.27500,100
23.28333,100
23.29167,99
23.30000,98
23.30833,98
23.31667,97
23.32500,97
23.33333,96
23.34167,96
23.35000,96
23.35833,95
23.36667,95
23.37500,95
23.38333,94
23.39167,94
23.40000,94
23.40833,93
23.41667,93
23.42500,92
23.43333,92
23.44167,91
23.45000,91
23.45833,91
23.46667,91
23.47500,91
23.48333,91
23.49167,91
23.50000,91
23.50833,91
23.51667,91
23.52500,90
23.53333,90
23.54167,90
23.55000,89
23.55833,89
23.56667,89
23.57500,89
23.58333,89
23.59167,89
23.60000,89
23.60833,88
23.61667,88
23.62500,89
23.63333,89
23.64167,89
23.65000,89
23.65833,89
23.66667,90
23.67500,90
23.68333,91
23.69167,91
23.70000,90
23.70833,90
23.71667,89
23.72500,89
23.73333,88
23.74167,88
23.75000,88
23.75833,88
23.76667,88
23.77500,89
23.78333,89
23.79167,89
23.80000,89
23.80833,89
23.81667,89
23.82500,90
23.83333,90
23.84167,90
23.85000,90
23.85833,91
23.86667,91
23.87500,91
23.88333,92
23.89167,92
23.90000,92
23.90833,92
23.91667,92
23.92500,93
23.93333,93
23.94167,94
23.95000,94
23.95833,94
23.96667,94
23.97500,94
23.98333,94
23.99167,94
24.00000,94
24.00833,94
24.01667,94
24.02500,95
24.03333,95
24.04167,95
24.05000,95
24.05833,95
24.06667,95
24.07500,95
24.08333,95
24.09167,96
24.10000,96
24.10833,95
24.11667,95
24.12500,95
24.13333,95
24.14167,95
24.15000,95
24.15833,95
24.16667,95
24.17500,95
24.18333,95
24.19167,95
24.20000,95
24.20833,96
24.21667,96
24.22500,95
24.23333,95
24.24167,95
24.25000,95
24.25833,95
24.26667,95
24.27500,95
24.28333,95
24.29167,96
24.30000,96
24.30833,96
24.31667,96
24.32500,97
24.33333,97
24.34167,97
24.35000,98
24.35833,98
24.36667,98
24.37500,99
24.38333,100
24.39167,101
24.40000,103
24.40833,104
24.41667,106
24.42500,108
24.43333,110
24.44167,112
24.45000,114
24.45833,117
24.46667,121
24.47500,125
24.48333,129
24.49167,134
24.50000,140
24.50833,146
24.51667,153
24.52500,160
24.53333,169
24.54167,180
24.55000,191
24.55833,204
24.56667,218
24.57500,235
24.58333,253
24.59167,274
24.60000,296
24.60833,321
24.61667,349
24.62500,380
24.63333,415
24.64167,453
24.65000,495
24.65833,542
24.66667,593
24.67500,649
24.68333,711
24.69167,779
24.70000,853
24.70833,934
24.71667,1021
24.72500,1116
24.73333,1219
24.74167,1330
24.75000,1449
24.75833,1578
24.76667,1715
24.77500,1862
24.78333,2019
24.79167,2185
24.80000,2362
24.80833,2548
24.81667,2745
24.82500,2951
24.83333,3168
24.84167,3395
24.85000,3631
24.85833,3876
24.86667,4131
24.87500,4393
24.88333,4663
24.89167,4941
24.90000,5224
24.90833,5513
24.91667,5806
24.92500,6102
24.93333,6400
24.94167,6699
24.95000,6999
24.95833,7297
24.96667,7592
24.97500,7884
24.98333,8170
24.99167,8449
25.00000,8720
25.00833,8982
25.01667,9233
25.02500,9473
25.03333,9699
25.04167,9911
25.05000,10108
25.05833,10288
25.06667,10452
25.07500,10597
25.08333,10724
25.09167,10831
25.10000,10919
25.10833,10987
25.11667,11034
25.12500,11061
25.13333,11067
25.14167,11053
25.15000,11019
25.15833,10965
25.16667,10893
25.17500,10801
25.18333,10692
25.19167,10564
25.20000,10421
25.20833,10261
25.21667,10087
25.22500,9900
25.23333,9699
25.24167,9488
25.25000,9265
25.25833,9034
25.26667,8795
25.27500,8548
25.28333,8295
25.29167,8037
25.30000,7775
25.30833,7510
25.31667,7244
25.32500,6977
25.33333,6710
25.34167,6444
25.35000,6181
25.35833,5919
25.36667,5661
25.37500,5408
25.38333,5159
25.39167,4914
25.40000,4676
25.40833,4444
25.41667,4218
25.42500,3999
25.43333,3787
25.44167,3582
25.45000,3385
25.45833,3196
25.46667,3014
25.47500,2839
25.48333,2673
25.49167,2514
25.50000,2363
25.50833,2219
25.51667,2083
25.52500,1953
25.53333,1831
25.54167,1716
25.55000,1607
25.55833,1504
25.56667,1408
25.57500,1317
25.58333,1233
25.59167,1153
25.60000,1079
25.60833,1010
25.61667,945
25.62500,885
25.63333,829
25.64167,777
25.65000,729
25.65833,684
25.66667,642
25.67500,603
25.68333,567
25.69167,534
25.70000,504
25.70833,477
25.71667,451
25.72500,427
25.73333,405
25.74167,385
25.75000,366
25.75833,349
25.76667,334
25.77500,319
25.78333,306
25.79167,294
25.80000,283
25.80833,272
25.81667,263
25.82500,254
25.83333,246
25.84167,239
25.85000,232
25.85833,226
25.86667,220
25.87500,215
25.88333,210
25.89167,206
25.90000,202
25.90833,198
25.91667,194
25.92500,191
25.93333,188
25.94167,185
25.95000,182
25.95833,180
25.96667,177
25.97500,175
25.98333,173
25.99167,172
26.00000,170
26.00833,168
26.01667,166
26.02500,165
26.03333,163
26.04167,162
26.05000,161
26.05833,160
26.06667,159
26.07500,158
26.08333,157
26.09167,156
26.10000,155
26.10833,154
26.11667,153
26.12500,153
26.13333,152
26.14167,151
26.15000,151
26.15833,150
26.16667,149
26.17500,149
26.18333,148
26.19167,148
26.20000,147
26.20833,147
26.21667,146
26.22500,146
26.23333,145
26.24167,144
26.25000,143
26.25833,143
26.26667,142
26.27500,142
26.28333,142
26.29167,142
26.30000,141
26.30833,141
26.31667,140
26.32500,139
26.33333,139
26.34167,138
26.35000,138
26.35833,138
26.36667,137
26.37500,137
26.38333,137
26.39167,138
26.40000,137
26.40833,137
26.41667,136
26.42500,136
26.43333,135
26.44167,135
26.45000,135
26.45833,134
26.46667,134
26.47500,134
26.48333,133
26.49167,133
26.50000,133
26.50833,133
26.51667,133
26.52500,132
26.53333,132
26.54167,132
26.55000,132
26.55833,132
26.56667,132
26.57500,132
26.58333,131
26.59167,131
26.60000,131
26.60833,131
26.61667,131
26.62500,130
26.63333,130
26.64167,130
26.65000,129
26.65833,129
26.66667,129
26.67500,128
26.68333,128
26.69167,127
26.70000,127
26.70833,127
26.71667,127
26.72500,127
26.73333,127
26.74167,126
26.75000,126
26.75833,126
26.76667,126
26.77500,126
26.78333,126
26.79167,126
26.80000,125
26.80833,125
26.81667,125
26.82500,125
26.83333,124
26.84167,124
26.85000,124
26.85833,124
26.86667,124
26.87500,124
26.88333,124
26.89167,124
26.90000,124
26.90833,124
26.91667,124
26.92500,124
26.93333,123
26.94167,123
26.95000,123
26.95833,124
26.96667,124
26.97500,124
26.98333,124
26.99167,124
27.00000,124
27.00833,124
27.01667,124
27.02500,124
27.03333,124
27.04167,124
27.05000,123
27.05833,122
27.06667,122
27.07500,122
27.08333,122
27.09167,122
27.10000,121
27.10833,121
27.11667,121
27.12500,121
27.13333,121
27.14167,121
27.15000,121
27.15833,121
27.16667,121
27.17500,121
27.18333,121
27.19167,121
27.20000,121
27.20833,121
27.21667,121
27.22500,121
27.23333,121
27.24167,120
27.25000,120
27.25833,120
27.26667,120
27.27500,120
27.28333,120
27.29167,120
27.30000,120
27.30833,120
27.31667,120
27.32500,120
27.33333,120
27.34167,120
27.35000,120
27.35833,120
27.36667,120
27.37500,119
27.38333,119
27.39167,119
27.40000,119
27.40833,118
27.41667,118
27.42500,118
27.43333,118
27.44167,119
27.45000,119
27.45833,119
27.46667,118
27.47500,118
27.48333,118
27.49167,118
27.50000,117
27.50833,117
27.51667,117
27.52500,117
27.53333,117
27.54167,117
27.55000,116
27.55833,116
27.56667,116
27.57500,116
27.58333,115
27.59167,115
27.60000,115
27.60833,114
27.61667,114
27.62500,113
27.63333,113
27.64167,112
27.65000,111
27.65833,111
27.66667,110
27.67500,110
27.68333,109
27.69167,109
27.70000,108
27.70833,107
27.71667,106
27.72500,105
27.73333,104
27.74167,103
27.75000,102
27.75833,100
27.76667,98
27.77500,97
27.78333,95
27.79167,93
27.80000,92
27.80833,90
27.81667,89
27.82500,87
27.83333,84
27.84167,82
27.85000,80
27.85833,77
27.86667,75
27.87500,72
27.88333,70
27.89167,67
27.90000,65
27.90833,62
27.91667,60
27.92500,57
27.93333,55
27.94167,52
27.95000,49
27.95833,45
27.96667,42
27.97500,39
27.98333,35
27.99167,32
28.00000,29
28.00833,25
28.01667,22
28.02500,19
28.03333,16
28.04167,12
28.05000,9
28.05833,6
28.06667,2
28.07500,-1
28.08333,-4
28.09167,-7
28.10000,-10
28.10833,-12
28.11667,-15
28.12500,-17
28.13333,-20
28.14167,-22
28.15000,-24
28.15833,-26
28.16667,-27
28.17500,-29
28.18333,-31
28.19167,-32
28.20000,-34
28.20833,-34
28.21667,-35
28.22500,-35
28.23333,-36
28.24167,-36
28.25000,-37
28.25833,-37
28.26667,-38
28.27500,-38
28.28333,-37
28.29167,-37
28.30000,-36
28.30833,-35
28.31667,-34
28.32500,-33
28.33333,-31
28.34167,-30
28.35000,-28
28.35833,-26
28.36667,-24
28.37500,-22
28.38333,-21
28.39167,-19
28.40000,-16
28.40833,-14
28.41667,-11
28.42500,-8
28.43333,-5
28.44167,-2
28.45000,0
28.45833,3
28.46667,5
28.47500,8
28.48333,11
28.49167,13
28.50000,16
28.50833,19
28.51667,21
28.52500,24
28.53333,27
28.54167,30
28.55000,32
28.55833,35
28.56667,38
28.57500,40
28.58333,43
28.59167,45
28.60000,48
28.60833,50
28.61667,52
28.62500,55
28.63333,57
28.64167,59
28.65000,61
28.65833,63
28.66667,64
28.67500,66
28.68333,68
28.69167,70
28.70000,71
28.70833,73
28.71667,75
28.72500,77
28.73333,78
28.74167,79
28.75000,80
28.75833,81
28.76667,82
28.77500,84
28.78333,85
28.79167,86
28.80000,87
28.80833,88
28.81667,89
28.82500,90
28.83333,91
28.84167,92
28.85000,93
28.85833,94
28.86667,95
28.87500,95
28.88333,96
28.89167,96
28.90000,96
28.90833,96
28.91667,97
28.92500,97
28.93333,97
28.94167,98
28.95000,98
28.95833,99
28.96667,100
28.97500,100
28.98333,101
28.99167,101
29.00000,102
29.00833,103
29.01667,103
29.02500,103
29.03333,103
29.04167,103
29.05000,104
29.05833,104
29.06667,104
29.07500,104
29.08333,104
29.09167,104
29.10000,103
29.10833,104
29.11667,104
29.12500,105
29.13333,105
29.14167,105
29.15000,105
29.15833,105
29.16667,105
29.17500,105
29.18333,106
29.19167,106
29.20000,106
29.20833,106
29.21667,107
29.22500,107
29.23333,107
29.24167,107
29.25000,107
29.25833,106
29.26667,106
29.27500,106
29.28333,106
29.29167,106
29.30000,106
29.30833,106
29.31667,106
29.32500,106
29.33333,106
29.34167,106
29.35000,106
29.35833,106
29.36667,106
29.37500,106
29.38333,105
29.39167,105
29.40000,105
29.40833,104
29.41667,104
29.42500,103
29.43333,103
29.44167,103
29.45000,102
29.45833,102
29.46667,101
29.47500,101
29.48333,100
29.49167,100
29.50000,99
29.50833,98
29.51667,98
29.52500,97
29.53333,96
29.54167,96
29.55000,95
29.55833,94
29.56667,93
29.57500,92
29.58333,91
29.59167,90
29.60000,89
29.60833,88
29.61667,87
29.62500,86
29.63333,85
29.64167,84
29.65000,82
29.65833,81
29.66667,80
29.67500,79
29.68333,78
29.69167,76
29.70000,75
29.70833,73
29.71667,72
29.72500,71
29.73333,71
29.74167,70
29.75000,68
29.75833,67
29.76667,66
29.77500,64
29.78333,63
29.79167,61
29.80000,60
29.80833,59
29.81667,58
29.82500,57
29.83333,56
29.84167,56
29.85000,55
29.85833,54
29.86667,53
29.87500,53
29.88333,52
29.89167,51
29.90000,50
29.90833,50
29.91667,49
29.92500,49
29.93333,49
29.94167,49
29.95000,48
29.95833,48
29.96667,48
29.97500,48
29.98333,48
29.99167,48
30.00000,48
30.00833,48
30.01667,48
30.02500,48
30.03333,48
30.04167,49
30.05000,50
30.05833,50
30.06667,51
30.07500,51
30.08333,52
30.09167,53
30.10000,53
30.10833,54
30.11667,55
30.12500,56
30.13333,56
30.14167,57
30.15000,58
30.15833,59
30.16667,60
30.17500,61
30.18333,62
30.19167,62
30.20000,63
30.20833,65
30.21667,65
30.22500,66
30.23333,67
30.24167,68
30.25000,70
30.25833,71
30.26667,72
30.27500,73
30.28333,74
30.29167,75
30.30000,76
30.30833,77
30.31667,78
30.32500,79
30.33333,80
30.34167,81
30.35000,82
30.35833,83
30.36667,84
30.37500,84
30.38333,84
30.39167,85
30.40000,86
30.40833,88
30.41667,89
30.42500,90
30.43333,90
30.44167,90
30.45000,90
30.45833,91
30.46667,91
30.47500,92
30.48333,92
30.49167,92
30.50000,93
30.50833,93
30.51667,93
30.52500,93
30.53333,94
30.54167,94
30.55000,94
30.55833,94
30.56667,94
30.57500,94
30.58333,95
30.59167,95
30.60000,95
30.60833,95
30.61667,95
30.62500,95
30.63333,95
30.64167,94
30.65000,94
30.65833,94
30.66667,94
30.67500,94
30.68333,93
30.69167,93
30.70000,92
30.70833,92
30.71667,92
30.72500,91
30.73333,91
30.74167,91
30.75000,91
30.75833,90
30.76667,90
30.77500,90
30.78333,90
30.79167,90
30.80000,90
30.80833,89
30.81667,89
30.82500,89
30.83333,89
30.84167,89
30.85000,88
30.85833,88
30.86667,88
30.87500,87
30.88333,87
30.89167,87
30.90000,87
30.90833,87
30.91667,87
30.92500,86
30.93333,86
30.94167,86
30.95000,86
30.95833,87
30.96667,87
30.97500,87
30.98333,88
30.99167,88
31.00000,88
31.00833,88
31.01667,88
31.02500,88
31.03333,88
31.04167,89
31.05000,89
31.05833,89
31.06667,89
31.07500,90
31.08333,91
31.09167,91
31.10000,92
31.10833,93
31.11667,93
31.12500,94
31.13333,94
31.14167,95
31.15000,95
31.15833,96
31.16667,96
31.17500,97
31.18333,97
31.19167,98
31.20000,99
31.20833,99
31.21667,100
31.22500,100
31.23333,100
31.24167,100
31.25000,101
31.25833,101
31.26667,102
31.27500,103
31.28333,103
31.29167,104
31.30000,104
31.30833,104
31.31667,105
31.32500,106
31.33333,106
31.34167,107
31.35000,108
31.35833,108
31.36667,109
31.37500,109
31.38333,109
31.39167,109
31.40000,109
31.40833,110
31.41667,111
31.42500,111
31.43333,111
31.44167,111
31.45000,111
31.45833,111
31.46667,111
31.47500,111
31.48333,111
31.49167,111
31.50000,112
31.50833,112
31.51667,112
31.52500,112
31.53333,112
31.54167,112
31.55000,112
31.55833,112
31.56667,112
31.57500,112
31.58333,113
31.59167,113
31.60000,113
31.60833,114
31.61667,114
31.62500,114
31.63333,113
31.64167,113
31.65000,113
31.65833,113
31.66667,113
31.67500,113
31.68333,113
31.69167,113
31.70000,113
31.70833,113
31.71667,113
31.72500,113
31.73333,113
31.74167,113
31.75000,113
31.75833,113
31.76667,114
31.77500,114
31.78333,114
31.79167,114
31.80000,114
31.80833,113
31.81667,113
31.82500,113
31.83333,114
31.84167,114
31.85000,114
31.85833,114
31.86667,114
31.87500,113
31.88333,114
31.89167,114
31.90000,114
31.90833,114
31.91667,114
31.92500,114
31.93333,114
31.94167,114
31.95000,114
31.95833,114
31.96667,114
31.97500,114
31.98333,114
31.99167,114
32.00000,114
32.00833,114
32.01667,114
32.02500,114
32.03333,114
32.04167,114
32.05000,114
32.05833,114
32.06667,114
32.07500,114
32.08333,114
32.09167,113
32.10000,113
32.10833,113
32.11667,113
32.12500,113
32.13333,113
32.14167,113
32.15000,113
32.15833,114
32.16667,114
32.17500,114
32.18333,114
32.19167,114
32.20000,115
32.20833,115
32.21667,115
32.22500,115
32.23333,115
32.24167,115
32.25000,115
32.25833,115
32.26667,115
32.27500,115
32.28333,115
32.29167,115
32.30000,115
32.30833,115
32.31667,115
32.32500,115
32.33333,115
32.34167,114
32.35000,114
32.35833,114
32.36667,114
32.37500,114
32.38333,115
32.39167,115
32.40000,115
32.40833,115
32.41667,115
32.42500,115
32.43333,115
32.44167,115
32.45000,115
32.45833,115
32.46667,116
32.47500,116
32.48333,116
32.49167,116
32.50000,116
32.50833,116
32.51667,116
32.52500,116
32.53333,116
32.54167,115
32.55000,116
32.55833,116
32.56667,116
32.57500,116
32.58333,116
32.59167,116
32.60000,116
32.60833,117
32.61667,117
32.62500,116
32.63333,116
32.64167,116
32.65000,116
32.65833,117
32.66667,117
32.67500,117
32.68333,117
32.69167,117
32.70000,117
32.70833,117
32.71667,117
32.72500,117
32.73333,117
32.74167,117
32.75000,117
32.75833,117
32.76667,117
32.77500,117
32.78333,117
32.79167,117
32.80000,117
32.80833,117
32.81667,117
32.82500,116
32.83333,117
32.84167,117
32.85000,117
32.85833,117
32.86667,117
32.87500,117
32.88333,118
32.89167,118
32.90000,118
32.90833,118
32.91667,118
32.92500,118
32.93333,118
32.94167,118
32.95000,117
32.95833,117
32.96667,117
32.97500,117
32.98333,117
32.99167,117
33.00000,117
33.00833,117
33.01667,117
33.02500,117
33.03333,117
33.04167,117
33.05000,118
33.05833,118
33.06667,118
33.07500,118
33.08333,118
33.09167,118
33.10000,118
33.10833,118
33.11667,118
33.12500,118
33.13333,118
33.14167,118
33.15000,117
33.15833,117
33.16667,117
33.17500,117
33.18333,118
33.19167,118
33.20000,118
33.20833,118
33.21667,119
33.22500,119
33.23333,118
33.24167,118
33.25000,118
33.25833,118
33.26667,118
33.27500,118
33.28333,119
33.29167,119
33.30000,119
33.30833,119
33.31667,119
33.32500,119
33.33333,118
33.34167,118
33.35000,118
33.35833,118
33.36667,118
33.37500,118
33.38333,118
33.39167,118
33.40000,119
33.40833,119
33.41667,119
33.42500,119
33.43333,119
33.44167,119
33.45000,119
33.45833,119
33.46667,119
33.47500,119
33.48333,118
33.49167,118
33.50000,118
33.50833,118
33.51667,119
33.52500,119
33.53333,119
33.54167,119
33.55000,119
33.55833,119
33.56667,119
33.57500,118
33.58333,118
33.59167,118
33.60000,118
33.60833,119
33.61667,119
33.62500,119
33.63333,119
33.64167,119
33.65000,119
33.65833,119
33.66667,119
33.67500,119
33.68333,119
33.69167,119
33.70000,119
33.70833,118
33.71667,118
33.72500,118
33.73333,119
33.74167,119
33.75000,119
33.75833,120
33.76667,120
33.77500,120
33.78333,120
33.79167,119
33.80000,119
33.80833,119
33.81667,119
33.82500,119
33.83333,120
33.84167,120
33.85000,120
33.85833,121
33.86667,121
33.87500,120
33.88333,120
33.89167,120
33.90000,120
33.90833,120
33.91667,120
33.92500,121
33.93333,121
33.94167,121
33.95000,121
33.95833,121
33.96667,121
33.97500,121
33.98333,121
33.99167,120
34.00000,120
34.00833,120
34.01667,120
34.02500,120
34.03333,120
34.04167,120
34.05000,121
34.05833,121
34.06667,121
34.07500,121
34.08333,121
34.09167,121
34.10000,121
34.10833,121
34.11667,121
34.12500,121
34.13333,121
34.14167,121
34.15000,121
34.15833,121
34.16667,120
34.17500,120
34.18333,120
34.19167,120
34.20000,120
34.20833,121
34.21667,121
34.22500,121
34.23333,121
34.24167,121
34.25000,121
34.25833,121
34.26667,122
34.27500,122
34.28333,122
34.29167,122
34.30000,122
34.30833,122
34.31667,122
34.32500,122
34.33333,122
34.34167,122
34.35000,122
34.35833,121
34.36667,121
34.37500,122
34.38333,122
34.39167,122
34.40000,122
34.40833,122
34.41667,122
34.42500,122
34.43333,122
34.44167,122
34.45000,122
34.45833,121
34.46667,122
34.47500,122
34.48333,122
34.49167,121
34.50000,122
34.50833,122
34.51667,122
34.52500,122
34.53333,122
34.54167,122
34.55000,123
34.55833,123
34.56667,123
34.57500,123
34.58333,123
34.59167,123
34.60000,123
34.60833,123
34.61667,123
34.62500,122
34.63333,122
34.64167,122
34.65000,122
34.65833,121
34.66667,121
34.67500,122
34.68333,122
34.69167,122
34.70000,122
34.70833,122
34.71667,122
34.72500,123
34.73333,123
34.74167,123
34.75000,123
34.75833,124
34.76667,124
34.77500,124
34.78333,124
34.79167,124
34.80000,123
34.80833,123
34.81667,123
34.82500,123
34.83333,123
34.84167,123
34.85000,123
34.85833,123
34.86667,123
34.87500,123
34.88333,123
34.89167,123
34.90000,123
34.90833,123
34.91667,124
34.92500,124
34.93333,124
34.94167,124
34.95000,124
34.95833,124
34.96667,124
34.97500,124
34.98333,124
34.99167,125
35.00000,125
35.00833,125
35.01667,124
35.02500,124
35.03333,124
35.04167,124
35.05000,124
35.05833,123
35.06667,123
35.07500,123
35.08333,123
35.09167,123
35.10000,123
35.10833,123
35.11667,124
35.12500,124
35.13333,125
35.14167,125
35.15000,125
35.15833,125
35.16667,125
35.17500,125
35.18333,125
35.19167,125
35.20000,125
35.20833,125
35.21667,125
35.22500,125
35.23333,125
35.24167,125
35.25000,125
35.25833,125
35.26667,125
35.27500,125
35.28333,125
35.29167,125
35.30000,126
35.30833,126
35.31667,126
35.32500,126
35.33333,126
35.34167,126
35.35000,126
35.35833,126
35.36667,126
35.37500,125
35.38333,125
35.39167,125
35.40000,125
35.40833,126
35.41667,126
35.42500,126
35.43333,126
35.44167,126
35.45000,126
35.45833,126
35.46667,126
35.47500,126
35.48333,126
35.49167,126
35.50000,126
35.50833,126
35.51667,125
35.52500,125
35.53333,125
35.54167,125
35.55000,125
35.55833,125
35.56667,125
35.57500,125
35.58333,125
35.59167,126
35.60000,126
35.60833,126
35.61667,126
35.62500,125
35.63333,125
35.64167,125
35.65000,125
35.65833,125
35.66667,126
35.67500,126
35.68333,126
35.69167,126
35.70000,126
35.70833,125
35.71667,125
35.72500,125
35.73333,125
35.74167,125
35.75000,125
35.75833,125
35.76667,125
35.77500,125
35.78333,126
35.79167,126
35.80000,126
35.80833,126
35.81667,127
35.82500,127
35.83333,126
35.84167,127
35.85000,127
35.85833,127
35.86667,127
35.87500,127
35.88333,127
35.89167,127
35.90000,127
35.90833,127
35.91667,127
35.92500,126
35.93333,126
35.94167,126
35.95000,127
35.95833,127
35.96667,127
35.97500,128
35.98333,128
35.99167,128
36.00000,128
36.00833,129
36.01667,128
36.02500,128
36.03333,128
36.04167,127
36.05000,127
36.05833,127
36.06667,127
36.07500,127
36.08333,127
36.09167,127
36.10000,127
36.10833,127
36.11667,127
36.12500,127
36.13333,127
36.14167,127
36.15000,127
36.15833,127
36.16667,127
36.17500,127
36.18333,127
36.19167,128
36.20000,128
36.20833,128
36.21667,128
36.22500,128
36.23333,128
36.24167,128
36.25000,128
36.25833,128
36.26667,128
36.27500,128
36.28333,128
36.29167,129
36.30000,129
36.30833,129
36.31667,129
36.32500,129
36.33333,129
36.34167,129
36.35000,129
36.35833,129
36.36667,129
36.37500,129
36.38333,129
36.39167,129
36.40000,129
36.40833,129
36.41667,129
36.42500,129
36.43333,130
36.44167,130
36.45000,129
36.45833,129
36.46667,129
36.47500,129
36.48333,129
36.49167,129
36.50000,129
36.50833,129
36.51667,130
36.52500,130
36.53333,130
36.54167,130
36.55000,130
36.55833,130
36.56667,130
36.57500,130
36.58333,130
36.59167,130
36.60000,130
36.60833,129
36.61667,130
36.62500,130
36.63333,130
36.64167,130
36.65000,130
36.65833,130
36.66667,130
36.67500,130
36.68333,130
36.69167,130
36.70000,131
36.70833,131
36.71667,131
36.72500,131
36.73333,131
36.74167,131
36.75000,130
36.75833,130
36.76667,130
36.77500,130
36.78333,130
36.79167,130
36.80000,130
36.80833,130
36.81667,130
36.82500,130
36.83333,131
36.84167,131
36.85000,131
36.85833,131
36.86667,131
36.87500,132
36.88333,132
36.89167,132
36.90000,132
36.90833,132
36.91667,131
36.92500,132
36.93333,132
36.94167,132
36.95000,132
36.95833,132
36.96667,132
36.97500,132
36.98333,132
36.99167,131
37.00000,131
37.00833,131
37.01667,131
37.02500,131
37.03333,131
37.04167,131
37.05000,131
37.05833,131
37.06667,131
37.07500,131
37.08333,131
37.09167,131
37.10000,132
37.10833,132
37.11667,132
37.12500,132
37.13333,132
37.14167,133
37.15000,132
37.15833,132
37.16667,133
37.17500,132
37.18333,132
37.19167,132
37.20000,132
37.20833,132
37.21667,132
37.22500,132
37.23333,132
37.24167,132
37.25000,132
37.25833,132
37.26667,132
37.27500,132
37.28333,132
37.29167,133
37.30000,133
37.30833,133
37.31667,133
37.32500,133
37.33333,133
37.34167,133
37.35000,133
37.35833,133
37.36667,133
37.37500,133
37.38333,133
37.39167,133
37.40000,132
37.40833,132
37.41667,132
37.42500,132
37.43333,132
37.44167,133
37.45000,133
37.45833,133
37.46667,133
37.47500,133
37.48333,133
37.49167,133
37.50000,133
37.50833,133
37.51667,133
37.52500,133
37.53333,133
37.54167,133
37.55000,133
37.55833,133
37.56667,134
37.57500,134
37.58333,134
37.59167,134
37.60000,134
37.60833,134
37.61667,134
37.62500,134
37.63333,134
37.64167,134
37.65000,134
37.65833,134
37.66667,134
37.67500,134
37.68333,134
37.69167,134
37.70000,134
37.70833,134
37.71667,134
37.72500,134
37.73333,134
37.74167,135
37.75000,135
37.75833,135
37.76667,135
37.77500,135
37.78333,135
37.79167,135
37.80000,134
37.80833,134
37.81667,134
37.82500,134
37.83333,134
37.84167,134
37.85000,134
37.85833,134
37.86667,134
37.87500,135
37.88333,135
37.89167,135
37.90000,135
37.90833,135
37.91667,135
37.92500,135
37.93333,135
37.94167,135
37.95000,135
37.95833,135
37.96667,135
37.97500,135
37.98333,135
37.99167,135
38.00000,135
38.00833,135
38.01667,135
38.02500,135
38.03333,135
38.04167,135
38.05000,136
38.05833,136
38.06667,136
38.07500,136
38.08333,136
38.09167,136
38.10000,135
38.10833,135
38.11667,135
38.12500,135
38.13333,135
38.14167,135
38.15000,136
38.15833,136
38.16667,136
38.17500,136
38.18333,136
38.19167,136
38.20000,136
38.20833,136
38.21667,135
38.22500,135
38.23333,135
38.24167,135
38.25000,135
38.25833,135
38.26667,135
38.27500,135
38.28333,136
38.29167,136
38.30000,136
38.30833,136
38.31667,136
38.32500,136
38.33333,136
38.34167,136
38.35000,136
38.35833,136
38.36667,136
38.37500,136
38.38333,136
38.39167,136
38.40000,136
38.40833,136
38.41667,136
38.42500,136
38.43333,136
38.44167,136
38.45000,136
38.45833,136
38.46667,136
38.47500,136
38.48333,136
38.49167,136
38.50000,136
38.50833,136
38.51667,136
38.52500,136
38.53333,136
38.54167,136
38.55000,136
38.55833,136
38.56667,136
38.57500,136
38.58333,136
38.59167,136
38.60000,137
38.60833,137
38.61667,137
38.62500,137
38.63333,136
38.64167,136
38.65000,136
38.65833,136
38.66667,137
38.67500,137
38.68333,137
38.69167,137
38.70000,137
38.70833,137
38.71667,137
38.72500,137
38.73333,137
38.74167,138
38.75000,138
38.75833,138
38.76667,138
38.77500,137
38.78333,137
38.79167,137
38.80000,137
38.80833,137
38.81667,137
38.82500,137
38.83333,138
38.84167,138
38.85000,138
38.85833,137
38.86667,137
38.87500,137
38.88333,137
38.89167,137
38.90000,137
38.90833,137
38.91667,137
38.92500,137
38.93333,137
38.94167,137
38.95000,138
38.95833,138
38.96667,137
38.97500,137
38.98333,137
38.99167,137
39.00000,137
39.00833,137
39.01667,137
39.02500,137
39.03333,137
39.04167,137
39.05000,137
39.05833,137
39.06667,137
39.07500,137
39.08333,137
39.09167,137
39.10000,137
39.10833,138
39.11667,138
39.12500,138
39.13333,138
39.14167,137
39.15000,137
39.15833,138
39.16667,138
39.17500,137
39.18333,137
39.19167,137
39.20000,137
39.20833,137
39.21667,137
39.22500,137
39.23333,137
39.24167,138
39.25000,138
39.25833,138
39.26667,137
39.27500,137
39.28333,138
39.29167,138
39.30000,138
39.30833,138
39.31667,137
39.32500,137
39.33333,138
39.34167,138
39.35000,138
39.35833,138
39.36667,138
39.37500,138
39.38333,138
39.39167,138
39.40000,138
39.40833,138
39.41667,138
39.42500,138
39.43333,138
39.44167,138
39.45000,138
39.45833,138
39.46667,138
39.47500,138
39.48333,138
39.49167,138
39.50000,138
39.50833,138
39.51667,138
39.52500,138
39.53333,138
39.54167,138
39.55000,138
39.55833,139
39.56667,139
39.57500,139
39.58333,139
39.59167,139
39.60000,139
39.60833,138
39.61667,138
39.62500,138
39.63333,138
39.64167,138
39.65000,137
39.65833,138
39.66667,138
39.67500,138
39.68333,139
39.69167,139
39.70000,139
39.70833,139
39.71667,139
39.72500,140
39.73333,140
39.74167,140
39.75000,140
39.75833,140
39.76667,140
39.77500,140
39.78333,140
39.79167,140
39.80000,140
39.80833,140
39.81667,140
39.82500,140
39.83333,140
39.84167,140
39.85000,140
39.85833,139
39.86667,139
39.87500,140
39.88333,140
39.89167,141
39.90000,141
39.90833,141
39.91667,141
39.92500,141
39.93333,141
39.94167,141
39.95000,141
39.95833,140
39.96667,140
39.97500,140
39.98333,140
39.99167,140
40.00000,140

