[Header]
Application Name,LabSolutions
Version,5.97 SP1
Data File Name,C:\Users\cremerlab\Desktop\griffin\2021-04-27_REL606_acetate_turnover_redux\2021-04-27_REL606_DM_acetate_turnover_4282021_004_016.lcd
Output Date,4/28/2021
Output Time,11:42:22 PM

[File Information]
Type,Data File
Generated,4/28/2021 11:02:03 PM
Generated by,System Administrator
Modified,4/28/2021 11:42:22 PM
Modified by,System Administrator

[Sample Information]
Operator Name,System Administrator
Acquired,4/28/2021 11:02:21 PM
Sample Type,0:Unknown
Level,0
Sample Name,2021-04-07_REL606_replicate_004_timepoint_004
Sample ID,004
ISTD Amount1,1
ISTD Amount2,1
ISTD Amount3,1
ISTD Amount4,1
ISTD Amount5,1
ISTD Amount6,1
ISTD Amount7,1
ISTD Amount8,1
ISTD Amount9,1
ISTD Amount10,1
ISTD Amount11,1
ISTD Amount12,1
ISTD Amount13,1
ISTD Amount14,1
ISTD Amount15,1
ISTD Amount16,1
ISTD Amount17,1
ISTD Amount18,1
ISTD Amount19,1
ISTD Amount20,1
ISTD Amount21,1
ISTD Amount22,1
ISTD Amount23,1
ISTD Amount24,1
ISTD Amount25,1
ISTD Amount26,1
ISTD Amount27,1
ISTD Amount28,1
ISTD Amount29,1
ISTD Amount30,1
ISTD Amount31,1
ISTD Amount32,1
Sample Amount,1
Dilution Factor,1
Vial#,31
Injection Volume,20

[Original Files]
Data File,C:\Users\cremerlab\Desktop\griffin\2021-04-27_REL606_acetate_turnover_redux\2021-04-27_REL606_DM_acetate_turnover_4282021_004_016.lcd
Method File,C:\Users\cremerlab\Desktop\griffin\2.5mM_H2SO4_mobile_phase.lcm
Batch File,C:\Users\cremerlab\Desktop\griffin\2021-04-27_REL606_acetate_turnover_redux\2021-04-27_REL606_DM_acetate_turnover.lcb
Report Format File,c:\LabSolutions\System\DEFAULT.lsr

[File Description]


[Configuration]
Instrument Name,HPLC-PC-Instrument1
Instrument #,1
Line #,1
# of Detectors,2
Detector ID,Detector A,Detector B
Detector Name,Detector A,Detector B
# of Channels,1,1

[Peak Table(Detector A)]
# of Peaks,0

[Peak Table(Detector B)]
# of Peaks,6
Peak#,R.Time,I.Time,F.Time,Area,Height,A/H,Conc.,Mark,ID#,Name,k',Plate #,Plate Ht.,Tailing,Resolution,Sep.Factor,Area Ratio,Height Ratio,Conc. %,Norm Conc.
1,10.928,10.467,11.567,228698,13572,16.851,0.000,   ,,,0.000,9532,15.736,1.032,0.000,0.000,0,0,0.000,0.000
2,13.956,12.608,14.267,1554152,42079,36.935,0.000,   ,,,0.277,3203,46.837,0.000,4.223,0.000,0,0,0.000,0.000
3,14.497,14.267,15.117,158171,7310,21.636,0.000, V ,,,0.327,9572,15.670,0.000,0.686,1.179,0,0,0.000,0.000
4,15.302,15.117,16.050,5938,231,25.758,0.000, V ,,,0.400,2606,57.561,0.000,0.899,1.226,0,0,0.000,0.000
5,19.249,18.917,19.750,2357,104,22.715,0.000,   ,,,0.761,15870,9.452,1.162,4.360,1.902,0,0,0.000,0.000
6,25.133,24.392,26.275,311287,10486,29.687,0.000,   ,,,1.300,16397,9.148,1.079,8.429,1.707,0,0,0.000,0.000

[LC Chromatogram(Detector B-Ch1)]
Interval(msec),500
# of Points,4801
Start Time(min),0.000
End Time(min),40.000
Intensity Units,mV
Intensity Multiplier,0.001
R.Time (min),Intensity
0.00000,-0
0.00833,-0
0.01667,0
0.02500,-0
0.03333,-0
0.04167,-0
0.05000,-0
0.05833,-0
0.06667,-0
0.07500,0
0.08333,0
0.09167,0
0.10000,1
0.10833,1
0.11667,1
0.12500,1
0.13333,1
0.14167,1
0.15000,1
0.15833,0
0.16667,-0
0.17500,-0
0.18333,-0
0.19167,0
0.20000,1
0.20833,1
0.21667,1
0.22500,1
0.23333,2
0.24167,2
0.25000,2
0.25833,1
0.26667,1
0.27500,1
0.28333,1
0.29167,1
0.30000,1
0.30833,1
0.31667,1
0.32500,1
0.33333,1
0.34167,1
0.35000,1
0.35833,1
0.36667,1
0.37500,1
0.38333,1
0.39167,1
0.40000,1
0.40833,1
0.41667,1
0.42500,1
0.43333,1
0.44167,1
0.45000,1
0.45833,1
0.46667,2
0.47500,2
0.48333,2
0.49167,2
0.50000,2
0.50833,2
0.51667,1
0.52500,1
0.53333,1
0.54167,2
0.55000,2
0.55833,2
0.56667,2
0.57500,2
0.58333,2
0.59167,2
0.60000,2
0.60833,2
0.61667,2
0.62500,1
0.63333,2
0.64167,1
0.65000,1
0.65833,1
0.66667,1
0.67500,1
0.68333,1
0.69167,1
0.70000,1
0.70833,2
0.71667,2
0.72500,2
0.73333,3
0.74167,3
0.75000,3
0.75833,3
0.76667,3
0.77500,3
0.78333,3
0.79167,3
0.80000,3
0.80833,4
0.81667,4
0.82500,4
0.83333,4
0.84167,4
0.85000,4
0.85833,4
0.86667,4
0.87500,4
0.88333,4
0.89167,4
0.90000,4
0.90833,4
0.91667,5
0.92500,4
0.93333,4
0.94167,4
0.95000,4
0.95833,4
0.96667,4
0.97500,4
0.98333,5
0.99167,5
1.00000,5
1.00833,5
1.01667,5
1.02500,4
1.03333,5
1.04167,5
1.05000,5
1.05833,5
1.06667,5
1.07500,5
1.08333,5
1.09167,5
1.10000,5
1.10833,5
1.11667,5
1.12500,4
1.13333,4
1.14167,4
1.15000,5
1.15833,5
1.16667,5
1.17500,5
1.18333,5
1.19167,5
1.20000,5
1.20833,5
1.21667,5
1.22500,5
1.23333,5
1.24167,5
1.25000,5
1.25833,5
1.26667,4
1.27500,4
1.28333,4
1.29167,4
1.30000,3
1.30833,3
1.31667,3
1.32500,3
1.33333,3
1.34167,2
1.35000,2
1.35833,3
1.36667,3
1.37500,3
1.38333,3
1.39167,3
1.40000,3
1.40833,2
1.41667,2
1.42500,2
1.43333,2
1.44167,2
1.45000,2
1.45833,2
1.46667,2
1.47500,2
1.48333,2
1.49167,2
1.50000,2
1.50833,2
1.51667,1
1.52500,1
1.53333,0
1.54167,0
1.55000,0
1.55833,0
1.56667,0
1.57500,0
1.58333,0
1.59167,0
1.60000,0
1.60833,-0
1.61667,-1
1.62500,-0
1.63333,-0
1.64167,0
1.65000,0
1.65833,0
1.66667,0
1.67500,0
1.68333,-0
1.69167,-0
1.70000,-0
1.70833,-0
1.71667,-0
1.72500,-0
1.73333,-0
1.74167,0
1.75000,-0
1.75833,-0
1.76667,-1
1.77500,-1
1.78333,-1
1.79167,-0
1.80000,-0
1.80833,-0
1.81667,-1
1.82500,-1
1.83333,-1
1.84167,-0
1.85000,0
1.85833,0
1.86667,0
1.87500,0
1.88333,-0
1.89167,-0
1.90000,0
1.90833,-0
1.91667,-0
1.92500,-1
1.93333,-1
1.94167,-1
1.95000,-1
1.95833,-1
1.96667,-1
1.97500,-1
1.98333,-1
1.99167,-1
2.00000,-1
2.00833,-1
2.01667,-1
2.02500,-1
2.03333,-1
2.04167,-1
2.05000,-1
2.05833,-1
2.06667,-1
2.07500,-1
2.08333,-1
2.09167,-1
2.10000,-1
2.10833,-1
2.11667,-1
2.12500,-1
2.13333,-1
2.14167,-1
2.15000,-1
2.15833,-1
2.16667,-0
2.17500,-0
2.18333,0
2.19167,-0
2.20000,-0
2.20833,-0
2.21667,-0
2.22500,-0
2.23333,-0
2.24167,-0
2.25000,-1
2.25833,-0
2.26667,-0
2.27500,-0
2.28333,-1
2.29167,-1
2.30000,-0
2.30833,-1
2.31667,-1
2.32500,-1
2.33333,-1
2.34167,-1
2.35000,-1
2.35833,-1
2.36667,-1
2.37500,-1
2.38333,-1
2.39167,-1
2.40000,-1
2.40833,-1
2.41667,-1
2.42500,-1
2.43333,-1
2.44167,-1
2.45000,-1
2.45833,-1
2.46667,-1
2.47500,-0
2.48333,-0
2.49167,-0
2.50000,-0
2.50833,-0
2.51667,-0
2.52500,0
2.53333,0
2.54167,0
2.55000,-0
2.55833,-0
2.56667,0
2.57500,-0
2.58333,-0
2.59167,-1
2.60000,-1
2.60833,-1
2.61667,-1
2.62500,-1
2.63333,-1
2.64167,-1
2.65000,-1
2.65833,-1
2.66667,-1
2.67500,-1
2.68333,-1
2.69167,-1
2.70000,-1
2.70833,-1
2.71667,-1
2.72500,-1
2.73333,-1
2.74167,-1
2.75000,-1
2.75833,-1
2.76667,-1
2.77500,-1
2.78333,-0
2.79167,0
2.80000,0
2.80833,0
2.81667,0
2.82500,-0
2.83333,-1
2.84167,-1
2.85000,-1
2.85833,-1
2.86667,-1
2.87500,-1
2.88333,-1
2.89167,-1
2.90000,-1
2.90833,-1
2.91667,-1
2.92500,-1
2.93333,-1
2.94167,-1
2.95000,-1
2.95833,-1
2.96667,-1
2.97500,-1
2.98333,-1
2.99167,-0
3.00000,-0
3.00833,-1
3.01667,-1
3.02500,-1
3.03333,-1
3.04167,-1
3.05000,-0
3.05833,-0
3.06667,-0
3.07500,-0
3.08333,-1
3.09167,-1
3.10000,-1
3.10833,-0
3.11667,-1
3.12500,-1
3.13333,-0
3.14167,-0
3.15000,-0
3.15833,-0
3.16667,0
3.17500,0
3.18333,0
3.19167,0
3.20000,0
3.20833,0
3.21667,0
3.22500,0
3.23333,-0
3.24167,-0
3.25000,-1
3.25833,-1
3.26667,-1
3.27500,-1
3.28333,-1
3.29167,-1
3.30000,-0
3.30833,-0
3.31667,0
3.32500,0
3.33333,-0
3.34167,-0
3.35000,0
3.35833,-0
3.36667,0
3.37500,-0
3.38333,-0
3.39167,-0
3.40000,-0
3.40833,-0
3.41667,-0
3.42500,-0
3.43333,-0
3.44167,-0
3.45000,-0
3.45833,-0
3.46667,-0
3.47500,-0
3.48333,-0
3.49167,-0
3.50000,0
3.50833,-0
3.51667,-0
3.52500,-0
3.53333,0
3.54167,0
3.55000,0
3.55833,-0
3.56667,-0
3.57500,-0
3.58333,-0
3.59167,0
3.60000,0
3.60833,0
3.61667,0
3.62500,0
3.63333,0
3.64167,0
3.65000,0
3.65833,0
3.66667,0
3.67500,-0
3.68333,-0
3.69167,-0
3.70000,-0
3.70833,-0
3.71667,-0
3.72500,0
3.73333,0
3.74167,0
3.75000,1
3.75833,1
3.76667,1
3.77500,1
3.78333,1
3.79167,1
3.80000,1
3.80833,1
3.81667,0
3.82500,0
3.83333,0
3.84167,0
3.85000,0
3.85833,1
3.86667,1
3.87500,2
3.88333,2
3.89167,2
3.90000,1
3.90833,1
3.91667,0
3.92500,0
3.93333,0
3.94167,1
3.95000,1
3.95833,1
3.96667,1
3.97500,1
3.98333,1
3.99167,1
4.00000,1
4.00833,1
4.01667,1
4.02500,1
4.03333,1
4.04167,1
4.05000,2
4.05833,2
4.06667,1
4.07500,1
4.08333,1
4.09167,1
4.10000,1
4.10833,1
4.11667,1
4.12500,1
4.13333,1
4.14167,1
4.15000,1
4.15833,1
4.16667,1
4.17500,1
4.18333,1
4.19167,0
4.20000,0
4.20833,-0
4.21667,-0
4.22500,-0
4.23333,0
4.24167,0
4.25000,0
4.25833,1
4.26667,1
4.27500,1
4.28333,1
4.29167,1
4.30000,1
4.30833,1
4.31667,1
4.32500,0
4.33333,0
4.34167,0
4.35000,0
4.35833,-0
4.36667,-0
4.37500,-0
4.38333,-0
4.39167,0
4.40000,0
4.40833,1
4.41667,1
4.42500,0
4.43333,0
4.44167,-0
4.45000,-0
4.45833,-0
4.46667,-1
4.47500,-1
4.48333,-1
4.49167,-1
4.50000,-1
4.50833,-1
4.51667,-2
4.52500,-2
4.53333,-2
4.54167,-2
4.55000,-2
4.55833,-2
4.56667,-1
4.57500,-2
4.58333,-2
4.59167,-2
4.60000,-2
4.60833,-2
4.61667,-2
4.62500,-2
4.63333,-2
4.64167,-2
4.65000,-2
4.65833,-2
4.66667,-3
4.67500,-3
4.68333,-3
4.69167,-3
4.70000,-3
4.70833,-3
4.71667,-3
4.72500,-3
4.73333,-3
4.74167,-3
4.75000,-3
4.75833,-3
4.76667,-3
4.77500,-3
4.78333,-4
4.79167,-4
4.80000,-4
4.80833,-4
4.81667,-4
4.82500,-3
4.83333,-4
4.84167,-4
4.85000,-3
4.85833,-3
4.86667,-3
4.87500,-3
4.88333,-3
4.89167,-3
4.90000,-3
4.90833,-3
4.91667,-3
4.92500,-4
4.93333,-4
4.94167,-4
4.95000,-4
4.95833,-4
4.96667,-4
4.97500,-4
4.98333,-4
4.99167,-4
5.00000,-4
5.00833,-4
5.01667,-3
5.02500,-4
5.03333,-4
5.04167,-4
5.05000,-4
5.05833,-4
5.06667,-4
5.07500,-4
5.08333,-4
5.09167,-4
5.10000,-4
5.10833,-4
5.11667,-4
5.12500,-4
5.13333,-4
5.14167,-4
5.15000,-4
5.15833,-4
5.16667,-4
5.17500,-4
5.18333,-4
5.19167,-4
5.20000,-3
5.20833,-4
5.21667,-4
5.22500,-4
5.23333,-4
5.24167,-4
5.25000,-4
5.25833,-4
5.26667,-4
5.27500,-4
5.28333,-4
5.29167,-3
5.30000,-3
5.30833,-3
5.31667,-3
5.32500,-3
5.33333,-3
5.34167,-3
5.35000,-3
5.35833,-3
5.36667,-3
5.37500,-3
5.38333,-4
5.39167,-4
5.40000,-4
5.40833,-4
5.41667,-4
5.42500,-3
5.43333,-3
5.44167,-3
5.45000,-3
5.45833,-3
5.46667,-4
5.47500,-4
5.48333,-4
5.49167,-4
5.50000,-4
5.50833,-4
5.51667,-4
5.52500,-4
5.53333,-4
5.54167,-4
5.55000,-4
5.55833,-4
5.56667,-4
5.57500,-4
5.58333,-4
5.59167,-4
5.60000,-4
5.60833,-4
5.61667,-4
5.62500,-5
5.63333,-5
5.64167,-5
5.65000,-5
5.65833,-5
5.66667,-4
5.67500,-4
5.68333,-4
5.69167,-4
5.70000,-4
5.70833,-4
5.71667,-5
5.72500,-4
5.73333,-4
5.74167,-4
5.75000,-4
5.75833,-5
5.76667,-5
5.77500,-5
5.78333,-5
5.79167,-5
5.80000,-5
5.80833,-5
5.81667,-4
5.82500,-5
5.83333,-5
5.84167,-5
5.85000,-4
5.85833,-5
5.86667,-5
5.87500,-5
5.88333,-4
5.89167,-4
5.90000,-4
5.90833,-4
5.91667,-4
5.92500,-4
5.93333,-4
5.94167,-4
5.95000,-4
5.95833,-4
5.96667,-5
5.97500,-5
5.98333,-5
5.99167,-5
6.00000,-5
6.00833,-5
6.01667,-5
6.02500,-4
6.03333,-4
6.04167,-4
6.05000,-4
6.05833,-4
6.06667,-4
6.07500,-4
6.08333,-4
6.09167,-4
6.10000,-4
6.10833,-5
6.11667,-5
6.12500,-5
6.13333,-4
6.14167,-4
6.15000,-4
6.15833,-4
6.16667,-4
6.17500,-4
6.18333,-4
6.19167,-4
6.20000,-4
6.20833,-4
6.21667,-4
6.22500,-4
6.23333,-4
6.24167,-4
6.25000,-4
6.25833,-4
6.26667,-4
6.27500,-4
6.28333,-4
6.29167,-4
6.30000,-4
6.30833,-4
6.31667,-4
6.32500,-4
6.33333,-4
6.34167,-5
6.35000,-5
6.35833,-5
6.36667,-5
6.37500,-5
6.38333,-4
6.39167,-4
6.40000,-4
6.40833,-4
6.41667,-4
6.42500,-5
6.43333,-4
6.44167,-4
6.45000,-4
6.45833,-4
6.46667,-4
6.47500,-4
6.48333,-4
6.49167,-4
6.50000,-4
6.50833,-4
6.51667,-4
6.52500,-4
6.53333,-4
6.54167,-4
6.55000,-4
6.55833,-4
6.56667,-4
6.57500,-4
6.58333,-4
6.59167,-4
6.60000,-4
6.60833,-4
6.61667,-4
6.62500,-4
6.63333,-4
6.64167,-4
6.65000,-4
6.65833,-5
6.66667,-5
6.67500,-4
6.68333,-4
6.69167,-4
6.70000,-4
6.70833,-4
6.71667,-4
6.72500,-4
6.73333,-4
6.74167,-3
6.75000,-4
6.75833,-4
6.76667,-3
6.77500,-3
6.78333,-3
6.79167,-3
6.80000,-3
6.80833,-3
6.81667,-3
6.82500,-3
6.83333,-3
6.84167,-3
6.85000,-3
6.85833,-4
6.86667,-4
6.87500,-4
6.88333,-5
6.89167,-5
6.90000,-4
6.90833,-4
6.91667,-4
6.92500,-4
6.93333,-4
6.94167,-4
6.95000,-4
6.95833,-4
6.96667,-5
6.97500,-5
6.98333,-5
6.99167,-5
7.00000,-5
7.00833,-5
7.01667,-5
7.02500,-5
7.03333,-4
7.04167,-4
7.05000,-4
7.05833,-4
7.06667,-4
7.07500,-3
7.08333,-3
7.09167,-3
7.10000,-3
7.10833,-3
7.11667,-3
7.12500,-4
7.13333,-4
7.14167,-4
7.15000,-4
7.15833,-5
7.16667,-5
7.17500,-5
7.18333,-5
7.19167,-5
7.20000,-5
7.20833,-4
7.21667,-4
7.22500,-4
7.23333,-4
7.24167,-4
7.25000,-4
7.25833,-4
7.26667,-4
7.27500,-4
7.28333,-4
7.29167,-4
7.30000,-4
7.30833,-5
7.31667,-5
7.32500,-5
7.33333,-5
7.34167,-5
7.35000,-5
7.35833,-5
7.36667,-5
7.37500,-5
7.38333,-5
7.39167,-5
7.40000,-6
7.40833,-5
7.41667,-5
7.42500,-5
7.43333,-5
7.44167,-5
7.45000,-5
7.45833,-5
7.46667,-5
7.47500,-5
7.48333,-5
7.49167,-5
7.50000,-5
7.50833,-5
7.51667,-5
7.52500,-5
7.53333,-4
7.54167,-5
7.55000,-4
7.55833,-4
7.56667,-5
7.57500,-5
7.58333,-5
7.59167,-5
7.60000,-5
7.60833,-6
7.61667,-6
7.62500,-6
7.63333,-5
7.64167,-5
7.65000,-5
7.65833,-5
7.66667,-5
7.67500,-5
7.68333,-5
7.69167,-5
7.70000,-5
7.70833,-5
7.71667,-5
7.72500,-5
7.73333,-5
7.74167,-5
7.75000,-5
7.75833,-6
7.76667,-6
7.77500,-5
7.78333,-5
7.79167,-5
7.80000,-5
7.80833,-5
7.81667,-6
7.82500,-6
7.83333,-6
7.84167,-6
7.85000,-6
7.85833,-6
7.86667,-6
7.87500,-6
7.88333,-6
7.89167,-6
7.90000,-6
7.90833,-5
7.91667,-6
7.92500,-6
7.93333,-6
7.94167,-6
7.95000,-6
7.95833,-6
7.96667,-6
7.97500,-6
7.98333,-5
7.99167,-5
8.00000,-5
8.00833,-5
8.01667,-5
8.02500,-5
8.03333,-5
8.04167,-5
8.05000,-5
8.05833,-5
8.06667,-5
8.07500,-5
8.08333,-5
8.09167,-6
8.10000,-6
8.10833,-6
8.11667,-6
8.12500,-6
8.13333,-6
8.14167,-6
8.15000,-6
8.15833,-6
8.16667,-6
8.17500,-6
8.18333,-7
8.19167,-7
8.20000,-6
8.20833,-6
8.21667,-6
8.22500,-6
8.23333,-5
8.24167,-5
8.25000,-5
8.25833,-6
8.26667,-6
8.27500,-6
8.28333,-6
8.29167,-5
8.30000,-5
8.30833,-6
8.31667,-6
8.32500,-6
8.33333,-6
8.34167,-6
8.35000,-6
8.35833,-6
8.36667,-7
8.37500,-7
8.38333,-6
8.39167,-6
8.40000,-6
8.40833,-7
8.41667,-6
8.42500,-7
8.43333,-7
8.44167,-7
8.45000,-7
8.45833,-6
8.46667,-6
8.47500,-6
8.48333,-6
8.49167,-6
8.50000,-6
8.50833,-6
8.51667,-6
8.52500,-6
8.53333,-6
8.54167,-7
8.55000,-7
8.55833,-6
8.56667,-6
8.57500,-6
8.58333,-6
8.59167,-6
8.60000,-6
8.60833,-6
8.61667,-6
8.62500,-6
8.63333,-6
8.64167,-6
8.65000,-5
8.65833,-5
8.66667,-5
8.67500,-6
8.68333,-6
8.69167,-5
8.70000,-5
8.70833,-6
8.71667,-6
8.72500,-6
8.73333,-6
8.74167,-6
8.75000,-6
8.75833,-6
8.76667,-6
8.77500,-6
8.78333,-6
8.79167,-6
8.80000,-6
8.80833,-6
8.81667,-7
8.82500,-6
8.83333,-6
8.84167,-6
8.85000,-6
8.85833,-6
8.86667,-6
8.87500,-6
8.88333,-6
8.89167,-6
8.90000,-6
8.90833,-6
8.91667,-6
8.92500,-6
8.93333,-6
8.94167,-6
8.95000,-6
8.95833,-6
8.96667,-7
8.97500,-7
8.98333,-7
8.99167,-7
9.00000,-7
9.00833,-7
9.01667,-7
9.02500,-7
9.03333,-7
9.04167,-7
9.05000,-7
9.05833,-7
9.06667,-6
9.07500,-6
9.08333,-6
9.09167,-6
9.10000,-6
9.10833,-6
9.11667,-6
9.12500,-5
9.13333,-6
9.14167,-6
9.15000,-6
9.15833,-6
9.16667,-6
9.17500,-7
9.18333,-7
9.19167,-6
9.20000,-6
9.20833,-6
9.21667,-6
9.22500,-6
9.23333,-7
9.24167,-7
9.25000,-7
9.25833,-7
9.26667,-7
9.27500,-7
9.28333,-7
9.29167,-7
9.30000,-6
9.30833,-6
9.31667,-6
9.32500,-6
9.33333,-6
9.34167,-6
9.35000,-6
9.35833,-6
9.36667,-6
9.37500,-7
9.38333,-7
9.39167,-7
9.40000,-7
9.40833,-7
9.41667,-7
9.42500,-6
9.43333,-6
9.44167,-6
9.45000,-6
9.45833,-6
9.46667,-6
9.47500,-6
9.48333,-6
9.49167,-6
9.50000,-7
9.50833,-7
9.51667,-7
9.52500,-7
9.53333,-7
9.54167,-7
9.55000,-7
9.55833,-7
9.56667,-7
9.57500,-7
9.58333,-7
9.59167,-7
9.60000,-7
9.60833,-7
9.61667,-7
9.62500,-7
9.63333,-7
9.64167,-8
9.65000,-7
9.65833,-7
9.66667,-7
9.67500,-7
9.68333,-7
9.69167,-7
9.70000,-7
9.70833,-7
9.71667,-7
9.72500,-7
9.73333,-6
9.74167,-6
9.75000,-6
9.75833,-6
9.76667,-6
9.77500,-6
9.78333,-7
9.79167,-7
9.80000,-7
9.80833,-7
9.81667,-7
9.82500,-7
9.83333,-8
9.84167,-8
9.85000,-7
9.85833,-7
9.86667,-7
9.87500,-6
9.88333,-6
9.89167,-6
9.90000,-6
9.90833,-6
9.91667,-6
9.92500,-6
9.93333,-6
9.94167,-6
9.95000,-5
9.95833,-5
9.96667,-4
9.97500,-4
9.98333,-4
9.99167,-4
10.00000,-3
10.00833,-3
10.01667,-3
10.02500,-2
10.03333,-2
10.04167,-1
10.05000,-0
10.05833,-0
10.06667,0
10.07500,0
10.08333,1
10.09167,1
10.10000,2
10.10833,3
10.11667,3
10.12500,4
10.13333,5
10.14167,6
10.15000,7
10.15833,9
10.16667,10
10.17500,11
10.18333,12
10.19167,13
10.20000,14
10.20833,14
10.21667,15
10.22500,15
10.23333,16
10.24167,17
10.25000,18
10.25833,18
10.26667,19
10.27500,20
10.28333,20
10.29167,21
10.30000,21
10.30833,22
10.31667,22
10.32500,22
10.33333,22
10.34167,22
10.35000,21
10.35833,21
10.36667,21
10.37500,21
10.38333,21
10.39167,21
10.40000,21
10.40833,20
10.41667,20
10.42500,19
10.43333,19
10.44167,19
10.45000,19
10.45833,19
10.46667,19
10.47500,20
10.48333,20
10.49167,21
10.50000,23
10.50833,25
10.51667,28
10.52500,31
10.53333,37
10.54167,44
10.55000,53
10.55833,65
10.56667,81
10.57500,101
10.58333,126
10.59167,157
10.60000,196
10.60833,243
10.61667,301
10.62500,369
10.63333,452
10.64167,549
10.65000,663
10.65833,796
10.66667,948
10.67500,1123
10.68333,1323
10.69167,1547
10.70000,1799
10.70833,2079
10.71667,2388
10.72500,2728
10.73333,3098
10.74167,3498
10.75000,3929
10.75833,4390
10.76667,4878
10.77500,5394
10.78333,5933
10.79167,6493
10.80000,7070
10.80833,7660
10.81667,8256
10.82500,8855
10.83333,9448
10.84167,10029
10.85000,10591
10.85833,11127
10.86667,11628
10.87500,12086
10.88333,12495
10.89167,12847
10.90000,13135
10.90833,13353
10.91667,13496
10.92500,13561
10.93333,13546
10.94167,13450
10.95000,13275
10.95833,13022
10.96667,12696
10.97500,12303
10.98333,11849
10.99167,11343
11.00000,10793
11.00833,10210
11.01667,9601
11.02500,8978
11.03333,8349
11.04167,7723
11.05000,7106
11.05833,6507
11.06667,5931
11.07500,5383
11.08333,4865
11.09167,4380
11.10000,3931
11.10833,3517
11.11667,3137
11.12500,2792
11.13333,2479
11.14167,2197
11.15000,1944
11.15833,1717
11.16667,1515
11.17500,1336
11.18333,1176
11.19167,1034
11.20000,909
11.20833,797
11.21667,698
11.22500,611
11.23333,533
11.24167,464
11.25000,402
11.25833,348
11.26667,300
11.27500,257
11.28333,219
11.29167,185
11.30000,156
11.30833,129
11.31667,106
11.32500,85
11.33333,67
11.34167,51
11.35000,38
11.35833,26
11.36667,15
11.37500,7
11.38333,-1
11.39167,-8
11.40000,-14
11.40833,-19
11.41667,-24
11.42500,-28
11.43333,-31
11.44167,-34
11.45000,-37
11.45833,-39
11.46667,-41
11.47500,-43
11.48333,-45
11.49167,-46
11.50000,-47
11.50833,-48
11.51667,-49
11.52500,-50
11.53333,-50
11.54167,-51
11.55000,-52
11.55833,-52
11.56667,-52
11.57500,-52
11.58333,-52
11.59167,-53
11.60000,-53
11.60833,-53
11.61667,-53
11.62500,-52
11.63333,-51
11.64167,-51
11.65000,-51
11.65833,-50
11.66667,-49
11.67500,-48
11.68333,-48
11.69167,-47
11.70000,-47
11.70833,-46
11.71667,-45
11.72500,-44
11.73333,-43
11.74167,-42
11.75000,-41
11.75833,-40
11.76667,-39
11.77500,-38
11.78333,-37
11.79167,-36
11.80000,-35
11.80833,-34
11.81667,-33
11.82500,-32
11.83333,-31
11.84167,-30
11.85000,-29
11.85833,-28
11.86667,-27
11.87500,-26
11.88333,-26
11.89167,-25
11.90000,-24
11.90833,-23
11.91667,-23
11.92500,-23
11.93333,-22
11.94167,-22
11.95000,-22
11.95833,-21
11.96667,-21
11.97500,-20
11.98333,-19
11.99167,-19
12.00000,-19
12.00833,-19
12.01667,-18
12.02500,-17
12.03333,-17
12.04167,-16
12.05000,-15
12.05833,-15
12.06667,-15
12.07500,-14
12.08333,-14
12.09167,-13
12.10000,-13
12.10833,-12
12.11667,-11
12.12500,-11
12.13333,-10
12.14167,-10
12.15000,-10
12.15833,-10
12.16667,-9
12.17500,-9
12.18333,-8
12.19167,-8
12.20000,-7
12.20833,-7
12.21667,-6
12.22500,-5
12.23333,-4
12.24167,-3
12.25000,-2
12.25833,-1
12.26667,0
12.27500,1
12.28333,2
12.29167,3
12.30000,4
12.30833,5
12.31667,6
12.32500,8
12.33333,9
12.34167,10
12.35000,11
12.35833,12
12.36667,13
12.37500,14
12.38333,15
12.39167,16
12.40000,17
12.40833,18
12.41667,18
12.42500,19
12.43333,19
12.44167,20
12.45000,20
12.45833,20
12.46667,20
12.47500,21
12.48333,21
12.49167,22
12.50000,22
12.50833,23
12.51667,23
12.52500,23
12.53333,24
12.54167,24
12.55000,24
12.55833,24
12.56667,25
12.57500,25
12.58333,25
12.59167,25
12.60000,26
12.60833,26
12.61667,27
12.62500,28
12.63333,29
12.64167,31
12.65000,33
12.65833,35
12.66667,38
12.67500,42
12.68333,46
12.69167,52
12.70000,59
12.70833,68
12.71667,79
12.72500,91
12.73333,106
12.74167,123
12.75000,144
12.75833,168
12.76667,196
12.77500,229
12.78333,266
12.79167,307
12.80000,355
12.80833,407
12.81667,465
12.82500,529
12.83333,600
12.84167,676
12.85000,760
12.85833,849
12.86667,945
12.87500,1048
12.88333,1158
12.89167,1274
12.90000,1398
12.90833,1527
12.91667,1663
12.92500,1806
12.93333,1954
12.94167,2108
12.95000,2269
12.95833,2434
12.96667,2605
12.97500,2782
12.98333,2963
12.99167,3150
13.00000,3341
13.00833,3537
13.01667,3737
13.02500,3941
13.03333,4149
13.04167,4362
13.05000,4578
13.05833,4798
13.06667,5022
13.07500,5248
13.08333,5479
13.09167,5712
13.10000,5949
13.10833,6189
13.11667,6432
13.12500,6677
13.13333,6926
13.14167,7177
13.15000,7431
13.15833,7688
13.16667,7946
13.17500,8208
13.18333,8472
13.19167,8739
13.20000,9008
13.20833,9280
13.21667,9555
13.22500,9832
13.23333,10110
13.24167,10391
13.25000,10674
13.25833,10960
13.26667,11248
13.27500,11538
13.28333,11830
13.29167,12125
13.30000,12422
13.30833,12721
13.31667,13023
13.32500,13326
13.33333,13632
13.34167,13940
13.35000,14250
13.35833,14563
13.36667,14878
13.37500,15194
13.38333,15513
13.39167,15835
13.40000,16159
13.40833,16485
13.41667,16813
13.42500,17144
13.43333,17477
13.44167,17812
13.45000,18149
13.45833,18489
13.46667,18831
13.47500,19175
13.48333,19522
13.49167,19871
13.50000,20222
13.50833,20576
13.51667,20931
13.52500,21290
13.53333,21651
13.54167,22015
13.55000,22381
13.55833,22749
13.56667,23120
13.57500,23494
13.58333,23870
13.59167,24248
13.60000,24629
13.60833,25012
13.61667,25398
13.62500,25787
13.63333,26179
13.64167,26573
13.65000,26969
13.65833,27368
13.66667,27770
13.67500,28175
13.68333,28583
13.69167,28993
13.70000,29405
13.70833,29820
13.71667,30238
13.72500,30659
13.73333,31083
13.74167,31510
13.75000,31940
13.75833,32373
13.76667,32808
13.77500,33246
13.78333,33687
13.79167,34131
13.80000,34578
13.80833,35028
13.81667,35481
13.82500,35937
13.83333,36395
13.84167,36857
13.85000,37321
13.85833,37788
13.86667,38256
13.87500,38726
13.88333,39194
13.89167,39660
13.90000,40118
13.90833,40561
13.91667,40981
13.92500,41363
13.93333,41692
13.94167,41945
13.95000,42100
13.95833,42129
13.96667,42005
13.97500,41702
13.98333,41199
13.99167,40477
14.00000,39529
14.00833,38352
14.01667,36956
14.02500,35358
14.03333,33585
14.04167,31668
14.05000,29646
14.05833,27559
14.06667,25446
14.07500,23344
14.08333,21289
14.09167,19309
14.10000,17428
14.10833,15663
14.11667,14027
14.12500,12524
14.13333,11159
14.14167,9928
14.15000,8828
14.15833,7851
14.16667,6991
14.17500,6238
14.18333,5586
14.19167,5024
14.20000,4544
14.20833,4139
14.21667,3803
14.22500,3528
14.23333,3310
14.24167,3144
14.25000,3026
14.25833,2952
14.26667,2918
14.27500,2922
14.28333,2961
14.29167,3033
14.30000,3134
14.30833,3262
14.31667,3416
14.32500,3592
14.33333,3788
14.34167,4000
14.35000,4228
14.35833,4466
14.36667,4713
14.37500,4965
14.38333,5219
14.39167,5471
14.40000,5719
14.40833,5959
14.41667,6188
14.42500,6404
14.43333,6603
14.44167,6783
14.45000,6942
14.45833,7078
14.46667,7190
14.47500,7275
14.48333,7334
14.49167,7366
14.50000,7370
14.50833,7348
14.51667,7299
14.52500,7224
14.53333,7126
14.54167,7005
14.55000,6863
14.55833,6703
14.56667,6525
14.57500,6333
14.58333,6129
14.59167,5914
14.60000,5691
14.60833,5462
14.61667,5229
14.62500,4995
14.63333,4760
14.64167,4526
14.65000,4294
14.65833,4067
14.66667,3845
14.67500,3630
14.68333,3421
14.69167,3219
14.70000,3026
14.70833,2840
14.71667,2664
14.72500,2496
14.73333,2337
14.74167,2186
14.75000,2044
14.75833,1911
14.76667,1785
14.77500,1668
14.78333,1558
14.79167,1455
14.80000,1359
14.80833,1270
14.81667,1187
14.82500,1110
14.83333,1039
14.84167,972
14.85000,911
14.85833,854
14.86667,802
14.87500,753
14.88333,708
14.89167,667
14.90000,629
14.90833,593
14.91667,561
14.92500,531
14.93333,503
14.94167,478
14.95000,455
14.95833,434
14.96667,415
14.97500,397
14.98333,380
14.99167,365
15.00000,352
15.00833,339
15.01667,328
15.02500,318
15.03333,309
15.04167,302
15.05000,294
15.05833,288
15.06667,283
15.07500,278
15.08333,275
15.09167,273
15.10000,271
15.10833,269
15.11667,268
15.12500,268
15.13333,269
15.14167,270
15.15000,271
15.15833,273
15.16667,275
15.17500,277
15.18333,280
15.19167,283
15.20000,285
15.20833,288
15.21667,291
15.22500,293
15.23333,296
15.24167,298
15.25000,299
15.25833,301
15.26667,302
15.27500,303
15.28333,304
15.29167,304
15.30000,304
15.30833,304
15.31667,304
15.32500,302
15.33333,300
15.34167,298
15.35000,295
15.35833,292
15.36667,289
15.37500,285
15.38333,281
15.39167,277
15.40000,272
15.40833,267
15.41667,262
15.42500,256
15.43333,251
15.44167,246
15.45000,241
15.45833,235
15.46667,230
15.47500,224
15.48333,219
15.49167,213
15.50000,208
15.50833,203
15.51667,198
15.52500,193
15.53333,188
15.54167,183
15.55000,178
15.55833,174
15.56667,169
15.57500,165
15.58333,161
15.59167,158
15.60000,154
15.60833,151
15.61667,147
15.62500,144
15.63333,142
15.64167,139
15.65000,137
15.65833,134
15.66667,132
15.67500,130
15.68333,128
15.69167,126
15.70000,124
15.70833,122
15.71667,120
15.72500,119
15.73333,117
15.74167,116
15.75000,115
15.75833,113
15.76667,112
15.77500,111
15.78333,110
15.79167,110
15.80000,109
15.80833,108
15.81667,107
15.82500,106
15.83333,105
15.84167,104
15.85000,103
15.85833,102
15.86667,101
15.87500,100
15.88333,100
15.89167,99
15.90000,99
15.90833,98
15.91667,98
15.92500,97
15.93333,97
15.94167,96
15.95000,95
15.95833,94
15.96667,93
15.97500,92
15.98333,92
15.99167,91
16.00000,90
16.00833,89
16.01667,89
16.02500,88
16.03333,88
16.04167,87
16.05000,87
16.05833,87
16.06667,87
16.07500,86
16.08333,86
16.09167,85
16.10000,85
16.10833,84
16.11667,84
16.12500,83
16.13333,82
16.14167,82
16.15000,82
16.15833,81
16.16667,80
16.17500,80
16.18333,79
16.19167,78
16.20000,78
16.20833,77
16.21667,77
16.22500,77
16.23333,76
16.24167,76
16.25000,75
16.25833,75
16.26667,75
16.27500,74
16.28333,74
16.29167,74
16.30000,74
16.30833,73
16.31667,73
16.32500,73
16.33333,72
16.34167,72
16.35000,71
16.35833,71
16.36667,71
16.37500,71
16.38333,71
16.39167,70
16.40000,70
16.40833,70
16.41667,70
16.42500,70
16.43333,70
16.44167,70
16.45000,70
16.45833,69
16.46667,69
16.47500,69
16.48333,69
16.49167,69
16.50000,68
16.50833,68
16.51667,67
16.52500,67
16.53333,66
16.54167,65
16.55000,65
16.55833,65
16.56667,64
16.57500,64
16.58333,63
16.59167,63
16.60000,62
16.60833,62
16.61667,62
16.62500,62
16.63333,62
16.64167,61
16.65000,61
16.65833,61
16.66667,60
16.67500,59
16.68333,59
16.69167,58
16.70000,58
16.70833,58
16.71667,58
16.72500,57
16.73333,57
16.74167,57
16.75000,56
16.75833,55
16.76667,55
16.77500,55
16.78333,54
16.79167,54
16.80000,53
16.80833,53
16.81667,52
16.82500,52
16.83333,52
16.84167,51
16.85000,51
16.85833,50
16.86667,50
16.87500,50
16.88333,50
16.89167,50
16.90000,50
16.90833,49
16.91667,49
16.92500,48
16.93333,48
16.94167,48
16.95000,48
16.95833,48
16.96667,48
16.97500,47
16.98333,47
16.99167,46
17.00000,46
17.00833,45
17.01667,45
17.02500,45
17.03333,44
17.04167,44
17.05000,44
17.05833,43
17.06667,43
17.07500,42
17.08333,42
17.09167,42
17.10000,42
17.10833,42
17.11667,42
17.12500,42
17.13333,42
17.14167,42
17.15000,42
17.15833,42
17.16667,42
17.17500,41
17.18333,41
17.19167,40
17.20000,40
17.20833,39
17.21667,39
17.22500,39
17.23333,39
17.24167,38
17.25000,38
17.25833,38
17.26667,38
17.27500,38
17.28333,38
17.29167,37
17.30000,37
17.30833,37
17.31667,37
17.32500,36
17.33333,36
17.34167,36
17.35000,36
17.35833,36
17.36667,35
17.37500,35
17.38333,35
17.39167,35
17.40000,35
17.40833,35
17.41667,35
17.42500,34
17.43333,34
17.44167,34
17.45000,34
17.45833,34
17.46667,33
17.47500,33
17.48333,34
17.49167,33
17.50000,33
17.50833,33
17.51667,33
17.52500,33
17.53333,33
17.54167,33
17.55000,33
17.55833,33
17.56667,32
17.57500,32
17.58333,32
17.59167,32
17.60000,31
17.60833,31
17.61667,31
17.62500,31
17.63333,30
17.64167,30
17.65000,30
17.65833,30
17.66667,29
17.67500,29
17.68333,30
17.69167,30
17.70000,30
17.70833,30
17.71667,30
17.72500,30
17.73333,30
17.74167,30
17.75000,30
17.75833,29
17.76667,29
17.77500,29
17.78333,29
17.79167,29
17.80000,29
17.80833,30
17.81667,30
17.82500,30
17.83333,30
17.84167,30
17.85000,30
17.85833,31
17.86667,31
17.87500,32
17.88333,31
17.89167,31
17.90000,31
17.90833,31
17.91667,31
17.92500,31
17.93333,31
17.94167,32
17.95000,32
17.95833,32
17.96667,32
17.97500,32
17.98333,32
17.99167,32
18.00000,32
18.00833,32
18.01667,32
18.02500,32
18.03333,32
18.04167,32
18.05000,32
18.05833,31
18.06667,31
18.07500,31
18.08333,30
18.09167,30
18.10000,30
18.10833,30
18.11667,30
18.12500,30
18.13333,30
18.14167,30
18.15000,29
18.15833,29
18.16667,28
18.17500,28
18.18333,28
18.19167,28
18.20000,28
18.20833,27
18.21667,27
18.22500,26
18.23333,26
18.24167,25
18.25000,25
18.25833,25
18.26667,25
18.27500,25
18.28333,24
18.29167,24
18.30000,24
18.30833,23
18.31667,23
18.32500,23
18.33333,23
18.34167,23
18.35000,23
18.35833,23
18.36667,23
18.37500,23
18.38333,23
18.39167,22
18.40000,22
18.40833,23
18.41667,23
18.42500,23
18.43333,22
18.44167,22
18.45000,22
18.45833,22
18.46667,22
18.47500,22
18.48333,23
18.49167,23
18.50000,23
18.50833,23
18.51667,23
18.52500,23
18.53333,23
18.54167,23
18.55000,23
18.55833,23
18.56667,23
18.57500,23
18.58333,23
18.59167,23
18.60000,23
18.60833,23
18.61667,23
18.62500,23
18.63333,23
18.64167,24
18.65000,24
18.65833,24
18.66667,24
18.67500,24
18.68333,24
18.69167,24
18.70000,24
18.70833,24
18.71667,24
18.72500,24
18.73333,24
18.74167,24
18.75000,25
18.75833,25
18.76667,25
18.77500,25
18.78333,25
18.79167,26
18.80000,26
18.80833,26
18.81667,26
18.82500,26
18.83333,27
18.84167,27
18.85000,27
18.85833,27
18.86667,28
18.87500,28
18.88333,29
18.89167,29
18.90000,30
18.90833,31
18.91667,33
18.92500,34
18.93333,35
18.94167,37
18.95000,38
18.95833,40
18.96667,42
18.97500,44
18.98333,47
18.99167,49
19.00000,52
19.00833,55
19.01667,58
19.02500,61
19.03333,64
19.04167,68
19.05000,71
19.05833,74
19.06667,77
19.07500,80
19.08333,83
19.09167,87
19.10000,91
19.10833,95
19.11667,98
19.12500,102
19.13333,105
19.14167,108
19.15000,111
19.15833,114
19.16667,117
19.17500,120
19.18333,122
19.19167,124
19.20000,126
19.20833,127
19.21667,128
19.22500,128
19.23333,129
19.24167,129
19.25000,130
19.25833,129
19.26667,129
19.27500,128
19.28333,127
19.29167,125
19.30000,123
19.30833,121
19.31667,119
19.32500,117
19.33333,114
19.34167,112
19.35000,109
19.35833,106
19.36667,102
19.37500,99
19.38333,96
19.39167,93
19.40000,89
19.40833,86
19.41667,82
19.42500,79
19.43333,76
19.44167,73
19.45000,70
19.45833,67
19.46667,65
19.47500,62
19.48333,59
19.49167,56
19.50000,53
19.50833,51
19.51667,48
19.52500,46
19.53333,43
19.54167,41
19.55000,40
19.55833,38
19.56667,36
19.57500,35
19.58333,33
19.59167,32
19.60000,30
19.60833,29
19.61667,27
19.62500,26
19.63333,25
19.64167,24
19.65000,23
19.65833,22
19.66667,22
19.67500,21
19.68333,20
19.69167,19
19.70000,19
19.70833,18
19.71667,17
19.72500,17
19.73333,16
19.74167,16
19.75000,15
19.75833,15
19.76667,15
19.77500,15
19.78333,15
19.79167,14
19.80000,14
19.80833,14
19.81667,13
19.82500,13
19.83333,13
19.84167,13
19.85000,13
19.85833,12
19.86667,12
19.87500,12
19.88333,11
19.89167,11
19.90000,11
19.90833,11
19.91667,11
19.92500,11
19.93333,11
19.94167,11
19.95000,11
19.95833,11
19.96667,11
19.97500,10
19.98333,10
19.99167,10
20.00000,10
20.00833,10
20.01667,10
20.02500,10
20.03333,10
20.04167,11
20.05000,11
20.05833,11
20.06667,11
20.07500,11
20.08333,11
20.09167,10
20.10000,10
20.10833,10
20.11667,9
20.12500,9
20.13333,10
20.14167,10
20.15000,10
20.15833,10
20.16667,10
20.17500,11
20.18333,11
20.19167,11
20.20000,11
20.20833,11
20.21667,10
20.22500,10
20.23333,10
20.24167,10
20.25000,10
20.25833,9
20.26667,9
20.27500,9
20.28333,9
20.29167,9
20.30000,8
20.30833,8
20.31667,8
20.32500,8
20.33333,9
20.34167,9
20.35000,9
20.35833,9
20.36667,9
20.37500,9
20.38333,10
20.39167,10
20.40000,10
20.40833,10
20.41667,10
20.42500,10
20.43333,10
20.44167,9
20.45000,9
20.45833,9
20.46667,9
20.47500,9
20.48333,9
20.49167,9
20.50000,9
20.50833,10
20.51667,10
20.52500,10
20.53333,10
20.54167,10
20.55000,10
20.55833,10
20.56667,9
20.57500,9
20.58333,9
20.59167,9
20.60000,9
20.60833,9
20.61667,10
20.62500,10
20.63333,10
20.64167,10
20.65000,10
20.65833,10
20.66667,10
20.67500,10
20.68333,10
20.69167,10
20.70000,10
20.70833,10
20.71667,10
20.72500,10
20.73333,11
20.74167,11
20.75000,11
20.75833,11
20.76667,11
20.77500,11
20.78333,11
20.79167,11
20.80000,12
20.80833,12
20.81667,12
20.82500,12
20.83333,12
20.84167,13
20.85000,13
20.85833,13
20.86667,13
20.87500,13
20.88333,14
20.89167,14
20.90000,14
20.90833,15
20.91667,15
20.92500,16
20.93333,16
20.94167,16
20.95000,16
20.95833,17
20.96667,17
20.97500,17
20.98333,17
20.99167,18
21.00000,18
21.00833,19
21.01667,19
21.02500,20
21.03333,22
21.04167,23
21.05000,23
21.05833,24
21.06667,25
21.07500,25
21.08333,26
21.09167,28
21.10000,29
21.10833,30
21.11667,31
21.12500,32
21.13333,33
21.14167,34
21.15000,35
21.15833,36
21.16667,37
21.17500,38
21.18333,39
21.19167,41
21.20000,42
21.20833,43
21.21667,44
21.22500,44
21.23333,45
21.24167,46
21.25000,47
21.25833,48
21.26667,48
21.27500,48
21.28333,48
21.29167,48
21.30000,48
21.30833,48
21.31667,48
21.32500,48
21.33333,48
21.34167,48
21.35000,48
21.35833,48
21.36667,48
21.37500,47
21.38333,47
21.39167,46
21.40000,45
21.40833,44
21.41667,44
21.42500,43
21.43333,42
21.44167,41
21.45000,40
21.45833,39
21.46667,38
21.47500,37
21.48333,36
21.49167,35
21.50000,34
21.50833,33
21.51667,32
21.52500,31
21.53333,30
21.54167,29
21.55000,28
21.55833,27
21.56667,26
21.57500,25
21.58333,24
21.59167,23
21.60000,22
21.60833,21
21.61667,20
21.62500,20
21.63333,19
21.64167,18
21.65000,17
21.65833,17
21.66667,16
21.67500,15
21.68333,15
21.69167,14
21.70000,14
21.70833,14
21.71667,14
21.72500,13
21.73333,13
21.74167,12
21.75000,12
21.75833,11
21.76667,11
21.77500,10
21.78333,10
21.79167,10
21.80000,10
21.80833,9
21.81667,9
21.82500,9
21.83333,8
21.84167,8
21.85000,8
21.85833,8
21.86667,8
21.87500,9
21.88333,9
21.89167,9
21.90000,9
21.90833,8
21.91667,8
21.92500,8
21.93333,8
21.94167,7
21.95000,7
21.95833,7
21.96667,7
21.97500,7
21.98333,7
21.99167,7
22.00000,7
22.00833,7
22.01667,7
22.02500,7
22.03333,7
22.04167,7
22.05000,7
22.05833,7
22.06667,7
22.07500,7
22.08333,7
22.09167,8
22.10000,7
22.10833,7
22.11667,7
22.12500,7
22.13333,7
22.14167,7
22.15000,7
22.15833,7
22.16667,7
22.17500,7
22.18333,7
22.19167,7
22.20000,7
22.20833,7
22.21667,7
22.22500,7
22.23333,7
22.24167,7
22.25000,7
22.25833,7
22.26667,7
22.27500,7
22.28333,7
22.29167,7
22.30000,7
22.30833,8
22.31667,8
22.32500,8
22.33333,8
22.34167,8
22.35000,8
22.35833,8
22.36667,8
22.37500,8
22.38333,8
22.39167,8
22.40000,8
22.40833,8
22.41667,8
22.42500,7
22.43333,7
22.44167,7
22.45000,7
22.45833,8
22.46667,8
22.47500,8
22.48333,8
22.49167,8
22.50000,8
22.50833,8
22.51667,8
22.52500,8
22.53333,7
22.54167,7
22.55000,8
22.55833,8
22.56667,8
22.57500,8
22.58333,8
22.59167,8
22.60000,8
22.60833,8
22.61667,8
22.62500,8
22.63333,9
22.64167,9
22.65000,9
22.65833,10
22.66667,10
22.67500,10
22.68333,10
22.69167,10
22.70000,11
22.70833,11
22.71667,12
22.72500,12
22.73333,12
22.74167,12
22.75000,13
22.75833,13
22.76667,14
22.77500,15
22.78333,15
22.79167,15
22.80000,16
22.80833,16
22.81667,17
22.82500,17
22.83333,17
22.84167,18
22.85000,19
22.85833,20
22.86667,20
22.87500,21
22.88333,21
22.89167,22
22.90000,22
22.90833,23
22.91667,23
22.92500,24
22.93333,25
22.94167,26
22.95000,26
22.95833,27
22.96667,28
22.97500,28
22.98333,29
22.99167,30
23.00000,30
23.00833,31
23.01667,31
23.02500,31
23.03333,31
23.04167,32
23.05000,32
23.05833,32
23.06667,32
23.07500,33
23.08333,33
23.09167,33
23.10000,33
23.10833,32
23.11667,32
23.12500,31
23.13333,31
23.14167,31
23.15000,31
23.15833,31
23.16667,30
23.17500,29
23.18333,29
23.19167,28
23.20000,27
23.20833,26
23.21667,26
23.22500,25
23.23333,24
23.24167,24
23.25000,23
23.25833,23
23.26667,23
23.27500,22
23.28333,22
23.29167,21
23.30000,20
23.30833,20
23.31667,19
23.32500,19
23.33333,18
23.34167,17
23.35000,17
23.35833,16
23.36667,16
23.37500,15
23.38333,15
23.39167,14
23.40000,13
23.40833,13
23.41667,13
23.42500,12
23.43333,12
23.44167,12
23.45000,11
23.45833,11
23.46667,11
23.47500,10
23.48333,10
23.49167,10
23.50000,10
23.50833,10
23.51667,9
23.52500,9
23.53333,9
23.54167,9
23.55000,9
23.55833,9
23.56667,9
23.57500,9
23.58333,9
23.59167,8
23.60000,8
23.60833,8
23.61667,8
23.62500,8
23.63333,8
23.64167,8
23.65000,8
23.65833,8
23.66667,9
23.67500,9
23.68333,9
23.69167,9
23.70000,9
23.70833,9
23.71667,9
23.72500,8
23.73333,8
23.74167,9
23.75000,9
23.75833,9
23.76667,10
23.77500,10
23.78333,10
23.79167,10
23.80000,10
23.80833,9
23.81667,9
23.82500,10
23.83333,10
23.84167,10
23.85000,10
23.85833,11
23.86667,11
23.87500,11
23.88333,11
23.89167,11
23.90000,12
23.90833,12
23.91667,12
23.92500,12
23.93333,13
23.94167,13
23.95000,13
23.95833,13
23.96667,14
23.97500,14
23.98333,13
23.99167,13
24.00000,14
24.00833,14
24.01667,14
24.02500,15
24.03333,15
24.04167,15
24.05000,15
24.05833,15
24.06667,15
24.07500,15
24.08333,15
24.09167,15
24.10000,15
24.10833,15
24.11667,15
24.12500,15
24.13333,15
24.14167,15
24.15000,15
24.15833,15
24.16667,15
24.17500,15
24.18333,15
24.19167,15
24.20000,15
24.20833,14
24.21667,14
24.22500,14
24.23333,14
24.24167,14
24.25000,14
24.25833,14
24.26667,13
24.27500,14
24.28333,14
24.29167,14
24.30000,14
24.30833,14
24.31667,14
24.32500,14
24.33333,14
24.34167,14
24.35000,15
24.35833,16
24.36667,16
24.37500,17
24.38333,18
24.39167,19
24.40000,20
24.40833,22
24.41667,23
24.42500,25
24.43333,26
24.44167,28
24.45000,31
24.45833,33
24.46667,37
24.47500,40
24.48333,44
24.49167,49
24.50000,54
24.50833,60
24.51667,66
24.52500,74
24.53333,82
24.54167,92
24.55000,103
24.55833,115
24.56667,128
24.57500,144
24.58333,161
24.59167,180
24.60000,201
24.60833,225
24.61667,251
24.62500,280
24.63333,313
24.64167,350
24.65000,390
24.65833,434
24.66667,483
24.67500,536
24.68333,594
24.69167,658
24.70000,728
24.70833,805
24.71667,888
24.72500,978
24.73333,1076
24.74167,1181
24.75000,1294
24.75833,1416
24.76667,1546
24.77500,1686
24.78333,1834
24.79167,1992
24.80000,2160
24.80833,2338
24.81667,2525
24.82500,2721
24.83333,2928
24.84167,3143
24.85000,3367
24.85833,3600
24.86667,3842
24.87500,4092
24.88333,4350
24.89167,4614
24.90000,4883
24.90833,5159
24.91667,5438
24.92500,5721
24.93333,6006
24.94167,6292
24.95000,6578
24.95833,6863
24.96667,7146
24.97500,7425
24.98333,7699
24.99167,7968
25.00000,8228
25.00833,8481
25.01667,8723
25.02500,8954
25.03333,9173
25.04167,9378
25.05000,9569
25.05833,9744
25.06667,9903
25.07500,10045
25.08333,10169
25.09167,10274
25.10000,10362
25.10833,10430
25.11667,10478
25.12500,10508
25.13333,10518
25.14167,10508
25.15000,10479
25.15833,10432
25.16667,10366
25.17500,10282
25.18333,10180
25.19167,10062
25.20000,9928
25.20833,9779
25.21667,9615
25.22500,9439
25.23333,9250
25.24167,9050
25.25000,8839
25.25833,8620
25.26667,8392
25.27500,8157
25.28333,7916
25.29167,7670
25.30000,7421
25.30833,7168
25.31667,6914
25.32500,6658
25.33333,6403
25.34167,6149
25.35000,5897
25.35833,5646
25.36667,5399
25.37500,5155
25.38333,4915
25.39167,4680
25.40000,4451
25.40833,4227
25.41667,4009
25.42500,3798
25.43333,3594
25.44167,3397
25.45000,3207
25.45833,3025
25.46667,2849
25.47500,2681
25.48333,2520
25.49167,2366
25.50000,2219
25.50833,2079
25.51667,1947
25.52500,1821
25.53333,1703
25.54167,1590
25.55000,1484
25.55833,1385
25.56667,1291
25.57500,1203
25.58333,1121
25.59167,1044
25.60000,971
25.60833,904
25.61667,840
25.62500,781
25.63333,727
25.64167,676
25.65000,628
25.65833,584
25.66667,544
25.67500,506
25.68333,471
25.69167,439
25.70000,410
25.70833,382
25.71667,357
25.72500,334
25.73333,312
25.74167,293
25.75000,274
25.75833,258
25.76667,242
25.77500,227
25.78333,214
25.79167,203
25.80000,192
25.80833,182
25.81667,172
25.82500,164
25.83333,156
25.84167,149
25.85000,142
25.85833,135
25.86667,129
25.87500,124
25.88333,119
25.89167,115
25.90000,111
25.90833,107
25.91667,104
25.92500,101
25.93333,98
25.94167,95
25.95000,92
25.95833,90
25.96667,87
25.97500,84
25.98333,82
25.99167,80
26.00000,79
26.00833,77
26.01667,76
26.02500,74
26.03333,73
26.04167,72
26.05000,71
26.05833,70
26.06667,69
26.07500,67
26.08333,66
26.09167,65
26.10000,64
26.10833,63
26.11667,63
26.12500,62
26.13333,61
26.14167,60
26.15000,59
26.15833,59
26.16667,59
26.17500,58
26.18333,57
26.19167,57
26.20000,56
26.20833,56
26.21667,55
26.22500,54
26.23333,54
26.24167,53
26.25000,53
26.25833,52
26.26667,52
26.27500,51
26.28333,51
26.29167,51
26.30000,51
26.30833,50
26.31667,50
26.32500,49
26.33333,49
26.34167,49
26.35000,48
26.35833,48
26.36667,47
26.37500,47
26.38333,47
26.39167,47
26.40000,46
26.40833,46
26.41667,45
26.42500,45
26.43333,45
26.44167,45
26.45000,45
26.45833,45
26.46667,44
26.47500,44
26.48333,44
26.49167,43
26.50000,43
26.50833,43
26.51667,42
26.52500,42
26.53333,42
26.54167,42
26.55000,42
26.55833,41
26.56667,41
26.57500,41
26.58333,40
26.59167,40
26.60000,40
26.60833,40
26.61667,39
26.62500,39
26.63333,39
26.64167,39
26.65000,38
26.65833,38
26.66667,38
26.67500,37
26.68333,36
26.69167,36
26.70000,35
26.70833,35
26.71667,35
26.72500,35
26.73333,35
26.74167,35
26.75000,35
26.75833,35
26.76667,34
26.77500,34
26.78333,34
26.79167,34
26.80000,34
26.80833,34
26.81667,34
26.82500,34
26.83333,34
26.84167,33
26.85000,33
26.85833,33
26.86667,33
26.87500,32
26.88333,32
26.89167,32
26.90000,32
26.90833,32
26.91667,32
26.92500,32
26.93333,31
26.94167,31
26.95000,31
26.95833,31
26.96667,31
26.97500,31
26.98333,31
26.99167,31
27.00000,30
27.00833,30
27.01667,29
27.02500,29
27.03333,29
27.04167,30
27.05000,30
27.05833,30
27.06667,30
27.07500,30
27.08333,30
27.09167,29
27.10000,29
27.10833,29
27.11667,29
27.12500,28
27.13333,28
27.14167,28
27.15000,28
27.15833,28
27.16667,28
27.17500,28
27.18333,28
27.19167,28
27.20000,28
27.20833,28
27.21667,28
27.22500,28
27.23333,28
27.24167,28
27.25000,28
27.25833,27
27.26667,27
27.27500,27
27.28333,27
27.29167,27
27.30000,27
27.30833,27
27.31667,27
27.32500,26
27.33333,26
27.34167,26
27.35000,26
27.35833,26
27.36667,26
27.37500,26
27.38333,26
27.39167,26
27.40000,26
27.40833,27
27.41667,26
27.42500,26
27.43333,26
27.44167,26
27.45000,26
27.45833,26
27.46667,25
27.47500,25
27.48333,25
27.49167,25
27.50000,24
27.50833,24
27.51667,24
27.52500,24
27.53333,23
27.54167,23
27.55000,23
27.55833,22
27.56667,22
27.57500,22
27.58333,22
27.59167,22
27.60000,21
27.60833,21
27.61667,20
27.62500,20
27.63333,19
27.64167,19
27.65000,18
27.65833,17
27.66667,16
27.67500,15
27.68333,14
27.69167,13
27.70000,12
27.70833,12
27.71667,11
27.72500,10
27.73333,9
27.74167,7
27.75000,6
27.75833,4
27.76667,3
27.77500,2
27.78333,0
27.79167,-1
27.80000,-3
27.80833,-5
27.81667,-7
27.82500,-9
27.83333,-11
27.84167,-13
27.85000,-16
27.85833,-18
27.86667,-21
27.87500,-23
27.88333,-25
27.89167,-28
27.90000,-31
27.90833,-34
27.91667,-37
27.92500,-39
27.93333,-42
27.94167,-45
27.95000,-48
27.95833,-52
27.96667,-55
27.97500,-59
27.98333,-62
27.99167,-65
28.00000,-68
28.00833,-71
28.01667,-75
28.02500,-78
28.03333,-82
28.04167,-85
28.05000,-89
28.05833,-92
28.06667,-95
28.07500,-98
28.08333,-101
28.09167,-104
28.10000,-107
28.10833,-109
28.11667,-112
28.12500,-114
28.13333,-117
28.14167,-119
28.15000,-121
28.15833,-123
28.16667,-125
28.17500,-126
28.18333,-128
28.19167,-129
28.20000,-131
28.20833,-132
28.21667,-133
28.22500,-134
28.23333,-135
28.24167,-135
28.25000,-135
28.25833,-134
28.26667,-134
28.27500,-133
28.28333,-133
28.29167,-132
28.30000,-132
28.30833,-131
28.31667,-130
28.32500,-129
28.33333,-128
28.34167,-126
28.35000,-124
28.35833,-122
28.36667,-120
28.37500,-118
28.38333,-116
28.39167,-114
28.40000,-112
28.40833,-109
28.41667,-107
28.42500,-104
28.43333,-102
28.44167,-99
28.45000,-96
28.45833,-94
28.46667,-91
28.47500,-88
28.48333,-85
28.49167,-82
28.50000,-79
28.50833,-76
28.51667,-74
28.52500,-71
28.53333,-68
28.54167,-66
28.55000,-63
28.55833,-61
28.56667,-58
28.57500,-56
28.58333,-53
28.59167,-51
28.60000,-48
28.60833,-46
28.61667,-44
28.62500,-42
28.63333,-41
28.64167,-39
28.65000,-36
28.65833,-34
28.66667,-32
28.67500,-30
28.68333,-28
28.69167,-26
28.70000,-25
28.70833,-23
28.71667,-22
28.72500,-20
28.73333,-19
28.74167,-18
28.75000,-16
28.75833,-15
28.76667,-13
28.77500,-12
28.78333,-11
28.79167,-11
28.80000,-10
28.80833,-9
28.81667,-8
28.82500,-7
28.83333,-6
28.84167,-5
28.85000,-5
28.85833,-4
28.86667,-3
28.87500,-2
28.88333,-1
28.89167,-1
28.90000,-0
28.90833,0
28.91667,0
28.92500,1
28.93333,2
28.94167,2
28.95000,2
28.95833,3
28.96667,3
28.97500,3
28.98333,4
28.99167,4
29.00000,5
29.00833,5
29.01667,5
29.02500,5
29.03333,5
29.04167,5
29.05000,5
29.05833,5
29.06667,6
29.07500,6
29.08333,6
29.09167,7
29.10000,7
29.10833,8
29.11667,8
29.12500,8
29.13333,8
29.14167,8
29.15000,8
29.15833,8
29.16667,8
29.17500,8
29.18333,8
29.19167,8
29.20000,8
29.20833,8
29.21667,8
29.22500,8
29.23333,8
29.24167,9
29.25000,9
29.25833,9
29.26667,9
29.27500,9
29.28333,9
29.29167,9
29.30000,9
29.30833,9
29.31667,9
29.32500,9
29.33333,9
29.34167,9
29.35000,8
29.35833,8
29.36667,7
29.37500,7
29.38333,7
29.39167,6
29.40000,6
29.40833,5
29.41667,5
29.42500,4
29.43333,4
29.44167,4
29.45000,3
29.45833,3
29.46667,2
29.47500,2
29.48333,1
29.49167,1
29.50000,0
29.50833,-1
29.51667,-1
29.52500,-2
29.53333,-3
29.54167,-3
29.55000,-4
29.55833,-5
29.56667,-6
29.57500,-7
29.58333,-8
29.59167,-9
29.60000,-11
29.60833,-12
29.61667,-13
29.62500,-14
29.63333,-16
29.64167,-17
29.65000,-18
29.65833,-20
29.66667,-21
29.67500,-22
29.68333,-23
29.69167,-25
29.70000,-26
29.70833,-27
29.71667,-28
29.72500,-29
29.73333,-30
29.74167,-31
29.75000,-32
29.75833,-33
29.76667,-34
29.77500,-35
29.78333,-36
29.79167,-38
29.80000,-39
29.80833,-40
29.81667,-42
29.82500,-43
29.83333,-44
29.84167,-45
29.85000,-46
29.85833,-47
29.86667,-47
29.87500,-47
29.88333,-48
29.89167,-49
29.90000,-50
29.90833,-50
29.91667,-50
29.92500,-51
29.93333,-51
29.94167,-51
29.95000,-52
29.95833,-52
29.96667,-52
29.97500,-52
29.98333,-53
29.99167,-53
30.00000,-52
30.00833,-52
30.01667,-51
30.02500,-51
30.03333,-51
30.04167,-51
30.05000,-51
30.05833,-50
30.06667,-50
30.07500,-49
30.08333,-49
30.09167,-48
30.10000,-48
30.10833,-47
30.11667,-46
30.12500,-45
30.13333,-44
30.14167,-43
30.15000,-42
30.15833,-41
30.16667,-40
30.17500,-39
30.18333,-38
30.19167,-37
30.20000,-36
30.20833,-35
30.21667,-34
30.22500,-33
30.23333,-32
30.24167,-31
30.25000,-30
30.25833,-29
30.26667,-28
30.27500,-27
30.28333,-26
30.29167,-25
30.30000,-24
30.30833,-24
30.31667,-23
30.32500,-22
30.33333,-21
30.34167,-20
30.35000,-19
30.35833,-18
30.36667,-18
30.37500,-17
30.38333,-16
30.39167,-16
30.40000,-15
30.40833,-14
30.41667,-14
30.42500,-13
30.43333,-13
30.44167,-12
30.45000,-12
30.45833,-11
30.46667,-11
30.47500,-11
30.48333,-10
30.49167,-10
30.50000,-9
30.50833,-9
30.51667,-9
30.52500,-9
30.53333,-8
30.54167,-8
30.55000,-8
30.55833,-7
30.56667,-7
30.57500,-6
30.58333,-6
30.59167,-6
30.60000,-6
30.60833,-6
30.61667,-7
30.62500,-7
30.63333,-7
30.64167,-7
30.65000,-7
30.65833,-8
30.66667,-8
30.67500,-8
30.68333,-9
30.69167,-9
30.70000,-9
30.70833,-9
30.71667,-10
30.72500,-10
30.73333,-10
30.74167,-11
30.75000,-11
30.75833,-11
30.76667,-11
30.77500,-12
30.78333,-12
30.79167,-12
30.80000,-13
30.80833,-13
30.81667,-13
30.82500,-13
30.83333,-14
30.84167,-14
30.85000,-14
30.85833,-14
30.86667,-14
30.87500,-14
30.88333,-14
30.89167,-15
30.90000,-15
30.90833,-15
30.91667,-15
30.92500,-15
30.93333,-15
30.94167,-15
30.95000,-15
30.95833,-15
30.96667,-15
30.97500,-15
30.98333,-14
30.99167,-14
31.00000,-14
31.00833,-14
31.01667,-13
31.02500,-13
31.03333,-13
31.04167,-13
31.05000,-13
31.05833,-12
31.06667,-12
31.07500,-12
31.08333,-12
31.09167,-11
31.10000,-11
31.10833,-10
31.11667,-10
31.12500,-9
31.13333,-9
31.14167,-8
31.15000,-8
31.15833,-8
31.16667,-7
31.17500,-6
31.18333,-6
31.19167,-5
31.20000,-4
31.20833,-4
31.21667,-3
31.22500,-3
31.23333,-2
31.24167,-2
31.25000,-2
31.25833,-1
31.26667,-1
31.27500,-0
31.28333,0
31.29167,1
31.30000,1
31.30833,1
31.31667,2
31.32500,3
31.33333,3
31.34167,4
31.35000,4
31.35833,5
31.36667,5
31.37500,5
31.38333,5
31.39167,6
31.40000,6
31.40833,6
31.41667,6
31.42500,6
31.43333,6
31.44167,6
31.45000,7
31.45833,7
31.46667,6
31.47500,7
31.48333,7
31.49167,7
31.50000,8
31.50833,8
31.51667,8
31.52500,8
31.53333,8
31.54167,8
31.55000,8
31.55833,9
31.56667,9
31.57500,9
31.58333,9
31.59167,9
31.60000,9
31.60833,9
31.61667,9
31.62500,9
31.63333,9
31.64167,9
31.65000,9
31.65833,9
31.66667,9
31.67500,9
31.68333,9
31.69167,9
31.70000,9
31.70833,9
31.71667,8
31.72500,9
31.73333,9
31.74167,9
31.75000,9
31.75833,9
31.76667,9
31.77500,9
31.78333,9
31.79167,9
31.80000,9
31.80833,9
31.81667,8
31.82500,8
31.83333,8
31.84167,8
31.85000,8
31.85833,8
31.86667,8
31.87500,8
31.88333,8
31.89167,8
31.90000,8
31.90833,8
31.91667,8
31.92500,7
31.93333,7
31.94167,7
31.95000,7
31.95833,7
31.96667,7
31.97500,7
31.98333,7
31.99167,7
32.00000,8
32.00833,8
32.01667,8
32.02500,8
32.03333,8
32.04167,8
32.05000,7
32.05833,7
32.06667,7
32.07500,7
32.08333,8
32.09167,8
32.10000,8
32.10833,8
32.11667,8
32.12500,8
32.13333,8
32.14167,8
32.15000,8
32.15833,8
32.16667,8
32.17500,8
32.18333,8
32.19167,8
32.20000,7
32.20833,7
32.21667,7
32.22500,7
32.23333,7
32.24167,8
32.25000,8
32.25833,8
32.26667,8
32.27500,8
32.28333,8
32.29167,9
32.30000,9
32.30833,9
32.31667,9
32.32500,8
32.33333,8
32.34167,8
32.35000,8
32.35833,8
32.36667,8
32.37500,8
32.38333,8
32.39167,8
32.40000,8
32.40833,8
32.41667,8
32.42500,8
32.43333,8
32.44167,8
32.45000,8
32.45833,8
32.46667,8
32.47500,8
32.48333,8
32.49167,8
32.50000,8
32.50833,8
32.51667,8
32.52500,9
32.53333,9
32.54167,9
32.55000,9
32.55833,9
32.56667,8
32.57500,8
32.58333,8
32.59167,8
32.60000,8
32.60833,8
32.61667,8
32.62500,8
32.63333,8
32.64167,8
32.65000,8
32.65833,8
32.66667,8
32.67500,8
32.68333,8
32.69167,8
32.70000,8
32.70833,8
32.71667,8
32.72500,8
32.73333,8
32.74167,8
32.75000,8
32.75833,8
32.76667,8
32.77500,8
32.78333,8
32.79167,9
32.80000,9
32.80833,9
32.81667,9
32.82500,9
32.83333,9
32.84167,9
32.85000,9
32.85833,9
32.86667,9
32.87500,10
32.88333,10
32.89167,9
32.90000,9
32.90833,9
32.91667,9
32.92500,9
32.93333,9
32.94167,9
32.95000,9
32.95833,8
32.96667,8
32.97500,8
32.98333,9
32.99167,9
33.00000,9
33.00833,9
33.01667,9
33.02500,9
33.03333,9
33.04167,10
33.05000,10
33.05833,10
33.06667,10
33.07500,10
33.08333,10
33.09167,10
33.10000,10
33.10833,9
33.11667,9
33.12500,9
33.13333,9
33.14167,9
33.15000,9
33.15833,9
33.16667,9
33.17500,9
33.18333,9
33.19167,10
33.20000,10
33.20833,10
33.21667,10
33.22500,10
33.23333,10
33.24167,10
33.25000,10
33.25833,10
33.26667,10
33.27500,9
33.28333,9
33.29167,9
33.30000,9
33.30833,9
33.31667,9
33.32500,9
33.33333,9
33.34167,9
33.35000,10
33.35833,10
33.36667,10
33.37500,10
33.38333,10
33.39167,10
33.40000,9
33.40833,9
33.41667,9
33.42500,9
33.43333,9
33.44167,9
33.45000,9
33.45833,9
33.46667,9
33.47500,9
33.48333,10
33.49167,10
33.50000,10
33.50833,10
33.51667,10
33.52500,10
33.53333,9
33.54167,9
33.55000,9
33.55833,9
33.56667,9
33.57500,9
33.58333,9
33.59167,9
33.60000,9
33.60833,9
33.61667,9
33.62500,9
33.63333,9
33.64167,9
33.65000,9
33.65833,9
33.66667,9
33.67500,9
33.68333,9
33.69167,9
33.70000,10
33.70833,10
33.71667,10
33.72500,10
33.73333,9
33.74167,9
33.75000,9
33.75833,9
33.76667,9
33.77500,9
33.78333,9
33.79167,9
33.80000,9
33.80833,10
33.81667,10
33.82500,10
33.83333,10
33.84167,10
33.85000,9
33.85833,9
33.86667,9
33.87500,9
33.88333,9
33.89167,9
33.90000,9
33.90833,9
33.91667,9
33.92500,9
33.93333,9
33.94167,10
33.95000,10
33.95833,10
33.96667,10
33.97500,10
33.98333,10
33.99167,9
34.00000,9
34.00833,9
34.01667,9
34.02500,9
34.03333,9
34.04167,9
34.05000,9
34.05833,9
34.06667,10
34.07500,10
34.08333,10
34.09167,10
34.10000,10
34.10833,10
34.11667,10
34.12500,10
34.13333,10
34.14167,10
34.15000,10
34.15833,10
34.16667,10
34.17500,10
34.18333,10
34.19167,10
34.20000,10
34.20833,10
34.21667,10
34.22500,10
34.23333,10
34.24167,10
34.25000,10
34.25833,10
34.26667,10
34.27500,10
34.28333,10
34.29167,10
34.30000,10
34.30833,10
34.31667,10
34.32500,10
34.33333,10
34.34167,10
34.35000,10
34.35833,10
34.36667,10
34.37500,10
34.38333,10
34.39167,10
34.40000,10
34.40833,10
34.41667,10
34.42500,9
34.43333,9
34.44167,9
34.45000,9
34.45833,9
34.46667,9
34.47500,10
34.48333,10
34.49167,10
34.50000,10
34.50833,10
34.51667,10
34.52500,10
34.53333,10
34.54167,10
34.55000,10
34.55833,10
34.56667,10
34.57500,10
34.58333,10
34.59167,10
34.60000,10
34.60833,10
34.61667,10
34.62500,10
34.63333,10
34.64167,10
34.65000,10
34.65833,11
34.66667,11
34.67500,11
34.68333,11
34.69167,11
34.70000,10
34.70833,10
34.71667,10
34.72500,10
34.73333,10
34.74167,11
34.75000,11
34.75833,11
34.76667,10
34.77500,11
34.78333,11
34.79167,11
34.80000,11
34.80833,11
34.81667,11
34.82500,11
34.83333,11
34.84167,11
34.85000,11
34.85833,11
34.86667,11
34.87500,11
34.88333,11
34.89167,11
34.90000,11
34.90833,11
34.91667,10
34.92500,10
34.93333,10
34.94167,10
34.95000,10
34.95833,10
34.96667,10
34.97500,10
34.98333,10
34.99167,10
35.00000,10
35.00833,10
35.01667,10
35.02500,11
35.03333,11
35.04167,11
35.05000,11
35.05833,11
35.06667,11
35.07500,10
35.08333,11
35.09167,10
35.10000,10
35.10833,10
35.11667,10
35.12500,10
35.13333,10
35.14167,10
35.15000,11
35.15833,11
35.16667,12
35.17500,12
35.18333,11
35.19167,11
35.20000,11
35.20833,11
35.21667,11
35.22500,11
35.23333,11
35.24167,11
35.25000,11
35.25833,11
35.26667,11
35.27500,10
35.28333,10
35.29167,10
35.30000,11
35.30833,11
35.31667,10
35.32500,10
35.33333,10
35.34167,10
35.35000,10
35.35833,11
35.36667,11
35.37500,11
35.38333,11
35.39167,11
35.40000,11
35.40833,11
35.41667,11
35.42500,11
35.43333,11
35.44167,11
35.45000,11
35.45833,11
35.46667,11
35.47500,11
35.48333,11
35.49167,11
35.50000,11
35.50833,11
35.51667,11
35.52500,11
35.53333,11
35.54167,10
35.55000,10
35.55833,10
35.56667,10
35.57500,11
35.58333,11
35.59167,11
35.60000,11
35.60833,11
35.61667,11
35.62500,12
35.63333,12
35.64167,12
35.65000,12
35.65833,12
35.66667,12
35.67500,12
35.68333,12
35.69167,12
35.70000,12
35.70833,11
35.71667,11
35.72500,11
35.73333,11
35.74167,11
35.75000,11
35.75833,10
35.76667,10
35.77500,10
35.78333,10
35.79167,10
35.80000,11
35.80833,11
35.81667,11
35.82500,11
35.83333,12
35.84167,11
35.85000,11
35.85833,12
35.86667,12
35.87500,12
35.88333,12
35.89167,12
35.90000,12
35.90833,12
35.91667,12
35.92500,12
35.93333,12
35.94167,12
35.95000,13
35.95833,13
35.96667,13
35.97500,13
35.98333,13
35.99167,13
36.00000,13
36.00833,13
36.01667,13
36.02500,13
36.03333,12
36.04167,12
36.05000,12
36.05833,12
36.06667,12
36.07500,12
36.08333,12
36.09167,12
36.10000,12
36.10833,12
36.11667,12
36.12500,12
36.13333,13
36.14167,13
36.15000,13
36.15833,13
36.16667,13
36.17500,13
36.18333,13
36.19167,12
36.20000,12
36.20833,12
36.21667,12
36.22500,12
36.23333,12
36.24167,12
36.25000,12
36.25833,12
36.26667,13
36.27500,13
36.28333,14
36.29167,14
36.30000,14
36.30833,14
36.31667,14
36.32500,13
36.33333,13
36.34167,13
36.35000,13
36.35833,13
36.36667,13
36.37500,13
36.38333,13
36.39167,14
36.40000,14
36.40833,14
36.41667,14
36.42500,14
36.43333,13
36.44167,13
36.45000,13
36.45833,13
36.46667,13
36.47500,13
36.48333,12
36.49167,13
36.50000,13
36.50833,13
36.51667,13
36.52500,13
36.53333,13
36.54167,13
36.55000,13
36.55833,14
36.56667,14
36.57500,14
36.58333,14
36.59167,14
36.60000,14
36.60833,14
36.61667,14
36.62500,14
36.63333,14
36.64167,14
36.65000,14
36.65833,14
36.66667,14
36.67500,15
36.68333,15
36.69167,15
36.70000,14
36.70833,14
36.71667,14
36.72500,14
36.73333,13
36.74167,13
36.75000,13
36.75833,14
36.76667,14
36.77500,13
36.78333,14
36.79167,14
36.80000,14
36.80833,13
36.81667,13
36.82500,13
36.83333,13
36.84167,13
36.85000,13
36.85833,13
36.86667,13
36.87500,13
36.88333,13
36.89167,14
36.90000,15
36.90833,15
36.91667,15
36.92500,15
36.93333,14
36.94167,14
36.95000,14
36.95833,14
36.96667,14
36.97500,14
36.98333,13
36.99167,13
37.00000,13
37.00833,14
37.01667,13
37.02500,13
37.03333,13
37.04167,13
37.05000,13
37.05833,13
37.06667,14
37.07500,14
37.08333,14
37.09167,14
37.10000,14
37.10833,13
37.11667,13
37.12500,13
37.13333,13
37.14167,13
37.15000,13
37.15833,13
37.16667,13
37.17500,14
37.18333,14
37.19167,14
37.20000,14
37.20833,14
37.21667,14
37.22500,14
37.23333,14
37.24167,14
37.25000,14
37.25833,14
37.26667,14
37.27500,14
37.28333,14
37.29167,14
37.30000,14
37.30833,14
37.31667,14
37.32500,14
37.33333,14
37.34167,14
37.35000,14
37.35833,14
37.36667,14
37.37500,14
37.38333,14
37.39167,14
37.40000,14
37.40833,14
37.41667,14
37.42500,14
37.43333,14
37.44167,14
37.45000,14
37.45833,14
37.46667,14
37.47500,14
37.48333,14
37.49167,14
37.50000,14
37.50833,14
37.51667,14
37.52500,14
37.53333,14
37.54167,13
37.55000,14
37.55833,14
37.56667,14
37.57500,14
37.58333,14
37.59167,14
37.60000,13
37.60833,13
37.61667,13
37.62500,13
37.63333,13
37.64167,14
37.65000,14
37.65833,14
37.66667,14
37.67500,14
37.68333,14
37.69167,14
37.70000,14
37.70833,14
37.71667,14
37.72500,14
37.73333,14
37.74167,14
37.75000,14
37.75833,15
37.76667,15
37.77500,15
37.78333,15
37.79167,15
37.80000,15
37.80833,16
37.81667,15
37.82500,15
37.83333,15
37.84167,15
37.85000,15
37.85833,15
37.86667,15
37.87500,15
37.88333,15
37.89167,15
37.90000,15
37.90833,15
37.91667,15
37.92500,15
37.93333,15
37.94167,15
37.95000,15
37.95833,15
37.96667,15
37.97500,15
37.98333,15
37.99167,15
38.00000,14
38.00833,14
38.01667,14
38.02500,14
38.03333,14
38.04167,14
38.05000,14
38.05833,14
38.06667,15
38.07500,15
38.08333,15
38.09167,15
38.10000,15
38.10833,15
38.11667,15
38.12500,15
38.13333,14
38.14167,14
38.15000,14
38.15833,14
38.16667,14
38.17500,14
38.18333,14
38.19167,14
38.20000,14
38.20833,14
38.21667,14
38.22500,14
38.23333,14
38.24167,14
38.25000,14
38.25833,14
38.26667,14
38.27500,14
38.28333,14
38.29167,14
38.30000,14
38.30833,14
38.31667,14
38.32500,14
38.33333,14
38.34167,14
38.35000,14
38.35833,13
38.36667,14
38.37500,14
38.38333,14
38.39167,14
38.40000,14
38.40833,13
38.41667,13
38.42500,13
38.43333,13
38.44167,13
38.45000,13
38.45833,14
38.46667,14
38.47500,14
38.48333,14
38.49167,14
38.50000,14
38.50833,14
38.51667,14
38.52500,14
38.53333,14
38.54167,14
38.55000,13
38.55833,13
38.56667,13
38.57500,14
38.58333,14
38.59167,14
38.60000,14
38.60833,14
38.61667,14
38.62500,14
38.63333,14
38.64167,15
38.65000,15
38.65833,15
38.66667,15
38.67500,15
38.68333,15
38.69167,15
38.70000,14
38.70833,14
38.71667,14
38.72500,14
38.73333,14
38.74167,13
38.75000,13
38.75833,13
38.76667,13
38.77500,13
38.78333,13
38.79167,13
38.80000,14
38.80833,14
38.81667,14
38.82500,14
38.83333,14
38.84167,14
38.85000,14
38.85833,14
38.86667,14
38.87500,13
38.88333,13
38.89167,13
38.90000,13
38.90833,13
38.91667,13
38.92500,13
38.93333,13
38.94167,14
38.95000,14
38.95833,14
38.96667,14
38.97500,15
38.98333,15
38.99167,15
39.00000,15
39.00833,14
39.01667,14
39.02500,14
39.03333,14
39.04167,14
39.05000,14
39.05833,14
39.06667,14
39.07500,14
39.08333,14
39.09167,14
39.10000,14
39.10833,15
39.11667,15
39.12500,14
39.13333,14
39.14167,14
39.15000,14
39.15833,14
39.16667,14
39.17500,14
39.18333,14
39.19167,14
39.20000,14
39.20833,14
39.21667,14
39.22500,14
39.23333,14
39.24167,14
39.25000,14
39.25833,14
39.26667,13
39.27500,13
39.28333,13
39.29167,13
39.30000,13
39.30833,13
39.31667,13
39.32500,13
39.33333,13
39.34167,13
39.35000,14
39.35833,14
39.36667,14
39.37500,14
39.38333,14
39.39167,14
39.40000,14
39.40833,14
39.41667,14
39.42500,14
39.43333,14
39.44167,14
39.45000,14
39.45833,14
39.46667,14
39.47500,14
39.48333,14
39.49167,15
39.50000,15
39.50833,15
39.51667,14
39.52500,14
39.53333,14
39.54167,14
39.55000,14
39.55833,14
39.56667,14
39.57500,14
39.58333,14
39.59167,13
39.60000,13
39.60833,14
39.61667,14
39.62500,14
39.63333,14
39.64167,14
39.65000,14
39.65833,14
39.66667,14
39.67500,14
39.68333,14
39.69167,14
39.70000,14
39.70833,15
39.71667,15
39.72500,15
39.73333,15
39.74167,14
39.75000,14
39.75833,14
39.76667,14
39.77500,14
39.78333,14
39.79167,14
39.80000,14
39.80833,14
39.81667,14
39.82500,14
39.83333,14
39.84167,14
39.85000,14
39.85833,15
39.86667,15
39.87500,15
39.88333,14
39.89167,15
39.90000,15
39.90833,15
39.91667,15
39.92500,15
39.93333,15
39.94167,15
39.95000,15
39.95833,15
39.96667,15
39.97500,15
39.98333,14
39.99167,14
40.00000,14

