[Header]
Application Name,LabSolutions
Version,5.97 SP1
Data File Name,C:\Users\cremerlab\Desktop\griffin\2021-04-27_REL606_acetate_turnover_redux\2021-04-27_REL606_DM_acetate_turnover_4282021_002_002.lcd
Output Date,4/28/2021
Output Time,12:15:42 PM

[File Information]
Type,Data File
Generated,4/28/2021 11:35:22 AM
Generated by,System Administrator
Modified,4/28/2021 12:15:42 PM
Modified by,System Administrator

[Sample Information]
Operator Name,System Administrator
Acquired,4/28/2021 11:35:41 AM
Sample Type,0:Unknown
Level,0
Sample Name,2021-04-07_REL606_replicate_001_timepoint_002
Sample ID,002
ISTD Amount1,1
ISTD Amount2,1
ISTD Amount3,1
ISTD Amount4,1
ISTD Amount5,1
ISTD Amount6,1
ISTD Amount7,1
ISTD Amount8,1
ISTD Amount9,1
ISTD Amount10,1
ISTD Amount11,1
ISTD Amount12,1
ISTD Amount13,1
ISTD Amount14,1
ISTD Amount15,1
ISTD Amount16,1
ISTD Amount17,1
ISTD Amount18,1
ISTD Amount19,1
ISTD Amount20,1
ISTD Amount21,1
ISTD Amount22,1
ISTD Amount23,1
ISTD Amount24,1
ISTD Amount25,1
ISTD Amount26,1
ISTD Amount27,1
ISTD Amount28,1
ISTD Amount29,1
ISTD Amount30,1
ISTD Amount31,1
ISTD Amount32,1
Sample Amount,1
Dilution Factor,1
Vial#,2
Injection Volume,20

[Original Files]
Data File,C:\Users\cremerlab\Desktop\griffin\2021-04-27_REL606_acetate_turnover_redux\2021-04-27_REL606_DM_acetate_turnover_4282021_002_002.lcd
Method File,C:\Users\cremerlab\Desktop\griffin\2.5mM_H2SO4_mobile_phase.lcm
Batch File,C:\Users\cremerlab\Desktop\griffin\2021-04-27_REL606_acetate_turnover_redux\2021-04-27_REL606_DM_acetate_turnover.lcb
Report Format File,c:\LabSolutions\System\DEFAULT.lsr

[File Description]


[Configuration]
Instrument Name,HPLC-PC-Instrument1
Instrument #,1
Line #,1
# of Detectors,2
Detector ID,Detector A,Detector B
Detector Name,Detector A,Detector B
# of Channels,1,1

[Peak Table(Detector A)]
# of Peaks,0

[Peak Table(Detector B)]
# of Peaks,4
Peak#,R.Time,I.Time,F.Time,Area,Height,A/H,Conc.,Mark,ID#,Name,k',Plate #,Plate Ht.,Tailing,Resolution,Sep.Factor,Area Ratio,Height Ratio,Conc. %,Norm Conc.
1,10.926,10.467,11.567,227189,13466,16.871,0.000,   ,,,0.000,9499,15.791,1.034,0.000,0.000,0,0,0.000,0.000
2,13.949,12.608,14.267,1540528,41790,36.863,0.000,   ,,,0.277,3207,46.779,0.000,4.217,0.000,0,0,0.000,0.000
3,14.487,14.267,15.183,148991,7099,20.988,0.000, V ,,,0.326,9666,15.518,0.000,0.683,1.178,0,0,0.000,0.000
4,25.124,24.367,26.208,323687,10907,29.676,0.000,   ,,,1.299,16413,9.139,1.079,15.485,3.987,0,0,0.000,0.000

[LC Chromatogram(Detector B-Ch1)]
Interval(msec),500
# of Points,4801
Start Time(min),0.000
End Time(min),40.000
Intensity Units,mV
Intensity Multiplier,0.001
R.Time (min),Intensity
0.00000,2
0.00833,2
0.01667,0
0.02500,-0
0.03333,-0
0.04167,-0
0.05000,-0
0.05833,-0
0.06667,-0
0.07500,-0
0.08333,-0
0.09167,0
0.10000,-0
0.10833,-0
0.11667,0
0.12500,0
0.13333,1
0.14167,1
0.15000,1
0.15833,1
0.16667,0
0.17500,0
0.18333,1
0.19167,1
0.20000,1
0.20833,1
0.21667,1
0.22500,1
0.23333,0
0.24167,0
0.25000,0
0.25833,0
0.26667,1
0.27500,1
0.28333,1
0.29167,1
0.30000,1
0.30833,1
0.31667,2
0.32500,1
0.33333,2
0.34167,2
0.35000,2
0.35833,2
0.36667,2
0.37500,2
0.38333,2
0.39167,2
0.40000,2
0.40833,2
0.41667,2
0.42500,2
0.43333,2
0.44167,3
0.45000,3
0.45833,3
0.46667,3
0.47500,3
0.48333,4
0.49167,4
0.50000,4
0.50833,5
0.51667,5
0.52500,5
0.53333,5
0.54167,5
0.55000,5
0.55833,5
0.56667,5
0.57500,5
0.58333,6
0.59167,6
0.60000,6
0.60833,6
0.61667,7
0.62500,7
0.63333,7
0.64167,7
0.65000,7
0.65833,7
0.66667,7
0.67500,7
0.68333,7
0.69167,7
0.70000,8
0.70833,8
0.71667,8
0.72500,8
0.73333,8
0.74167,8
0.75000,8
0.75833,9
0.76667,9
0.77500,9
0.78333,9
0.79167,9
0.80000,9
0.80833,9
0.81667,9
0.82500,9
0.83333,9
0.84167,9
0.85000,9
0.85833,9
0.86667,9
0.87500,9
0.88333,9
0.89167,10
0.90000,10
0.90833,11
0.91667,11
0.92500,11
0.93333,11
0.94167,11
0.95000,11
0.95833,11
0.96667,11
0.97500,12
0.98333,12
0.99167,11
1.00000,11
1.00833,11
1.01667,11
1.02500,11
1.03333,10
1.04167,10
1.05000,10
1.05833,11
1.06667,11
1.07500,11
1.08333,11
1.09167,11
1.10000,11
1.10833,11
1.11667,11
1.12500,11
1.13333,11
1.14167,11
1.15000,11
1.15833,11
1.16667,11
1.17500,11
1.18333,11
1.19167,11
1.20000,10
1.20833,11
1.21667,11
1.22500,11
1.23333,11
1.24167,11
1.25000,11
1.25833,10
1.26667,10
1.27500,10
1.28333,10
1.29167,10
1.30000,10
1.30833,9
1.31667,9
1.32500,9
1.33333,9
1.34167,9
1.35000,9
1.35833,9
1.36667,9
1.37500,9
1.38333,9
1.39167,9
1.40000,10
1.40833,10
1.41667,10
1.42500,10
1.43333,9
1.44167,9
1.45000,9
1.45833,9
1.46667,9
1.47500,9
1.48333,9
1.49167,8
1.50000,8
1.50833,8
1.51667,8
1.52500,8
1.53333,8
1.54167,8
1.55000,8
1.55833,8
1.56667,8
1.57500,8
1.58333,9
1.59167,9
1.60000,9
1.60833,8
1.61667,8
1.62500,8
1.63333,8
1.64167,8
1.65000,8
1.65833,8
1.66667,8
1.67500,8
1.68333,9
1.69167,8
1.70000,8
1.70833,8
1.71667,9
1.72500,8
1.73333,8
1.74167,8
1.75000,8
1.75833,8
1.76667,8
1.77500,8
1.78333,8
1.79167,9
1.80000,9
1.80833,9
1.81667,8
1.82500,8
1.83333,8
1.84167,8
1.85000,8
1.85833,8
1.86667,8
1.87500,9
1.88333,9
1.89167,9
1.90000,9
1.90833,9
1.91667,9
1.92500,9
1.93333,8
1.94167,8
1.95000,8
1.95833,8
1.96667,9
1.97500,9
1.98333,9
1.99167,9
2.00000,9
2.00833,9
2.01667,9
2.02500,9
2.03333,9
2.04167,9
2.05000,10
2.05833,10
2.06667,10
2.07500,10
2.08333,10
2.09167,11
2.10000,11
2.10833,11
2.11667,10
2.12500,10
2.13333,10
2.14167,10
2.15000,10
2.15833,10
2.16667,10
2.17500,10
2.18333,11
2.19167,11
2.20000,11
2.20833,11
2.21667,11
2.22500,11
2.23333,11
2.24167,11
2.25000,11
2.25833,12
2.26667,12
2.27500,12
2.28333,12
2.29167,13
2.30000,13
2.30833,13
2.31667,13
2.32500,13
2.33333,13
2.34167,13
2.35000,13
2.35833,13
2.36667,13
2.37500,13
2.38333,13
2.39167,13
2.40000,13
2.40833,13
2.41667,13
2.42500,13
2.43333,13
2.44167,13
2.45000,12
2.45833,12
2.46667,13
2.47500,13
2.48333,13
2.49167,13
2.50000,13
2.50833,12
2.51667,13
2.52500,13
2.53333,13
2.54167,13
2.55000,14
2.55833,14
2.56667,13
2.57500,13
2.58333,13
2.59167,13
2.60000,14
2.60833,14
2.61667,14
2.62500,14
2.63333,14
2.64167,14
2.65000,14
2.65833,14
2.66667,14
2.67500,15
2.68333,15
2.69167,15
2.70000,15
2.70833,15
2.71667,15
2.72500,16
2.73333,16
2.74167,16
2.75000,16
2.75833,16
2.76667,15
2.77500,15
2.78333,14
2.79167,14
2.80000,14
2.80833,15
2.81667,14
2.82500,14
2.83333,14
2.84167,14
2.85000,14
2.85833,14
2.86667,15
2.87500,15
2.88333,15
2.89167,15
2.90000,15
2.90833,15
2.91667,15
2.92500,15
2.93333,15
2.94167,15
2.95000,15
2.95833,15
2.96667,15
2.97500,15
2.98333,15
2.99167,15
3.00000,15
3.00833,14
3.01667,14
3.02500,14
3.03333,15
3.04167,15
3.05000,15
3.05833,15
3.06667,15
3.07500,15
3.08333,15
3.09167,15
3.10000,15
3.10833,15
3.11667,15
3.12500,15
3.13333,15
3.14167,15
3.15000,15
3.15833,16
3.16667,16
3.17500,16
3.18333,16
3.19167,16
3.20000,16
3.20833,16
3.21667,16
3.22500,17
3.23333,17
3.24167,17
3.25000,18
3.25833,17
3.26667,17
3.27500,17
3.28333,17
3.29167,17
3.30000,16
3.30833,17
3.31667,17
3.32500,18
3.33333,18
3.34167,19
3.35000,19
3.35833,19
3.36667,19
3.37500,19
3.38333,19
3.39167,19
3.40000,19
3.40833,19
3.41667,19
3.42500,19
3.43333,19
3.44167,19
3.45000,19
3.45833,19
3.46667,19
3.47500,19
3.48333,19
3.49167,19
3.50000,19
3.50833,19
3.51667,19
3.52500,19
3.53333,19
3.54167,19
3.55000,19
3.55833,19
3.56667,19
3.57500,20
3.58333,20
3.59167,20
3.60000,20
3.60833,20
3.61667,20
3.62500,20
3.63333,20
3.64167,20
3.65000,20
3.65833,20
3.66667,20
3.67500,20
3.68333,21
3.69167,21
3.70000,21
3.70833,21
3.71667,21
3.72500,21
3.73333,21
3.74167,21
3.75000,21
3.75833,22
3.76667,22
3.77500,23
3.78333,23
3.79167,23
3.80000,23
3.80833,23
3.81667,23
3.82500,23
3.83333,23
3.84167,23
3.85000,23
3.85833,24
3.86667,24
3.87500,24
3.88333,24
3.89167,24
3.90000,24
3.90833,24
3.91667,24
3.92500,24
3.93333,24
3.94167,25
3.95000,24
3.95833,24
3.96667,24
3.97500,24
3.98333,24
3.99167,25
4.00000,25
4.00833,25
4.01667,25
4.02500,25
4.03333,24
4.04167,24
4.05000,24
4.05833,24
4.06667,24
4.07500,24
4.08333,24
4.09167,24
4.10000,24
4.10833,25
4.11667,25
4.12500,25
4.13333,25
4.14167,26
4.15000,26
4.15833,25
4.16667,25
4.17500,25
4.18333,25
4.19167,25
4.20000,25
4.20833,24
4.21667,24
4.22500,24
4.23333,24
4.24167,24
4.25000,24
4.25833,25
4.26667,25
4.27500,25
4.28333,25
4.29167,25
4.30000,25
4.30833,25
4.31667,25
4.32500,25
4.33333,25
4.34167,25
4.35000,25
4.35833,25
4.36667,25
4.37500,24
4.38333,24
4.39167,24
4.40000,24
4.40833,24
4.41667,24
4.42500,24
4.43333,24
4.44167,24
4.45000,25
4.45833,25
4.46667,25
4.47500,25
4.48333,25
4.49167,25
4.50000,24
4.50833,24
4.51667,24
4.52500,23
4.53333,23
4.54167,23
4.55000,23
4.55833,23
4.56667,23
4.57500,23
4.58333,23
4.59167,23
4.60000,23
4.60833,23
4.61667,23
4.62500,23
4.63333,23
4.64167,24
4.65000,24
4.65833,23
4.66667,23
4.67500,23
4.68333,23
4.69167,23
4.70000,23
4.70833,23
4.71667,22
4.72500,22
4.73333,23
4.74167,23
4.75000,23
4.75833,23
4.76667,23
4.77500,23
4.78333,23
4.79167,23
4.80000,23
4.80833,23
4.81667,23
4.82500,23
4.83333,23
4.84167,23
4.85000,24
4.85833,24
4.86667,24
4.87500,24
4.88333,23
4.89167,23
4.90000,23
4.90833,23
4.91667,23
4.92500,23
4.93333,23
4.94167,23
4.95000,23
4.95833,23
4.96667,23
4.97500,23
4.98333,23
4.99167,23
5.00000,23
5.00833,24
5.01667,24
5.02500,24
5.03333,24
5.04167,25
5.05000,25
5.05833,25
5.06667,25
5.07500,25
5.08333,25
5.09167,25
5.10000,25
5.10833,25
5.11667,25
5.12500,25
5.13333,25
5.14167,24
5.15000,25
5.15833,25
5.16667,25
5.17500,24
5.18333,24
5.19167,24
5.20000,24
5.20833,24
5.21667,25
5.22500,25
5.23333,25
5.24167,25
5.25000,25
5.25833,25
5.26667,26
5.27500,26
5.28333,26
5.29167,26
5.30000,26
5.30833,26
5.31667,26
5.32500,26
5.33333,26
5.34167,26
5.35000,26
5.35833,26
5.36667,26
5.37500,25
5.38333,25
5.39167,25
5.40000,26
5.40833,26
5.41667,26
5.42500,27
5.43333,27
5.44167,27
5.45000,27
5.45833,27
5.46667,27
5.47500,27
5.48333,27
5.49167,27
5.50000,27
5.50833,27
5.51667,27
5.52500,27
5.53333,27
5.54167,27
5.55000,28
5.55833,28
5.56667,27
5.57500,27
5.58333,27
5.59167,27
5.60000,27
5.60833,27
5.61667,27
5.62500,28
5.63333,28
5.64167,28
5.65000,28
5.65833,29
5.66667,29
5.67500,28
5.68333,28
5.69167,28
5.70000,28
5.70833,29
5.71667,29
5.72500,28
5.73333,28
5.74167,28
5.75000,28
5.75833,28
5.76667,28
5.77500,28
5.78333,28
5.79167,28
5.80000,28
5.80833,28
5.81667,28
5.82500,28
5.83333,29
5.84167,29
5.85000,29
5.85833,29
5.86667,29
5.87500,29
5.88333,29
5.89167,29
5.90000,29
5.90833,29
5.91667,29
5.92500,29
5.93333,29
5.94167,29
5.95000,29
5.95833,29
5.96667,29
5.97500,29
5.98333,29
5.99167,29
6.00000,29
6.00833,29
6.01667,30
6.02500,29
6.03333,29
6.04167,29
6.05000,30
6.05833,29
6.06667,29
6.07500,29
6.08333,30
6.09167,30
6.10000,29
6.10833,29
6.11667,29
6.12500,29
6.13333,30
6.14167,29
6.15000,29
6.15833,29
6.16667,29
6.17500,29
6.18333,29
6.19167,30
6.20000,30
6.20833,30
6.21667,29
6.22500,29
6.23333,29
6.24167,29
6.25000,29
6.25833,30
6.26667,30
6.27500,30
6.28333,30
6.29167,29
6.30000,29
6.30833,29
6.31667,29
6.32500,30
6.33333,30
6.34167,30
6.35000,30
6.35833,30
6.36667,30
6.37500,30
6.38333,30
6.39167,30
6.40000,30
6.40833,30
6.41667,30
6.42500,30
6.43333,30
6.44167,30
6.45000,30
6.45833,30
6.46667,30
6.47500,30
6.48333,30
6.49167,30
6.50000,31
6.50833,31
6.51667,31
6.52500,31
6.53333,31
6.54167,31
6.55000,31
6.55833,30
6.56667,30
6.57500,30
6.58333,30
6.59167,30
6.60000,31
6.60833,31
6.61667,31
6.62500,31
6.63333,31
6.64167,31
6.65000,31
6.65833,31
6.66667,31
6.67500,31
6.68333,31
6.69167,31
6.70000,31
6.70833,31
6.71667,31
6.72500,31
6.73333,31
6.74167,31
6.75000,31
6.75833,31
6.76667,32
6.77500,32
6.78333,31
6.79167,31
6.80000,32
6.80833,32
6.81667,32
6.82500,33
6.83333,33
6.84167,33
6.85000,33
6.85833,33
6.86667,33
6.87500,33
6.88333,33
6.89167,33
6.90000,33
6.90833,32
6.91667,32
6.92500,32
6.93333,32
6.94167,32
6.95000,33
6.95833,33
6.96667,33
6.97500,33
6.98333,33
6.99167,33
7.00000,33
7.00833,33
7.01667,32
7.02500,33
7.03333,33
7.04167,33
7.05000,33
7.05833,33
7.06667,33
7.07500,33
7.08333,33
7.09167,33
7.10000,33
7.10833,33
7.11667,33
7.12500,33
7.13333,33
7.14167,34
7.15000,34
7.15833,34
7.16667,34
7.17500,34
7.18333,34
7.19167,34
7.20000,34
7.20833,34
7.21667,33
7.22500,33
7.23333,33
7.24167,34
7.25000,34
7.25833,34
7.26667,34
7.27500,34
7.28333,34
7.29167,34
7.30000,34
7.30833,34
7.31667,34
7.32500,34
7.33333,34
7.34167,35
7.35000,35
7.35833,35
7.36667,35
7.37500,35
7.38333,35
7.39167,35
7.40000,35
7.40833,35
7.41667,35
7.42500,35
7.43333,35
7.44167,35
7.45000,35
7.45833,35
7.46667,35
7.47500,35
7.48333,35
7.49167,35
7.50000,35
7.50833,35
7.51667,36
7.52500,36
7.53333,36
7.54167,36
7.55000,36
7.55833,36
7.56667,36
7.57500,36
7.58333,36
7.59167,36
7.60000,36
7.60833,36
7.61667,36
7.62500,36
7.63333,36
7.64167,36
7.65000,37
7.65833,37
7.66667,37
7.67500,37
7.68333,37
7.69167,37
7.70000,37
7.70833,37
7.71667,37
7.72500,37
7.73333,37
7.74167,37
7.75000,37
7.75833,37
7.76667,38
7.77500,39
7.78333,39
7.79167,38
7.80000,38
7.80833,38
7.81667,38
7.82500,37
7.83333,38
7.84167,38
7.85000,38
7.85833,38
7.86667,38
7.87500,38
7.88333,38
7.89167,38
7.90000,38
7.90833,38
7.91667,38
7.92500,38
7.93333,38
7.94167,39
7.95000,38
7.95833,38
7.96667,38
7.97500,38
7.98333,39
7.99167,39
8.00000,39
8.00833,39
8.01667,39
8.02500,39
8.03333,39
8.04167,39
8.05000,39
8.05833,39
8.06667,39
8.07500,38
8.08333,38
8.09167,38
8.10000,38
8.10833,39
8.11667,39
8.12500,39
8.13333,39
8.14167,39
8.15000,39
8.15833,39
8.16667,40
8.17500,40
8.18333,39
8.19167,39
8.20000,39
8.20833,39
8.21667,39
8.22500,39
8.23333,39
8.24167,38
8.25000,39
8.25833,39
8.26667,39
8.27500,39
8.28333,39
8.29167,39
8.30000,39
8.30833,40
8.31667,40
8.32500,40
8.33333,40
8.34167,41
8.35000,41
8.35833,41
8.36667,40
8.37500,40
8.38333,40
8.39167,40
8.40000,40
8.40833,40
8.41667,40
8.42500,40
8.43333,40
8.44167,40
8.45000,41
8.45833,41
8.46667,41
8.47500,41
8.48333,41
8.49167,40
8.50000,40
8.50833,40
8.51667,40
8.52500,40
8.53333,39
8.54167,40
8.55000,40
8.55833,40
8.56667,41
8.57500,41
8.58333,41
8.59167,41
8.60000,41
8.60833,41
8.61667,41
8.62500,41
8.63333,41
8.64167,41
8.65000,41
8.65833,41
8.66667,41
8.67500,40
8.68333,40
8.69167,40
8.70000,40
8.70833,41
8.71667,40
8.72500,40
8.73333,40
8.74167,40
8.75000,39
8.75833,39
8.76667,39
8.77500,40
8.78333,40
8.79167,40
8.80000,40
8.80833,40
8.81667,41
8.82500,41
8.83333,41
8.84167,41
8.85000,41
8.85833,41
8.86667,41
8.87500,41
8.88333,41
8.89167,41
8.90000,40
8.90833,40
8.91667,41
8.92500,41
8.93333,40
8.94167,40
8.95000,40
8.95833,40
8.96667,41
8.97500,41
8.98333,41
8.99167,41
9.00000,41
9.00833,41
9.01667,41
9.02500,41
9.03333,41
9.04167,41
9.05000,41
9.05833,41
9.06667,41
9.07500,41
9.08333,41
9.09167,40
9.10000,41
9.10833,41
9.11667,41
9.12500,42
9.13333,42
9.14167,42
9.15000,42
9.15833,42
9.16667,43
9.17500,43
9.18333,42
9.19167,42
9.20000,42
9.20833,42
9.21667,42
9.22500,42
9.23333,42
9.24167,42
9.25000,42
9.25833,42
9.26667,43
9.27500,43
9.28333,42
9.29167,42
9.30000,42
9.30833,42
9.31667,42
9.32500,42
9.33333,42
9.34167,42
9.35000,43
9.35833,43
9.36667,43
9.37500,43
9.38333,43
9.39167,43
9.40000,43
9.40833,43
9.41667,43
9.42500,44
9.43333,43
9.44167,43
9.45000,43
9.45833,44
9.46667,44
9.47500,44
9.48333,44
9.49167,44
9.50000,44
9.50833,44
9.51667,44
9.52500,44
9.53333,44
9.54167,43
9.55000,44
9.55833,44
9.56667,44
9.57500,44
9.58333,44
9.59167,44
9.60000,44
9.60833,44
9.61667,44
9.62500,44
9.63333,44
9.64167,44
9.65000,44
9.65833,44
9.66667,44
9.67500,44
9.68333,44
9.69167,44
9.70000,44
9.70833,44
9.71667,44
9.72500,45
9.73333,45
9.74167,45
9.75000,46
9.75833,45
9.76667,45
9.77500,45
9.78333,45
9.79167,45
9.80000,45
9.80833,45
9.81667,45
9.82500,46
9.83333,46
9.84167,46
9.85000,46
9.85833,46
9.86667,46
9.87500,46
9.88333,46
9.89167,46
9.90000,46
9.90833,46
9.91667,46
9.92500,46
9.93333,46
9.94167,47
9.95000,47
9.95833,47
9.96667,47
9.97500,47
9.98333,47
9.99167,48
10.00000,48
10.00833,49
10.01667,49
10.02500,49
10.03333,50
10.04167,50
10.05000,51
10.05833,51
10.06667,52
10.07500,52
10.08333,53
10.09167,53
10.10000,54
10.10833,54
10.11667,54
10.12500,55
10.13333,56
10.14167,56
10.15000,57
10.15833,58
10.16667,59
10.17500,60
10.18333,61
10.19167,62
10.20000,63
10.20833,64
10.21667,64
10.22500,65
10.23333,65
10.24167,66
10.25000,66
10.25833,67
10.26667,68
10.27500,68
10.28333,69
10.29167,69
10.30000,69
10.30833,69
10.31667,69
10.32500,69
10.33333,69
10.34167,69
10.35000,69
10.35833,70
10.36667,70
10.37500,70
10.38333,70
10.39167,70
10.40000,69
10.40833,69
10.41667,69
10.42500,69
10.43333,69
10.44167,69
10.45000,69
10.45833,69
10.46667,69
10.47500,70
10.48333,70
10.49167,72
10.50000,73
10.50833,75
10.51667,79
10.52500,83
10.53333,88
10.54167,96
10.55000,106
10.55833,119
10.56667,135
10.57500,156
10.58333,181
10.59167,214
10.60000,254
10.60833,302
10.61667,362
10.62500,432
10.63333,516
10.64167,615
10.65000,731
10.65833,866
10.66667,1022
10.67500,1199
10.68333,1401
10.69167,1628
10.70000,1883
10.70833,2166
10.71667,2477
10.72500,2819
10.73333,3191
10.74167,3594
10.75000,4027
10.75833,4489
10.76667,4979
10.77500,5494
10.78333,6033
10.79167,6591
10.80000,7166
10.80833,7752
10.81667,8345
10.82500,8938
10.83333,9524
10.84167,10098
10.85000,10652
10.85833,11178
10.86667,11668
10.87500,12115
10.88333,12510
10.89167,12848
10.90000,13121
10.90833,13325
10.91667,13454
10.92500,13505
10.93333,13476
10.94167,13367
10.95000,13180
10.95833,12917
10.96667,12583
10.97500,12183
10.98333,11724
10.99167,11215
11.00000,10665
11.00833,10082
11.01667,9477
11.02500,8858
11.03333,8235
11.04167,7616
11.05000,7007
11.05833,6417
11.06667,5850
11.07500,5311
11.08333,4803
11.09167,4329
11.10000,3889
11.10833,3484
11.11667,3113
11.12500,2776
11.13333,2471
11.14167,2196
11.15000,1949
11.15833,1729
11.16667,1532
11.17500,1357
11.18333,1202
11.19167,1064
11.20000,942
11.20833,833
11.21667,737
11.22500,651
11.23333,575
11.24167,507
11.25000,447
11.25833,394
11.26667,347
11.27500,305
11.28333,268
11.29167,235
11.30000,206
11.30833,180
11.31667,157
11.32500,137
11.33333,120
11.34167,104
11.35000,90
11.35833,78
11.36667,67
11.37500,58
11.38333,50
11.39167,43
11.40000,37
11.40833,31
11.41667,26
11.42500,22
11.43333,18
11.44167,15
11.45000,13
11.45833,10
11.46667,8
11.47500,6
11.48333,5
11.49167,3
11.50000,2
11.50833,1
11.51667,-0
11.52500,-2
11.53333,-2
11.54167,-3
11.55000,-4
11.55833,-4
11.56667,-4
11.57500,-4
11.58333,-5
11.59167,-5
11.60000,-5
11.60833,-5
11.61667,-4
11.62500,-4
11.63333,-3
11.64167,-3
11.65000,-2
11.65833,-2
11.66667,-1
11.67500,-1
11.68333,0
11.69167,1
11.70000,3
11.70833,4
11.71667,5
11.72500,6
11.73333,7
11.74167,8
11.75000,10
11.75833,11
11.76667,13
11.77500,14
11.78333,15
11.79167,16
11.80000,17
11.80833,19
11.81667,20
11.82500,21
11.83333,22
11.84167,23
11.85000,24
11.85833,25
11.86667,25
11.87500,26
11.88333,27
11.89167,28
11.90000,29
11.90833,29
11.91667,30
11.92500,31
11.93333,32
11.94167,33
11.95000,34
11.95833,35
11.96667,36
11.97500,37
11.98333,38
11.99167,39
12.00000,39
12.00833,40
12.01667,40
12.02500,41
12.03333,42
12.04167,43
12.05000,44
12.05833,45
12.06667,45
12.07500,46
12.08333,46
12.09167,47
12.10000,48
12.10833,49
12.11667,49
12.12500,49
12.13333,50
12.14167,51
12.15000,51
12.15833,52
12.16667,53
12.17500,54
12.18333,55
12.19167,56
12.20000,56
12.20833,57
12.21667,57
12.22500,58
12.23333,59
12.24167,59
12.25000,60
12.25833,61
12.26667,62
12.27500,62
12.28333,63
12.29167,64
12.30000,64
12.30833,65
12.31667,66
12.32500,67
12.33333,68
12.34167,69
12.35000,70
12.35833,71
12.36667,71
12.37500,71
12.38333,72
12.39167,73
12.40000,73
12.40833,74
12.41667,75
12.42500,76
12.43333,76
12.44167,77
12.45000,78
12.45833,78
12.46667,79
12.47500,79
12.48333,79
12.49167,80
12.50000,80
12.50833,80
12.51667,81
12.52500,81
12.53333,81
12.54167,82
12.55000,82
12.55833,82
12.56667,83
12.57500,83
12.58333,84
12.59167,84
12.60000,85
12.60833,85
12.61667,86
12.62500,87
12.63333,88
12.64167,90
12.65000,92
12.65833,95
12.66667,98
12.67500,102
12.68333,107
12.69167,113
12.70000,121
12.70833,130
12.71667,141
12.72500,154
12.73333,170
12.74167,189
12.75000,211
12.75833,236
12.76667,266
12.77500,299
12.78333,338
12.79167,381
12.80000,430
12.80833,485
12.81667,545
12.82500,611
12.83333,684
12.84167,762
12.85000,848
12.85833,940
12.86667,1039
12.87500,1145
12.88333,1257
12.89167,1376
12.90000,1501
12.90833,1633
12.91667,1771
12.92500,1916
12.93333,2067
12.94167,2223
12.95000,2386
12.95833,2553
12.96667,2726
12.97500,2905
12.98333,3088
12.99167,3276
13.00000,3469
13.00833,3666
13.01667,3867
13.02500,4073
13.03333,4284
13.04167,4497
13.05000,4715
13.05833,4936
13.06667,5160
13.07500,5388
13.08333,5620
13.09167,5854
13.10000,6092
13.10833,6333
13.11667,6577
13.12500,6824
13.13333,7073
13.14167,7326
13.15000,7581
13.15833,7839
13.16667,8100
13.17500,8363
13.18333,8628
13.19167,8896
13.20000,9166
13.20833,9439
13.21667,9714
13.22500,9991
13.23333,10271
13.24167,10552
13.25000,10837
13.25833,11124
13.26667,11413
13.27500,11704
13.28333,11998
13.29167,12294
13.30000,12591
13.30833,12891
13.31667,13194
13.32500,13498
13.33333,13805
13.34167,14115
13.35000,14426
13.35833,14739
13.36667,15055
13.37500,15373
13.38333,15693
13.39167,16016
13.40000,16341
13.40833,16668
13.41667,16997
13.42500,17328
13.43333,17662
13.44167,17998
13.45000,18336
13.45833,18677
13.46667,19020
13.47500,19366
13.48333,19713
13.49167,20063
13.50000,20416
13.50833,20771
13.51667,21128
13.52500,21487
13.53333,21849
13.54167,22213
13.55000,22580
13.55833,22950
13.56667,23322
13.57500,23696
13.58333,24073
13.59167,24453
13.60000,24835
13.60833,25219
13.61667,25607
13.62500,25997
13.63333,26390
13.64167,26785
13.65000,27182
13.65833,27582
13.66667,27986
13.67500,28391
13.68333,28800
13.69167,29211
13.70000,29625
13.70833,30041
13.71667,30461
13.72500,30883
13.73333,31308
13.74167,31736
13.75000,32167
13.75833,32600
13.76667,33037
13.77500,33476
13.78333,33919
13.79167,34364
13.80000,34812
13.80833,35263
13.81667,35717
13.82500,36174
13.83333,36634
13.84167,37096
13.85000,37560
13.85833,38027
13.86667,38494
13.87500,38962
13.88333,39427
13.89167,39885
13.90000,40331
13.90833,40755
13.91667,41146
13.92500,41486
13.93333,41757
13.94167,41934
13.95000,41993
13.95833,41905
13.96667,41646
13.97500,41191
13.98333,40523
13.99167,39632
14.00000,38513
14.00833,37175
14.01667,35632
14.02500,33910
14.03333,32039
14.04167,30055
14.05000,27998
14.05833,25907
14.06667,23819
14.07500,21769
14.08333,19789
14.09167,17901
14.10000,16124
14.10833,14472
14.11667,12951
14.12500,11565
14.13333,10314
14.14167,9193
14.15000,8196
14.15833,7316
14.16667,6544
14.17500,5872
14.18333,5292
14.19167,4795
14.20000,4375
14.20833,4025
14.21667,3737
14.22500,3508
14.23333,3331
14.24167,3203
14.25000,3120
14.25833,3078
14.26667,3075
14.27500,3107
14.28333,3172
14.29167,3267
14.30000,3390
14.30833,3538
14.31667,3708
14.32500,3899
14.33333,4106
14.34167,4328
14.35000,4561
14.35833,4802
14.36667,5048
14.37500,5296
14.38333,5542
14.39167,5783
14.40000,6017
14.40833,6239
14.41667,6447
14.42500,6638
14.43333,6810
14.44167,6962
14.45000,7090
14.45833,7194
14.46667,7272
14.47500,7324
14.48333,7349
14.49167,7347
14.50000,7319
14.50833,7265
14.51667,7188
14.52500,7086
14.53333,6963
14.54167,6820
14.55000,6659
14.55833,6482
14.56667,6291
14.57500,6088
14.58333,5875
14.59167,5656
14.60000,5431
14.60833,5202
14.61667,4972
14.62500,4742
14.63333,4514
14.64167,4289
14.65000,4068
14.65833,3852
14.66667,3642
14.67500,3439
14.68333,3243
14.69167,3055
14.70000,2876
14.70833,2705
14.71667,2543
14.72500,2389
14.73333,2244
14.74167,2106
14.75000,1977
14.75833,1856
14.76667,1742
14.77500,1635
14.78333,1535
14.79167,1441
14.80000,1354
14.80833,1273
14.81667,1197
14.82500,1127
14.83333,1062
14.84167,1002
14.85000,946
14.85833,894
14.86667,845
14.87500,800
14.88333,759
14.89167,720
14.90000,684
14.90833,651
14.91667,620
14.92500,592
14.93333,566
14.94167,541
14.95000,519
14.95833,498
14.96667,479
14.97500,462
14.98333,445
14.99167,430
15.00000,417
15.00833,404
15.01667,393
15.02500,382
15.03333,373
15.04167,364
15.05000,356
15.05833,349
15.06667,343
15.07500,338
15.08333,333
15.09167,329
15.10000,326
15.10833,323
15.11667,320
15.12500,318
15.13333,316
15.14167,314
15.15000,312
15.15833,312
15.16667,311
15.17500,311
15.18333,311
15.19167,311
15.20000,311
15.20833,311
15.21667,311
15.22500,311
15.23333,311
15.24167,311
15.25000,311
15.25833,311
15.26667,311
15.27500,311
15.28333,310
15.29167,309
15.30000,308
15.30833,307
15.31667,305
15.32500,304
15.33333,302
15.34167,300
15.35000,298
15.35833,295
15.36667,293
15.37500,290
15.38333,288
15.39167,285
15.40000,281
15.40833,278
15.41667,275
15.42500,271
15.43333,268
15.44167,265
15.45000,262
15.45833,258
15.46667,255
15.47500,251
15.48333,248
15.49167,244
15.50000,241
15.50833,238
15.51667,235
15.52500,233
15.53333,230
15.54167,227
15.55000,225
15.55833,222
15.56667,220
15.57500,218
15.58333,216
15.59167,214
15.60000,212
15.60833,210
15.61667,208
15.62500,206
15.63333,204
15.64167,202
15.65000,200
15.65833,199
15.66667,198
15.67500,196
15.68333,195
15.69167,194
15.70000,192
15.70833,191
15.71667,190
15.72500,189
15.73333,188
15.74167,187
15.75000,186
15.75833,186
15.76667,185
15.77500,184
15.78333,182
15.79167,182
15.80000,181
15.80833,180
15.81667,179
15.82500,179
15.83333,178
15.84167,177
15.85000,177
15.85833,176
15.86667,175
15.87500,174
15.88333,173
15.89167,173
15.90000,172
15.90833,171
15.91667,171
15.92500,170
15.93333,170
15.94167,169
15.95000,168
15.95833,167
15.96667,167
15.97500,166
15.98333,166
15.99167,166
16.00000,165
16.00833,165
16.01667,164
16.02500,164
16.03333,164
16.04167,163
16.05000,163
16.05833,162
16.06667,162
16.07500,161
16.08333,160
16.09167,160
16.10000,160
16.10833,159
16.11667,158
16.12500,158
16.13333,157
16.14167,157
16.15000,156
16.15833,156
16.16667,156
16.17500,156
16.18333,155
16.19167,155
16.20000,154
16.20833,154
16.21667,153
16.22500,153
16.23333,153
16.24167,152
16.25000,152
16.25833,152
16.26667,151
16.27500,151
16.28333,151
16.29167,151
16.30000,151
16.30833,150
16.31667,150
16.32500,150
16.33333,150
16.34167,149
16.35000,149
16.35833,148
16.36667,148
16.37500,147
16.38333,147
16.39167,146
16.40000,146
16.40833,147
16.41667,147
16.42500,146
16.43333,146
16.44167,146
16.45000,146
16.45833,145
16.46667,145
16.47500,145
16.48333,145
16.49167,145
16.50000,145
16.50833,145
16.51667,145
16.52500,145
16.53333,145
16.54167,144
16.55000,144
16.55833,143
16.56667,143
16.57500,142
16.58333,142
16.59167,141
16.60000,141
16.60833,140
16.61667,140
16.62500,139
16.63333,139
16.64167,138
16.65000,138
16.65833,138
16.66667,137
16.67500,136
16.68333,136
16.69167,136
16.70000,136
16.70833,136
16.71667,135
16.72500,135
16.73333,135
16.74167,134
16.75000,134
16.75833,134
16.76667,133
16.77500,133
16.78333,132
16.79167,132
16.80000,132
16.80833,131
16.81667,131
16.82500,131
16.83333,131
16.84167,130
16.85000,130
16.85833,129
16.86667,129
16.87500,128
16.88333,128
16.89167,127
16.90000,127
16.90833,127
16.91667,127
16.92500,127
16.93333,127
16.94167,126
16.95000,126
16.95833,126
16.96667,126
16.97500,126
16.98333,126
16.99167,126
17.00000,125
17.00833,125
17.01667,125
17.02500,124
17.03333,124
17.04167,124
17.05000,124
17.05833,123
17.06667,123
17.07500,123
17.08333,123
17.09167,123
17.10000,123
17.10833,122
17.11667,122
17.12500,122
17.13333,121
17.14167,121
17.15000,120
17.15833,120
17.16667,120
17.17500,120
17.18333,119
17.19167,119
17.20000,119
17.20833,119
17.21667,119
17.22500,119
17.23333,118
17.24167,118
17.25000,118
17.25833,118
17.26667,118
17.27500,118
17.28333,118
17.29167,118
17.30000,118
17.30833,118
17.31667,118
17.32500,118
17.33333,118
17.34167,118
17.35000,118
17.35833,117
17.36667,117
17.37500,116
17.38333,116
17.39167,115
17.40000,116
17.40833,116
17.41667,116
17.42500,115
17.43333,115
17.44167,115
17.45000,115
17.45833,114
17.46667,113
17.47500,113
17.48333,113
17.49167,113
17.50000,113
17.50833,113
17.51667,113
17.52500,113
17.53333,113
17.54167,113
17.55000,113
17.55833,113
17.56667,113
17.57500,113
17.58333,113
17.59167,113
17.60000,113
17.60833,113
17.61667,112
17.62500,112
17.63333,112
17.64167,112
17.65000,112
17.65833,112
17.66667,112
17.67500,112
17.68333,112
17.69167,112
17.70000,111
17.70833,111
17.71667,111
17.72500,111
17.73333,111
17.74167,111
17.75000,111
17.75833,111
17.76667,111
17.77500,111
17.78333,111
17.79167,111
17.80000,111
17.80833,112
17.81667,112
17.82500,112
17.83333,111
17.84167,111
17.85000,111
17.85833,111
17.86667,111
17.87500,111
17.88333,112
17.89167,112
17.90000,112
17.90833,112
17.91667,112
17.92500,113
17.93333,112
17.94167,112
17.95000,112
17.95833,112
17.96667,112
17.97500,112
17.98333,112
17.99167,112
18.00000,112
18.00833,112
18.01667,112
18.02500,112
18.03333,112
18.04167,112
18.05000,112
18.05833,112
18.06667,111
18.07500,111
18.08333,110
18.09167,110
18.10000,110
18.10833,110
18.11667,109
18.12500,109
18.13333,109
18.14167,109
18.15000,108
18.15833,108
18.16667,108
18.17500,108
18.18333,108
18.19167,108
18.20000,108
18.20833,108
18.21667,107
18.22500,107
18.23333,107
18.24167,106
18.25000,106
18.25833,106
18.26667,105
18.27500,105
18.28333,105
18.29167,104
18.30000,104
18.30833,104
18.31667,103
18.32500,103
18.33333,103
18.34167,103
18.35000,103
18.35833,103
18.36667,103
18.37500,103
18.38333,103
18.39167,103
18.40000,103
18.40833,103
18.41667,104
18.42500,104
18.43333,104
18.44167,103
18.45000,103
18.45833,103
18.46667,103
18.47500,103
18.48333,103
18.49167,103
18.50000,103
18.50833,103
18.51667,103
18.52500,103
18.53333,103
18.54167,103
18.55000,104
18.55833,104
18.56667,104
18.57500,105
18.58333,105
18.59167,105
18.60000,105
18.60833,105
18.61667,105
18.62500,105
18.63333,105
18.64167,105
18.65000,105
18.65833,105
18.66667,105
18.67500,105
18.68333,105
18.69167,105
18.70000,105
18.70833,105
18.71667,105
18.72500,105
18.73333,105
18.74167,105
18.75000,105
18.75833,105
18.76667,105
18.77500,105
18.78333,105
18.79167,105
18.80000,106
18.80833,106
18.81667,106
18.82500,106
18.83333,107
18.84167,107
18.85000,107
18.85833,107
18.86667,108
18.87500,108
18.88333,108
18.89167,109
18.90000,109
18.90833,110
18.91667,110
18.92500,111
18.93333,111
18.94167,113
18.95000,113
18.95833,114
18.96667,116
18.97500,117
18.98333,119
18.99167,120
19.00000,121
19.00833,123
19.01667,124
19.02500,126
19.03333,128
19.04167,129
19.05000,131
19.05833,133
19.06667,135
19.07500,138
19.08333,140
19.09167,141
19.10000,143
19.10833,145
19.11667,147
19.12500,149
19.13333,151
19.14167,152
19.15000,154
19.15833,156
19.16667,157
19.17500,158
19.18333,159
19.19167,160
19.20000,160
19.20833,161
19.21667,161
19.22500,162
19.23333,162
19.24167,162
19.25000,162
19.25833,161
19.26667,161
19.27500,160
19.28333,159
19.29167,158
19.30000,157
19.30833,155
19.31667,154
19.32500,152
19.33333,151
19.34167,150
19.35000,148
19.35833,147
19.36667,145
19.37500,143
19.38333,142
19.39167,140
19.40000,138
19.40833,136
19.41667,135
19.42500,133
19.43333,131
19.44167,130
19.45000,128
19.45833,127
19.46667,125
19.47500,124
19.48333,122
19.49167,121
19.50000,119
19.50833,118
19.51667,116
19.52500,115
19.53333,114
19.54167,113
19.55000,112
19.55833,112
19.56667,111
19.57500,110
19.58333,110
19.59167,109
19.60000,108
19.60833,108
19.61667,107
19.62500,106
19.63333,106
19.64167,105
19.65000,104
19.65833,104
19.66667,104
19.67500,103
19.68333,103
19.69167,102
19.70000,102
19.70833,101
19.71667,101
19.72500,101
19.73333,101
19.74167,100
19.75000,100
19.75833,100
19.76667,100
19.77500,100
19.78333,100
19.79167,100
19.80000,100
19.80833,100
19.81667,100
19.82500,100
19.83333,100
19.84167,100
19.85000,99
19.85833,99
19.86667,99
19.87500,99
19.88333,99
19.89167,99
19.90000,99
19.90833,99
19.91667,99
19.92500,99
19.93333,98
19.94167,98
19.95000,98
19.95833,98
19.96667,99
19.97500,99
19.98333,99
19.99167,99
20.00000,99
20.00833,99
20.01667,98
20.02500,98
20.03333,99
20.04167,99
20.05000,99
20.05833,99
20.06667,99
20.07500,99
20.08333,98
20.09167,98
20.10000,98
20.10833,98
20.11667,98
20.12500,98
20.13333,99
20.14167,99
20.15000,99
20.15833,99
20.16667,99
20.17500,98
20.18333,98
20.19167,98
20.20000,98
20.20833,98
20.21667,99
20.22500,99
20.23333,99
20.24167,99
20.25000,99
20.25833,100
20.26667,100
20.27500,100
20.28333,99
20.29167,99
20.30000,99
20.30833,99
20.31667,99
20.32500,99
20.33333,99
20.34167,99
20.35000,99
20.35833,99
20.36667,99
20.37500,99
20.38333,99
20.39167,99
20.40000,99
20.40833,99
20.41667,99
20.42500,99
20.43333,99
20.44167,99
20.45000,98
20.45833,98
20.46667,98
20.47500,99
20.48333,99
20.49167,99
20.50000,99
20.50833,99
20.51667,99
20.52500,99
20.53333,99
20.54167,99
20.55000,99
20.55833,100
20.56667,100
20.57500,100
20.58333,100
20.59167,100
20.60000,100
20.60833,100
20.61667,100
20.62500,100
20.63333,100
20.64167,100
20.65000,100
20.65833,100
20.66667,100
20.67500,100
20.68333,101
20.69167,101
20.70000,101
20.70833,101
20.71667,102
20.72500,102
20.73333,102
20.74167,102
20.75000,103
20.75833,103
20.76667,103
20.77500,103
20.78333,103
20.79167,103
20.80000,103
20.80833,103
20.81667,103
20.82500,103
20.83333,103
20.84167,103
20.85000,103
20.85833,104
20.86667,104
20.87500,105
20.88333,105
20.89167,105
20.90000,105
20.90833,105
20.91667,105
20.92500,106
20.93333,106
20.94167,107
20.95000,107
20.95833,108
20.96667,108
20.97500,108
20.98333,109
20.99167,109
21.00000,110
21.00833,110
21.01667,111
21.02500,111
21.03333,112
21.04167,112
21.05000,113
21.05833,114
21.06667,114
21.07500,115
21.08333,115
21.09167,116
21.10000,117
21.10833,117
21.11667,118
21.12500,119
21.13333,120
21.14167,121
21.15000,122
21.15833,123
21.16667,124
21.17500,125
21.18333,126
21.19167,127
21.20000,128
21.20833,128
21.21667,129
21.22500,129
21.23333,130
21.24167,130
21.25000,131
21.25833,131
21.26667,132
21.27500,132
21.28333,132
21.29167,132
21.30000,132
21.30833,132
21.31667,132
21.32500,132
21.33333,132
21.34167,131
21.35000,131
21.35833,131
21.36667,131
21.37500,131
21.38333,131
21.39167,131
21.40000,130
21.40833,129
21.41667,128
21.42500,127
21.43333,126
21.44167,125
21.45000,124
21.45833,124
21.46667,123
21.47500,122
21.48333,121
21.49167,120
21.50000,120
21.50833,119
21.51667,119
21.52500,118
21.53333,118
21.54167,117
21.55000,117
21.55833,116
21.56667,115
21.57500,114
21.58333,114
21.59167,113
21.60000,113
21.60833,112
21.61667,112
21.62500,111
21.63333,111
21.64167,110
21.65000,109
21.65833,109
21.66667,108
21.67500,108
21.68333,108
21.69167,107
21.70000,107
21.70833,106
21.71667,106
21.72500,106
21.73333,105
21.74167,105
21.75000,105
21.75833,105
21.76667,104
21.77500,104
21.78333,104
21.79167,104
21.80000,104
21.80833,104
21.81667,104
21.82500,104
21.83333,104
21.84167,104
21.85000,104
21.85833,104
21.86667,104
21.87500,104
21.88333,104
21.89167,103
21.90000,103
21.90833,103
21.91667,103
21.92500,103
21.93333,103
21.94167,103
21.95000,103
21.95833,103
21.96667,103
21.97500,103
21.98333,102
21.99167,102
22.00000,102
22.00833,102
22.01667,102
22.02500,102
22.03333,102
22.04167,102
22.05000,102
22.05833,102
22.06667,102
22.07500,102
22.08333,102
22.09167,102
22.10000,102
22.10833,103
22.11667,103
22.12500,103
22.13333,103
22.14167,102
22.15000,102
22.15833,103
22.16667,103
22.17500,103
22.18333,103
22.19167,103
22.20000,103
22.20833,103
22.21667,103
22.22500,103
22.23333,103
22.24167,103
22.25000,104
22.25833,104
22.26667,104
22.27500,104
22.28333,104
22.29167,104
22.30000,103
22.30833,103
22.31667,103
22.32500,103
22.33333,104
22.34167,104
22.35000,104
22.35833,104
22.36667,104
22.37500,104
22.38333,103
22.39167,103
22.40000,104
22.40833,104
22.41667,104
22.42500,104
22.43333,105
22.44167,104
22.45000,104
22.45833,104
22.46667,105
22.47500,105
22.48333,106
22.49167,106
22.50000,106
22.50833,106
22.51667,105
22.52500,105
22.53333,105
22.54167,105
22.55000,105
22.55833,106
22.56667,106
22.57500,106
22.58333,106
22.59167,106
22.60000,106
22.60833,106
22.61667,106
22.62500,106
22.63333,106
22.64167,107
22.65000,107
22.65833,107
22.66667,108
22.67500,108
22.68333,108
22.69167,108
22.70000,108
22.70833,109
22.71667,109
22.72500,109
22.73333,110
22.74167,110
22.75000,110
22.75833,110
22.76667,110
22.77500,111
22.78333,111
22.79167,112
22.80000,113
22.80833,113
22.81667,114
22.82500,114
22.83333,115
22.84167,116
22.85000,117
22.85833,118
22.86667,119
22.87500,119
22.88333,120
22.89167,121
22.90000,122
22.90833,123
22.91667,123
22.92500,124
22.93333,124
22.94167,125
22.95000,126
22.95833,127
22.96667,128
22.97500,128
22.98333,129
22.99167,129
23.00000,129
23.00833,130
23.01667,130
23.02500,130
23.03333,131
23.04167,131
23.05000,131
23.05833,131
23.06667,131
23.07500,130
23.08333,130
23.09167,130
23.10000,130
23.10833,130
23.11667,130
23.12500,130
23.13333,130
23.14167,130
23.15000,130
23.15833,130
23.16667,129
23.17500,128
23.18333,127
23.19167,127
23.20000,126
23.20833,125
23.21667,125
23.22500,124
23.23333,124
23.24167,123
23.25000,123
23.25833,122
23.26667,121
23.27500,121
23.28333,120
23.29167,120
23.30000,119
23.30833,118
23.31667,117
23.32500,117
23.33333,116
23.34167,116
23.35000,115
23.35833,115
23.36667,115
23.37500,114
23.38333,114
23.39167,113
23.40000,113
23.40833,112
23.41667,112
23.42500,112
23.43333,112
23.44167,111
23.45000,111
23.45833,111
23.46667,111
23.47500,111
23.48333,111
23.49167,111
23.50000,111
23.50833,110
23.51667,110
23.52500,110
23.53333,109
23.54167,109
23.55000,109
23.55833,109
23.56667,109
23.57500,109
23.58333,110
23.59167,110
23.60000,110
23.60833,110
23.61667,110
23.62500,110
23.63333,110
23.64167,110
23.65000,110
23.65833,109
23.66667,109
23.67500,109
23.68333,109
23.69167,109
23.70000,109
23.70833,110
23.71667,110
23.72500,110
23.73333,110
23.74167,110
23.75000,110
23.75833,110
23.76667,110
23.77500,110
23.78333,110
23.79167,110
23.80000,111
23.80833,111
23.81667,111
23.82500,110
23.83333,110
23.84167,111
23.85000,111
23.85833,111
23.86667,112
23.87500,112
23.88333,112
23.89167,112
23.90000,113
23.90833,113
23.91667,113
23.92500,113
23.93333,113
23.94167,113
23.95000,113
23.95833,113
23.96667,114
23.97500,114
23.98333,114
23.99167,114
24.00000,114
24.00833,115
24.01667,115
24.02500,115
24.03333,115
24.04167,115
24.05000,115
24.05833,116
24.06667,116
24.07500,116
24.08333,116
24.09167,116
24.10000,116
24.10833,116
24.11667,116
24.12500,116
24.13333,116
24.14167,116
24.15000,116
24.15833,116
24.16667,116
24.17500,117
24.18333,117
24.19167,117
24.20000,117
24.20833,116
24.21667,116
24.22500,116
24.23333,116
24.24167,116
24.25000,116
24.25833,116
24.26667,116
24.27500,116
24.28333,116
24.29167,116
24.30000,116
24.30833,116
24.31667,116
24.32500,117
24.33333,117
24.34167,117
24.35000,118
24.35833,119
24.36667,119
24.37500,120
24.38333,121
24.39167,123
24.40000,124
24.40833,126
24.41667,128
24.42500,130
24.43333,133
24.44167,135
24.45000,138
24.45833,141
24.46667,145
24.47500,149
24.48333,154
24.49167,160
24.50000,167
24.50833,174
24.51667,181
24.52500,190
24.53333,200
24.54167,211
24.55000,224
24.55833,239
24.56667,255
24.57500,273
24.58333,294
24.59167,316
24.60000,342
24.60833,370
24.61667,401
24.62500,435
24.63333,474
24.64167,516
24.65000,562
24.65833,613
24.66667,670
24.67500,731
24.68333,799
24.69167,873
24.70000,954
24.70833,1041
24.71667,1136
24.72500,1239
24.73333,1349
24.74167,1469
24.75000,1597
24.75833,1734
24.76667,1880
24.77500,2037
24.78333,2203
24.79167,2379
24.80000,2565
24.80833,2761
24.81667,2967
24.82500,3183
24.83333,3409
24.84167,3645
24.85000,3890
24.85833,4143
24.86667,4405
24.87500,4673
24.88333,4949
24.89167,5231
24.90000,5517
24.90833,5809
24.91667,6103
24.92500,6401
24.93333,6699
24.94167,6997
24.95000,7293
24.95833,7587
24.96667,7877
24.97500,8161
24.98333,8440
24.99167,8710
25.00000,8970
25.00833,9220
25.01667,9459
25.02500,9684
25.03333,9895
25.04167,10090
25.05000,10270
25.05833,10433
25.06667,10577
25.07500,10704
25.08333,10810
25.09167,10898
25.10000,10965
25.10833,11012
25.11667,11039
25.12500,11046
25.13333,11032
25.14167,10999
25.15000,10946
25.15833,10874
25.16667,10784
25.17500,10676
25.18333,10550
25.19167,10408
25.20000,10250
25.20833,10078
25.21667,9892
25.22500,9693
25.23333,9483
25.24167,9262
25.25000,9032
25.25833,8794
25.26667,8549
25.27500,8298
25.28333,8042
25.29167,7781
25.30000,7518
25.30833,7253
25.31667,6988
25.32500,6722
25.33333,6457
25.34167,6194
25.35000,5934
25.35833,5678
25.36667,5426
25.37500,5177
25.38333,4934
25.39167,4697
25.40000,4465
25.40833,4240
25.41667,4022
25.42500,3811
25.43333,3607
25.44167,3411
25.45000,3222
25.45833,3041
25.46667,2867
25.47500,2700
25.48333,2542
25.49167,2391
25.50000,2247
25.50833,2110
25.51667,1981
25.52500,1859
25.53333,1743
25.54167,1634
25.55000,1531
25.55833,1435
25.56667,1344
25.57500,1260
25.58333,1180
25.59167,1106
25.60000,1037
25.60833,972
25.61667,911
25.62500,855
25.63333,803
25.64167,754
25.65000,708
25.65833,666
25.66667,628
25.67500,592
25.68333,559
25.69167,529
25.70000,500
25.70833,474
25.71667,450
25.72500,428
25.73333,408
25.74167,389
25.75000,372
25.75833,355
25.76667,341
25.77500,327
25.78333,315
25.79167,303
25.80000,293
25.80833,284
25.81667,275
25.82500,267
25.83333,259
25.84167,252
25.85000,246
25.85833,241
25.86667,236
25.87500,231
25.88333,226
25.89167,222
25.90000,218
25.90833,214
25.91667,211
25.92500,208
25.93333,205
25.94167,202
25.95000,200
25.95833,198
25.96667,195
25.97500,193
25.98333,191
25.99167,189
26.00000,187
26.00833,186
26.01667,185
26.02500,183
26.03333,182
26.04167,180
26.05000,179
26.05833,178
26.06667,177
26.07500,176
26.08333,175
26.09167,174
26.10000,173
26.10833,172
26.11667,171
26.12500,170
26.13333,169
26.14167,169
26.15000,169
26.15833,168
26.16667,168
26.17500,167
26.18333,167
26.19167,166
26.20000,166
26.20833,165
26.21667,165
26.22500,165
26.23333,164
26.24167,164
26.25000,163
26.25833,163
26.26667,163
26.27500,163
26.28333,162
26.29167,162
26.30000,161
26.30833,161
26.31667,160
26.32500,160
26.33333,159
26.34167,159
26.35000,159
26.35833,158
26.36667,158
26.37500,157
26.38333,157
26.39167,156
26.40000,156
26.40833,155
26.41667,155
26.42500,155
26.43333,155
26.44167,155
26.45000,155
26.45833,154
26.46667,154
26.47500,154
26.48333,154
26.49167,154
26.50000,154
26.50833,153
26.51667,153
26.52500,153
26.53333,153
26.54167,152
26.55000,152
26.55833,151
26.56667,151
26.57500,151
26.58333,150
26.59167,150
26.60000,150
26.60833,150
26.61667,149
26.62500,149
26.63333,149
26.64167,149
26.65000,148
26.65833,148
26.66667,148
26.67500,148
26.68333,147
26.69167,147
26.70000,147
26.70833,147
26.71667,147
26.72500,147
26.73333,147
26.74167,147
26.75000,146
26.75833,146
26.76667,146
26.77500,146
26.78333,146
26.79167,146
26.80000,146
26.80833,146
26.81667,145
26.82500,145
26.83333,145
26.84167,145
26.85000,145
26.85833,145
26.86667,145
26.87500,145
26.88333,145
26.89167,145
26.90000,144
26.90833,144
26.91667,144
26.92500,144
26.93333,144
26.94167,144
26.95000,143
26.95833,144
26.96667,144
26.97500,143
26.98333,143
26.99167,143
27.00000,143
27.00833,143
27.01667,143
27.02500,143
27.03333,143
27.04167,143
27.05000,143
27.05833,143
27.06667,142
27.07500,143
27.08333,143
27.09167,143
27.10000,142
27.10833,142
27.11667,142
27.12500,141
27.13333,141
27.14167,141
27.15000,142
27.15833,142
27.16667,142
27.17500,142
27.18333,142
27.19167,142
27.20000,142
27.20833,142
27.21667,142
27.22500,142
27.23333,142
27.24167,142
27.25000,142
27.25833,142
27.26667,142
27.27500,142
27.28333,142
27.29167,142
27.30000,142
27.30833,141
27.31667,141
27.32500,141
27.33333,141
27.34167,140
27.35000,140
27.35833,140
27.36667,140
27.37500,141
27.38333,141
27.39167,141
27.40000,140
27.40833,140
27.41667,140
27.42500,140
27.43333,140
27.44167,140
27.45000,140
27.45833,140
27.46667,139
27.47500,139
27.48333,138
27.49167,138
27.50000,138
27.50833,138
27.51667,138
27.52500,138
27.53333,137
27.54167,137
27.55000,137
27.55833,137
27.56667,137
27.57500,136
27.58333,136
27.59167,136
27.60000,135
27.60833,135
27.61667,134
27.62500,134
27.63333,133
27.64167,133
27.65000,132
27.65833,132
27.66667,131
27.67500,131
27.68333,130
27.69167,129
27.70000,129
27.70833,128
27.71667,127
27.72500,126
27.73333,124
27.74167,123
27.75000,121
27.75833,120
27.76667,118
27.77500,117
27.78333,115
27.79167,113
27.80000,112
27.80833,110
27.81667,108
27.82500,106
27.83333,105
27.84167,103
27.85000,101
27.85833,99
27.86667,96
27.87500,94
27.88333,92
27.89167,89
27.90000,86
27.90833,84
27.91667,81
27.92500,78
27.93333,75
27.94167,72
27.95000,68
27.95833,65
27.96667,62
27.97500,59
27.98333,55
27.99167,52
28.00000,49
28.00833,46
28.01667,43
28.02500,40
28.03333,37
28.04167,34
28.05000,31
28.05833,27
28.06667,24
28.07500,21
28.08333,18
28.09167,15
28.10000,12
28.10833,10
28.11667,7
28.12500,5
28.13333,2
28.14167,-0
28.15000,-3
28.15833,-5
28.16667,-6
28.17500,-7
28.18333,-9
28.19167,-11
28.20000,-12
28.20833,-13
28.21667,-14
28.22500,-14
28.23333,-15
28.24167,-15
28.25000,-15
28.25833,-16
28.26667,-15
28.27500,-15
28.28333,-15
28.29167,-14
28.30000,-13
28.30833,-12
28.31667,-11
28.32500,-10
28.33333,-9
28.34167,-7
28.35000,-5
28.35833,-3
28.36667,-2
28.37500,0
28.38333,2
28.39167,5
28.40000,7
28.40833,9
28.41667,12
28.42500,14
28.43333,16
28.44167,19
28.45000,22
28.45833,24
28.46667,27
28.47500,29
28.48333,32
28.49167,35
28.50000,37
28.50833,40
28.51667,43
28.52500,45
28.53333,48
28.54167,51
28.55000,53
28.55833,56
28.56667,59
28.57500,62
28.58333,64
28.59167,66
28.60000,68
28.60833,70
28.61667,73
28.62500,75
28.63333,77
28.64167,80
28.65000,82
28.65833,84
28.66667,86
28.67500,88
28.68333,89
28.69167,91
28.70000,92
28.70833,94
28.71667,95
28.72500,97
28.73333,98
28.74167,100
28.75000,102
28.75833,103
28.76667,104
28.77500,105
28.78333,106
28.79167,107
28.80000,108
28.80833,109
28.81667,110
28.82500,111
28.83333,112
28.84167,113
28.85000,114
28.85833,115
28.86667,115
28.87500,116
28.88333,116
28.89167,117
28.90000,117
28.90833,117
28.91667,118
28.92500,118
28.93333,119
28.94167,119
28.95000,120
28.95833,121
28.96667,121
28.97500,122
28.98333,122
28.99167,122
29.00000,122
29.00833,123
29.01667,123
29.02500,123
29.03333,124
29.04167,124
29.05000,124
29.05833,124
29.06667,125
29.07500,125
29.08333,125
29.09167,126
29.10000,126
29.10833,126
29.11667,126
29.12500,127
29.13333,127
29.14167,127
29.15000,127
29.15833,127
29.16667,127
29.17500,127
29.18333,127
29.19167,127
29.20000,127
29.20833,127
29.21667,127
29.22500,127
29.23333,127
29.24167,127
29.25000,127
29.25833,127
29.26667,127
29.27500,127
29.28333,128
29.29167,128
29.30000,128
29.30833,128
29.31667,128
29.32500,128
29.33333,127
29.34167,127
29.35000,127
29.35833,127
29.36667,126
29.37500,126
29.38333,126
29.39167,125
29.40000,125
29.40833,124
29.41667,124
29.42500,124
29.43333,123
29.44167,123
29.45000,122
29.45833,121
29.46667,121
29.47500,120
29.48333,120
29.49167,119
29.50000,119
29.50833,118
29.51667,117
29.52500,116
29.53333,116
29.54167,115
29.55000,114
29.55833,113
29.56667,112
29.57500,112
29.58333,111
29.59167,110
29.60000,109
29.60833,109
29.61667,107
29.62500,106
29.63333,105
29.64167,104
29.65000,103
29.65833,102
29.66667,101
29.67500,100
29.68333,99
29.69167,97
29.70000,96
29.70833,95
29.71667,94
29.72500,92
29.73333,91
29.74167,90
29.75000,89
29.75833,88
29.76667,87
29.77500,86
29.78333,85
29.79167,84
29.80000,83
29.80833,81
29.81667,80
29.82500,79
29.83333,79
29.84167,78
29.85000,77
29.85833,76
29.86667,75
29.87500,74
29.88333,74
29.89167,73
29.90000,72
29.90833,72
29.91667,71
29.92500,71
29.93333,71
29.94167,70
29.95000,70
29.95833,70
29.96667,69
29.97500,69
29.98333,69
29.99167,70
30.00000,70
30.00833,70
30.01667,71
30.02500,71
30.03333,71
30.04167,72
30.05000,72
30.05833,72
30.06667,73
30.07500,73
30.08333,74
30.09167,74
30.10000,75
30.10833,75
30.11667,76
30.12500,77
30.13333,78
30.14167,79
30.15000,80
30.15833,81
30.16667,81
30.17500,82
30.18333,83
30.19167,84
30.20000,85
30.20833,86
30.21667,88
30.22500,89
30.23333,90
30.24167,91
30.25000,91
30.25833,93
30.26667,94
30.27500,95
30.28333,96
30.29167,97
30.30000,98
30.30833,99
30.31667,100
30.32500,100
30.33333,101
30.34167,102
30.35000,102
30.35833,103
30.36667,104
30.37500,104
30.38333,105
30.39167,106
30.40000,106
30.40833,107
30.41667,108
30.42500,109
30.43333,110
30.44167,111
30.45000,112
30.45833,112
30.46667,112
30.47500,112
30.48333,113
30.49167,113
30.50000,113
30.50833,113
30.51667,114
30.52500,114
30.53333,115
30.54167,115
30.55000,115
30.55833,115
30.56667,115
30.57500,115
30.58333,115
30.59167,115
30.60000,114
30.60833,114
30.61667,114
30.62500,114
30.63333,114
30.64167,114
30.65000,114
30.65833,114
30.66667,114
30.67500,114
30.68333,114
30.69167,113
30.70000,113
30.70833,113
30.71667,113
30.72500,112
30.73333,111
30.74167,111
30.75000,110
30.75833,110
30.76667,110
30.77500,109
30.78333,109
30.79167,108
30.80000,108
30.80833,108
30.81667,108
30.82500,108
30.83333,107
30.84167,107
30.85000,107
30.85833,107
30.86667,107
30.87500,107
30.88333,107
30.89167,107
30.90000,107
30.90833,106
30.91667,106
30.92500,106
30.93333,106
30.94167,106
30.95000,106
30.95833,106
30.96667,106
30.97500,106
30.98333,106
30.99167,106
31.00000,106
31.00833,107
31.01667,107
31.02500,108
31.03333,108
31.04167,108
31.05000,109
31.05833,109
31.06667,110
31.07500,110
31.08333,111
31.09167,111
31.10000,112
31.10833,112
31.11667,113
31.12500,114
31.13333,114
31.14167,114
31.15000,115
31.15833,115
31.16667,116
31.17500,117
31.18333,117
31.19167,118
31.20000,119
31.20833,119
31.21667,120
31.22500,121
31.23333,121
31.24167,121
31.25000,122
31.25833,122
31.26667,122
31.27500,123
31.28333,123
31.29167,124
31.30000,124
31.30833,125
31.31667,125
31.32500,126
31.33333,127
31.34167,127
31.35000,128
31.35833,128
31.36667,129
31.37500,129
31.38333,129
31.39167,129
31.40000,129
31.40833,129
31.41667,130
31.42500,130
31.43333,130
31.44167,131
31.45000,131
31.45833,131
31.46667,132
31.47500,132
31.48333,133
31.49167,133
31.50000,133
31.50833,133
31.51667,133
31.52500,134
31.53333,134
31.54167,134
31.55000,134
31.55833,134
31.56667,134
31.57500,134
31.58333,134
31.59167,134
31.60000,134
31.60833,134
31.61667,133
31.62500,134
31.63333,133
31.64167,133
31.65000,133
31.65833,134
31.66667,134
31.67500,134
31.68333,134
31.69167,134
31.70000,133
31.70833,133
31.71667,133
31.72500,133
31.73333,133
31.74167,133
31.75000,133
31.75833,133
31.76667,133
31.77500,133
31.78333,133
31.79167,133
31.80000,133
31.80833,133
31.81667,133
31.82500,133
31.83333,133
31.84167,133
31.85000,133
31.85833,133
31.86667,134
31.87500,134
31.88333,134
31.89167,134
31.90000,134
31.90833,134
31.91667,134
31.92500,134
31.93333,134
31.94167,134
31.95000,134
31.95833,134
31.96667,134
31.97500,133
31.98333,133
31.99167,133
32.00000,134
32.00833,134
32.01667,134
32.02500,134
32.03333,134
32.04167,134
32.05000,133
32.05833,133
32.06667,133
32.07500,133
32.08333,134
32.09167,134
32.10000,133
32.10833,134
32.11667,134
32.12500,134
32.13333,134
32.14167,135
32.15000,135
32.15833,135
32.16667,135
32.17500,135
32.18333,135
32.19167,134
32.20000,134
32.20833,134
32.21667,135
32.22500,134
32.23333,134
32.24167,134
32.25000,134
32.25833,134
32.26667,134
32.27500,134
32.28333,134
32.29167,134
32.30000,134
32.30833,135
32.31667,135
32.32500,135
32.33333,135
32.34167,135
32.35000,134
32.35833,134
32.36667,134
32.37500,134
32.38333,134
32.39167,134
32.40000,135
32.40833,135
32.41667,135
32.42500,135
32.43333,135
32.44167,135
32.45000,135
32.45833,135
32.46667,135
32.47500,135
32.48333,135
32.49167,135
32.50000,135
32.50833,136
32.51667,136
32.52500,136
32.53333,135
32.54167,135
32.55000,135
32.55833,135
32.56667,136
32.57500,136
32.58333,136
32.59167,136
32.60000,136
32.60833,136
32.61667,136
32.62500,136
32.63333,136
32.64167,135
32.65000,135
32.65833,135
32.66667,135
32.67500,135
32.68333,135
32.69167,136
32.70000,136
32.70833,136
32.71667,135
32.72500,136
32.73333,136
32.74167,136
32.75000,136
32.75833,136
32.76667,137
32.77500,137
32.78333,137
32.79167,137
32.80000,136
32.80833,136
32.81667,136
32.82500,136
32.83333,137
32.84167,137
32.85000,137
32.85833,137
32.86667,137
32.87500,137
32.88333,137
32.89167,137
32.90000,137
32.90833,137
32.91667,137
32.92500,137
32.93333,137
32.94167,137
32.95000,137
32.95833,137
32.96667,137
32.97500,137
32.98333,137
32.99167,137
33.00000,137
33.00833,137
33.01667,137
33.02500,137
33.03333,137
33.04167,137
33.05000,137
33.05833,137
33.06667,137
33.07500,137
33.08333,137
33.09167,137
33.10000,137
33.10833,137
33.11667,137
33.12500,137
33.13333,137
33.14167,137
33.15000,137
33.15833,137
33.16667,137
33.17500,137
33.18333,137
33.19167,138
33.20000,138
33.20833,138
33.21667,138
33.22500,138
33.23333,137
33.24167,137
33.25000,137
33.25833,137
33.26667,137
33.27500,137
33.28333,137
33.29167,137
33.30000,138
33.30833,137
33.31667,137
33.32500,137
33.33333,137
33.34167,137
33.35000,137
33.35833,137
33.36667,137
33.37500,137
33.38333,137
33.39167,137
33.40000,137
33.40833,137
33.41667,137
33.42500,138
33.43333,137
33.44167,137
33.45000,137
33.45833,137
33.46667,137
33.47500,137
33.48333,137
33.49167,137
33.50000,137
33.50833,136
33.51667,136
33.52500,137
33.53333,137
33.54167,137
33.55000,137
33.55833,137
33.56667,137
33.57500,137
33.58333,137
33.59167,137
33.60000,137
33.60833,137
33.61667,137
33.62500,137
33.63333,137
33.64167,137
33.65000,138
33.65833,138
33.66667,139
33.67500,139
33.68333,139
33.69167,138
33.70000,138
33.70833,137
33.71667,137
33.72500,137
33.73333,137
33.74167,137
33.75000,137
33.75833,137
33.76667,137
33.77500,138
33.78333,138
33.79167,138
33.80000,138
33.80833,138
33.81667,138
33.82500,138
33.83333,138
33.84167,138
33.85000,138
33.85833,139
33.86667,139
33.87500,138
33.88333,138
33.89167,138
33.90000,138
33.90833,138
33.91667,139
33.92500,139
33.93333,139
33.94167,139
33.95000,138
33.95833,138
33.96667,138
33.97500,138
33.98333,138
33.99167,138
34.00000,139
34.00833,139
34.01667,139
34.02500,139
34.03333,139
34.04167,139
34.05000,139
34.05833,139
34.06667,139
34.07500,139
34.08333,139
34.09167,139
34.10000,140
34.10833,140
34.11667,140
34.12500,139
34.13333,139
34.14167,139
34.15000,139
34.15833,139
34.16667,139
34.17500,139
34.18333,140
34.19167,140
34.20000,139
34.20833,139
34.21667,139
34.22500,139
34.23333,139
34.24167,140
34.25000,140
34.25833,140
34.26667,140
34.27500,141
34.28333,141
34.29167,141
34.30000,141
34.30833,141
34.31667,141
34.32500,141
34.33333,140
34.34167,140
34.35000,140
34.35833,140
34.36667,140
34.37500,140
34.38333,140
34.39167,140
34.40000,140
34.40833,141
34.41667,141
34.42500,141
34.43333,141
34.44167,141
34.45000,141
34.45833,141
34.46667,140
34.47500,140
34.48333,140
34.49167,140
34.50000,140
34.50833,140
34.51667,141
34.52500,141
34.53333,141
34.54167,141
34.55000,141
34.55833,141
34.56667,141
34.57500,141
34.58333,141
34.59167,141
34.60000,141
34.60833,141
34.61667,140
34.62500,140
34.63333,141
34.64167,141
34.65000,141
34.65833,141
34.66667,141
34.67500,141
34.68333,141
34.69167,141
34.70000,141
34.70833,142
34.71667,142
34.72500,142
34.73333,142
34.74167,142
34.75000,142
34.75833,142
34.76667,142
34.77500,142
34.78333,142
34.79167,142
34.80000,143
34.80833,143
34.81667,143
34.82500,143
34.83333,143
34.84167,143
34.85000,143
34.85833,142
34.86667,142
34.87500,142
34.88333,142
34.89167,142
34.90000,142
34.90833,142
34.91667,142
34.92500,142
34.93333,142
34.94167,142
34.95000,142
34.95833,142
34.96667,142
34.97500,142
34.98333,142
34.99167,142
35.00000,142
35.00833,143
35.01667,143
35.02500,143
35.03333,144
35.04167,144
35.05000,144
35.05833,143
35.06667,143
35.07500,143
35.08333,143
35.09167,143
35.10000,143
35.10833,143
35.11667,143
35.12500,143
35.13333,143
35.14167,143
35.15000,143
35.15833,143
35.16667,143
35.17500,143
35.18333,144
35.19167,144
35.20000,144
35.20833,144
35.21667,145
35.22500,145
35.23333,144
35.24167,144
35.25000,144
35.25833,144
35.26667,144
35.27500,144
35.28333,144
35.29167,144
35.30000,144
35.30833,145
35.31667,145
35.32500,145
35.33333,145
35.34167,145
35.35000,145
35.35833,145
35.36667,145
35.37500,145
35.38333,145
35.39167,145
35.40000,145
35.40833,145
35.41667,145
35.42500,145
35.43333,145
35.44167,145
35.45000,145
35.45833,145
35.46667,145
35.47500,145
35.48333,146
35.49167,146
35.50000,146
35.50833,145
35.51667,146
35.52500,146
35.53333,146
35.54167,146
35.55000,145
35.55833,145
35.56667,145
35.57500,145
35.58333,145
35.59167,145
35.60000,145
35.60833,145
35.61667,145
35.62500,145
35.63333,145
35.64167,145
35.65000,144
35.65833,144
35.66667,145
35.67500,145
35.68333,146
35.69167,146
35.70000,147
35.70833,146
35.71667,146
35.72500,146
35.73333,145
35.74167,145
35.75000,145
35.75833,146
35.76667,146
35.77500,146
35.78333,146
35.79167,146
35.80000,146
35.80833,146
35.81667,146
35.82500,146
35.83333,146
35.84167,146
35.85000,146
35.85833,146
35.86667,146
35.87500,146
35.88333,146
35.89167,146
35.90000,146
35.90833,146
35.91667,146
35.92500,146
35.93333,146
35.94167,146
35.95000,146
35.95833,146
35.96667,146
35.97500,146
35.98333,145
35.99167,146
36.00000,146
36.00833,146
36.01667,147
36.02500,147
36.03333,147
36.04167,147
36.05000,147
36.05833,147
36.06667,147
36.07500,147
36.08333,147
36.09167,147
36.10000,147
36.10833,147
36.11667,147
36.12500,147
36.13333,147
36.14167,147
36.15000,147
36.15833,147
36.16667,147
36.17500,148
36.18333,148
36.19167,148
36.20000,147
36.20833,147
36.21667,147
36.22500,147
36.23333,148
36.24167,148
36.25000,148
36.25833,148
36.26667,148
36.27500,148
36.28333,149
36.29167,149
36.30000,149
36.30833,149
36.31667,149
36.32500,149
36.33333,149
36.34167,149
36.35000,149
36.35833,149
36.36667,149
36.37500,148
36.38333,148
36.39167,148
36.40000,148
36.40833,148
36.41667,148
36.42500,148
36.43333,148
36.44167,148
36.45000,148
36.45833,149
36.46667,148
36.47500,148
36.48333,148
36.49167,149
36.50000,149
36.50833,149
36.51667,149
36.52500,149
36.53333,149
36.54167,149
36.55000,149
36.55833,149
36.56667,149
36.57500,150
36.58333,150
36.59167,150
36.60000,150
36.60833,150
36.61667,150
36.62500,149
36.63333,149
36.64167,149
36.65000,150
36.65833,150
36.66667,150
36.67500,150
36.68333,150
36.69167,150
36.70000,151
36.70833,151
36.71667,151
36.72500,150
36.73333,150
36.74167,150
36.75000,150
36.75833,150
36.76667,150
36.77500,150
36.78333,150
36.79167,150
36.80000,150
36.80833,150
36.81667,150
36.82500,150
36.83333,150
36.84167,150
36.85000,150
36.85833,150
36.86667,150
36.87500,150
36.88333,150
36.89167,150
36.90000,150
36.90833,150
36.91667,150
36.92500,150
36.93333,150
36.94167,150
36.95000,150
36.95833,150
36.96667,150
36.97500,150
36.98333,150
36.99167,150
37.00000,150
37.00833,150
37.01667,150
37.02500,150
37.03333,150
37.04167,150
37.05000,150
37.05833,150
37.06667,150
37.07500,150
37.08333,150
37.09167,150
37.10000,150
37.10833,150
37.11667,150
37.12500,150
37.13333,150
37.14167,150
37.15000,151
37.15833,151
37.16667,151
37.17500,151
37.18333,151
37.19167,151
37.20000,151
37.20833,151
37.21667,151
37.22500,151
37.23333,151
37.24167,151
37.25000,151
37.25833,151
37.26667,151
37.27500,151
37.28333,151
37.29167,150
37.30000,150
37.30833,150
37.31667,150
37.32500,151
37.33333,151
37.34167,150
37.35000,150
37.35833,151
37.36667,151
37.37500,151
37.38333,151
37.39167,151
37.40000,151
37.40833,151
37.41667,151
37.42500,151
37.43333,151
37.44167,151
37.45000,151
37.45833,152
37.46667,151
37.47500,151
37.48333,152
37.49167,152
37.50000,152
37.50833,152
37.51667,153
37.52500,153
37.53333,153
37.54167,153
37.55000,153
37.55833,153
37.56667,153
37.57500,153
37.58333,153
37.59167,153
37.60000,153
37.60833,153
37.61667,153
37.62500,153
37.63333,153
37.64167,153
37.65000,153
37.65833,154
37.66667,153
37.67500,153
37.68333,153
37.69167,153
37.70000,153
37.70833,153
37.71667,153
37.72500,152
37.73333,152
37.74167,152
37.75000,152
37.75833,152
37.76667,152
37.77500,153
37.78333,153
37.79167,153
37.80000,153
37.80833,153
37.81667,153
37.82500,153
37.83333,153
37.84167,153
37.85000,152
37.85833,152
37.86667,152
37.87500,153
37.88333,153
37.89167,153
37.90000,153
37.90833,154
37.91667,154
37.92500,154
37.93333,154
37.94167,154
37.95000,153
37.95833,153
37.96667,153
37.97500,153
37.98333,153
37.99167,153
38.00000,153
38.00833,153
38.01667,153
38.02500,154
38.03333,154
38.04167,154
38.05000,154
38.05833,154
38.06667,154
38.07500,154
38.08333,154
38.09167,153
38.10000,153
38.10833,153
38.11667,153
38.12500,153
38.13333,153
38.14167,154
38.15000,154
38.15833,154
38.16667,154
38.17500,154
38.18333,154
38.19167,154
38.20000,154
38.20833,155
38.21667,155
38.22500,155
38.23333,155
38.24167,155
38.25000,155
38.25833,155
38.26667,154
38.27500,154
38.28333,154
38.29167,154
38.30000,154
38.30833,154
38.31667,154
38.32500,154
38.33333,154
38.34167,154
38.35000,154
38.35833,154
38.36667,154
38.37500,154
38.38333,154
38.39167,155
38.40000,155
38.40833,155
38.41667,155
38.42500,155
38.43333,155
38.44167,155
38.45000,155
38.45833,155
38.46667,154
38.47500,154
38.48333,154
38.49167,155
38.50000,155
38.50833,155
38.51667,155
38.52500,155
38.53333,154
38.54167,154
38.55000,155
38.55833,155
38.56667,155
38.57500,155
38.58333,155
38.59167,155
38.60000,155
38.60833,155
38.61667,155
38.62500,155
38.63333,155
38.64167,155
38.65000,155
38.65833,156
38.66667,156
38.67500,156
38.68333,156
38.69167,156
38.70000,156
38.70833,156
38.71667,156
38.72500,155
38.73333,155
38.74167,155
38.75000,155
38.75833,155
38.76667,155
38.77500,155
38.78333,155
38.79167,155
38.80000,155
38.80833,155
38.81667,155
38.82500,156
38.83333,155
38.84167,156
38.85000,156
38.85833,156
38.86667,156
38.87500,156
38.88333,155
38.89167,155
38.90000,155
38.90833,155
38.91667,155
38.92500,156
38.93333,156
38.94167,156
38.95000,156
38.95833,156
38.96667,156
38.97500,156
38.98333,156
38.99167,156
39.00000,156
39.00833,156
39.01667,156
39.02500,157
39.03333,157
39.04167,157
39.05000,157
39.05833,157
39.06667,157
39.07500,156
39.08333,156
39.09167,156
39.10000,156
39.10833,156
39.11667,156
39.12500,156
39.13333,156
39.14167,156
39.15000,156
39.15833,156
39.16667,156
39.17500,156
39.18333,156
39.19167,156
39.20000,156
39.20833,156
39.21667,157
39.22500,157
39.23333,157
39.24167,157
39.25000,156
39.25833,157
39.26667,157
39.27500,157
39.28333,157
39.29167,157
39.30000,158
39.30833,157
39.31667,157
39.32500,157
39.33333,158
39.34167,158
39.35000,158
39.35833,158
39.36667,157
39.37500,157
39.38333,158
39.39167,158
39.40000,158
39.40833,158
39.41667,158
39.42500,158
39.43333,158
39.44167,158
39.45000,158
39.45833,158
39.46667,157
39.47500,157
39.48333,157
39.49167,157
39.50000,157
39.50833,158
39.51667,158
39.52500,158
39.53333,158
39.54167,158
39.55000,158
39.55833,158
39.56667,157
39.57500,157
39.58333,158
39.59167,158
39.60000,158
39.60833,158
39.61667,158
39.62500,158
39.63333,158
39.64167,158
39.65000,158
39.65833,158
39.66667,158
39.67500,158
39.68333,159
39.69167,159
39.70000,159
39.70833,159
39.71667,159
39.72500,158
39.73333,158
39.74167,158
39.75000,158
39.75833,158
39.76667,159
39.77500,159
39.78333,159
39.79167,159
39.80000,159
39.80833,159
39.81667,159
39.82500,159
39.83333,159
39.84167,159
39.85000,159
39.85833,159
39.86667,160
39.87500,160
39.88333,160
39.89167,160
39.90000,160
39.90833,160
39.91667,160
39.92500,160
39.93333,160
39.94167,160
39.95000,160
39.95833,159
39.96667,159
39.97500,159
39.98333,160
39.99167,160
40.00000,160

