[Header]
Application Name,LabSolutions
Version,5.97 SP1
Data File Name,C:\Users\cremerlab\Desktop\griffin\2021-04-27_REL606_acetate_turnover_redux\2021-04-27_REL606_DM_acetate_turnover_4282021_004_008.lcd
Output Date,4/28/2021
Output Time,4:58:23 PM

[File Information]
Type,Data File
Generated,4/28/2021 4:18:04 PM
Generated by,System Administrator
Modified,4/28/2021 4:58:23 PM
Modified by,System Administrator

[Sample Information]
Operator Name,System Administrator
Acquired,4/28/2021 4:18:23 PM
Sample Type,0:Unknown
Level,0
Sample Name,2021-04-07_REL606_replicate_002_timepoint_004
Sample ID,004
ISTD Amount1,1
ISTD Amount2,1
ISTD Amount3,1
ISTD Amount4,1
ISTD Amount5,1
ISTD Amount6,1
ISTD Amount7,1
ISTD Amount8,1
ISTD Amount9,1
ISTD Amount10,1
ISTD Amount11,1
ISTD Amount12,1
ISTD Amount13,1
ISTD Amount14,1
ISTD Amount15,1
ISTD Amount16,1
ISTD Amount17,1
ISTD Amount18,1
ISTD Amount19,1
ISTD Amount20,1
ISTD Amount21,1
ISTD Amount22,1
ISTD Amount23,1
ISTD Amount24,1
ISTD Amount25,1
ISTD Amount26,1
ISTD Amount27,1
ISTD Amount28,1
ISTD Amount29,1
ISTD Amount30,1
ISTD Amount31,1
ISTD Amount32,1
Sample Amount,1
Dilution Factor,1
Vial#,13
Injection Volume,20

[Original Files]
Data File,C:\Users\cremerlab\Desktop\griffin\2021-04-27_REL606_acetate_turnover_redux\2021-04-27_REL606_DM_acetate_turnover_4282021_004_008.lcd
Method File,C:\Users\cremerlab\Desktop\griffin\2.5mM_H2SO4_mobile_phase.lcm
Batch File,C:\Users\cremerlab\Desktop\griffin\2021-04-27_REL606_acetate_turnover_redux\2021-04-27_REL606_DM_acetate_turnover.lcb
Report Format File,c:\LabSolutions\System\DEFAULT.lsr

[File Description]


[Configuration]
Instrument Name,HPLC-PC-Instrument1
Instrument #,1
Line #,1
# of Detectors,2
Detector ID,Detector A,Detector B
Detector Name,Detector A,Detector B
# of Channels,1,1

[Peak Table(Detector A)]
# of Peaks,0

[Peak Table(Detector B)]
# of Peaks,6
Peak#,R.Time,I.Time,F.Time,Area,Height,A/H,Conc.,Mark,ID#,Name,k',Plate #,Plate Ht.,Tailing,Resolution,Sep.Factor,Area Ratio,Height Ratio,Conc. %,Norm Conc.
1,10.926,10.467,11.550,227921,13537,16.837,0.000,   ,,,0.000,9529,15.742,1.033,0.000,0.000,0,0,0.000,0.000
2,13.950,12.600,14.267,1549812,41992,36.907,0.000,   ,,,0.277,3206,46.787,0.000,4.221,0.000,0,0,0.000,0.000
3,14.489,14.267,15.133,156841,7273,21.566,0.000, V ,,,0.326,9486,15.812,0.000,0.682,1.178,0,0,0.000,0.000
4,15.295,15.133,16.092,5521,217,25.412,0.000, V ,,,0.400,1637,91.636,0.000,0.765,1.226,0,0,0.000,0.000
5,19.233,18.892,19.725,2173,95,22.932,0.000,   ,,,0.760,15441,9.714,1.193,3.695,1.901,0,0,0.000,0.000
6,25.122,24.383,26.217,318479,10746,29.638,0.000,   ,,,1.299,16453,9.117,1.078,8.398,1.709,0,0,0.000,0.000

[LC Chromatogram(Detector B-Ch1)]
Interval(msec),500
# of Points,4801
Start Time(min),0.000
End Time(min),40.000
Intensity Units,mV
Intensity Multiplier,0.001
R.Time (min),Intensity
0.00000,0
0.00833,0
0.01667,0
0.02500,0
0.03333,-0
0.04167,-0
0.05000,-0
0.05833,-0
0.06667,-0
0.07500,-0
0.08333,-0
0.09167,-0
0.10000,-1
0.10833,-1
0.11667,-1
0.12500,-0
0.13333,-0
0.14167,-0
0.15000,0
0.15833,1
0.16667,1
0.17500,1
0.18333,0
0.19167,1
0.20000,1
0.20833,1
0.21667,1
0.22500,1
0.23333,1
0.24167,2
0.25000,1
0.25833,1
0.26667,2
0.27500,1
0.28333,1
0.29167,1
0.30000,1
0.30833,1
0.31667,0
0.32500,-0
0.33333,-0
0.34167,-0
0.35000,0
0.35833,0
0.36667,1
0.37500,1
0.38333,1
0.39167,1
0.40000,1
0.40833,1
0.41667,1
0.42500,1
0.43333,1
0.44167,1
0.45000,2
0.45833,2
0.46667,2
0.47500,2
0.48333,2
0.49167,3
0.50000,3
0.50833,3
0.51667,3
0.52500,3
0.53333,3
0.54167,3
0.55000,3
0.55833,3
0.56667,3
0.57500,4
0.58333,3
0.59167,3
0.60000,4
0.60833,4
0.61667,4
0.62500,4
0.63333,4
0.64167,4
0.65000,4
0.65833,4
0.66667,5
0.67500,5
0.68333,5
0.69167,5
0.70000,5
0.70833,5
0.71667,5
0.72500,5
0.73333,5
0.74167,5
0.75000,5
0.75833,5
0.76667,6
0.77500,6
0.78333,6
0.79167,6
0.80000,6
0.80833,6
0.81667,6
0.82500,6
0.83333,6
0.84167,6
0.85000,7
0.85833,7
0.86667,7
0.87500,7
0.88333,7
0.89167,8
0.90000,8
0.90833,8
0.91667,7
0.92500,7
0.93333,7
0.94167,7
0.95000,7
0.95833,7
0.96667,7
0.97500,7
0.98333,7
0.99167,7
1.00000,7
1.00833,7
1.01667,7
1.02500,8
1.03333,8
1.04167,8
1.05000,8
1.05833,8
1.06667,8
1.07500,8
1.08333,8
1.09167,8
1.10000,8
1.10833,8
1.11667,8
1.12500,9
1.13333,8
1.14167,8
1.15000,8
1.15833,8
1.16667,8
1.17500,8
1.18333,8
1.19167,8
1.20000,8
1.20833,8
1.21667,8
1.22500,8
1.23333,8
1.24167,8
1.25000,9
1.25833,9
1.26667,8
1.27500,8
1.28333,7
1.29167,7
1.30000,7
1.30833,7
1.31667,7
1.32500,7
1.33333,7
1.34167,7
1.35000,7
1.35833,7
1.36667,7
1.37500,7
1.38333,7
1.39167,7
1.40000,7
1.40833,7
1.41667,6
1.42500,6
1.43333,7
1.44167,7
1.45000,7
1.45833,6
1.46667,6
1.47500,6
1.48333,6
1.49167,6
1.50000,7
1.50833,7
1.51667,7
1.52500,7
1.53333,7
1.54167,7
1.55000,7
1.55833,7
1.56667,7
1.57500,7
1.58333,7
1.59167,6
1.60000,6
1.60833,6
1.61667,6
1.62500,6
1.63333,6
1.64167,6
1.65000,6
1.65833,5
1.66667,5
1.67500,6
1.68333,6
1.69167,6
1.70000,6
1.70833,6
1.71667,6
1.72500,6
1.73333,6
1.74167,5
1.75000,5
1.75833,5
1.76667,5
1.77500,5
1.78333,5
1.79167,5
1.80000,4
1.80833,4
1.81667,4
1.82500,4
1.83333,4
1.84167,5
1.85000,5
1.85833,5
1.86667,5
1.87500,5
1.88333,5
1.89167,5
1.90000,5
1.90833,5
1.91667,5
1.92500,6
1.93333,6
1.94167,5
1.95000,5
1.95833,5
1.96667,5
1.97500,5
1.98333,5
1.99167,5
2.00000,5
2.00833,5
2.01667,6
2.02500,6
2.03333,6
2.04167,5
2.05000,5
2.05833,5
2.06667,5
2.07500,5
2.08333,5
2.09167,5
2.10000,5
2.10833,5
2.11667,5
2.12500,5
2.13333,6
2.14167,6
2.15000,6
2.15833,6
2.16667,6
2.17500,6
2.18333,5
2.19167,5
2.20000,5
2.20833,5
2.21667,5
2.22500,5
2.23333,5
2.24167,5
2.25000,6
2.25833,6
2.26667,6
2.27500,6
2.28333,6
2.29167,6
2.30000,6
2.30833,6
2.31667,6
2.32500,6
2.33333,6
2.34167,6
2.35000,6
2.35833,6
2.36667,6
2.37500,6
2.38333,6
2.39167,6
2.40000,6
2.40833,6
2.41667,6
2.42500,7
2.43333,7
2.44167,7
2.45000,7
2.45833,7
2.46667,7
2.47500,7
2.48333,7
2.49167,6
2.50000,6
2.50833,6
2.51667,6
2.52500,6
2.53333,6
2.54167,6
2.55000,6
2.55833,6
2.56667,6
2.57500,6
2.58333,6
2.59167,7
2.60000,7
2.60833,7
2.61667,8
2.62500,8
2.63333,8
2.64167,8
2.65000,8
2.65833,8
2.66667,8
2.67500,7
2.68333,7
2.69167,7
2.70000,7
2.70833,7
2.71667,7
2.72500,7
2.73333,6
2.74167,7
2.75000,7
2.75833,7
2.76667,7
2.77500,7
2.78333,7
2.79167,7
2.80000,7
2.80833,8
2.81667,8
2.82500,7
2.83333,7
2.84167,7
2.85000,8
2.85833,8
2.86667,8
2.87500,8
2.88333,8
2.89167,8
2.90000,8
2.90833,8
2.91667,8
2.92500,9
2.93333,9
2.94167,9
2.95000,9
2.95833,9
2.96667,9
2.97500,9
2.98333,9
2.99167,10
3.00000,10
3.00833,9
3.01667,9
3.02500,9
3.03333,9
3.04167,9
3.05000,9
3.05833,9
3.06667,9
3.07500,9
3.08333,9
3.09167,9
3.10000,9
3.10833,9
3.11667,9
3.12500,9
3.13333,10
3.14167,10
3.15000,10
3.15833,10
3.16667,10
3.17500,10
3.18333,10
3.19167,10
3.20000,10
3.20833,10
3.21667,10
3.22500,10
3.23333,10
3.24167,10
3.25000,10
3.25833,10
3.26667,10
3.27500,10
3.28333,10
3.29167,11
3.30000,11
3.30833,11
3.31667,11
3.32500,10
3.33333,10
3.34167,10
3.35000,10
3.35833,10
3.36667,11
3.37500,11
3.38333,11
3.39167,11
3.40000,11
3.40833,11
3.41667,11
3.42500,12
3.43333,12
3.44167,12
3.45000,12
3.45833,12
3.46667,12
3.47500,11
3.48333,11
3.49167,12
3.50000,12
3.50833,12
3.51667,12
3.52500,12
3.53333,12
3.54167,12
3.55000,12
3.55833,12
3.56667,12
3.57500,12
3.58333,12
3.59167,12
3.60000,12
3.60833,13
3.61667,13
3.62500,13
3.63333,13
3.64167,12
3.65000,12
3.65833,12
3.66667,12
3.67500,13
3.68333,13
3.69167,13
3.70000,14
3.70833,14
3.71667,14
3.72500,14
3.73333,13
3.74167,13
3.75000,13
3.75833,13
3.76667,13
3.77500,13
3.78333,13
3.79167,14
3.80000,14
3.80833,14
3.81667,14
3.82500,14
3.83333,13
3.84167,13
3.85000,14
3.85833,14
3.86667,14
3.87500,15
3.88333,15
3.89167,15
3.90000,15
3.90833,15
3.91667,15
3.92500,15
3.93333,15
3.94167,15
3.95000,15
3.95833,15
3.96667,15
3.97500,15
3.98333,15
3.99167,14
4.00000,14
4.00833,14
4.01667,14
4.02500,14
4.03333,14
4.04167,14
4.05000,15
4.05833,15
4.06667,15
4.07500,15
4.08333,15
4.09167,15
4.10000,15
4.10833,15
4.11667,15
4.12500,15
4.13333,15
4.14167,15
4.15000,15
4.15833,15
4.16667,15
4.17500,14
4.18333,14
4.19167,14
4.20000,14
4.20833,14
4.21667,14
4.22500,15
4.23333,15
4.24167,15
4.25000,15
4.25833,15
4.26667,16
4.27500,16
4.28333,16
4.29167,16
4.30000,16
4.30833,16
4.31667,16
4.32500,15
4.33333,15
4.34167,15
4.35000,15
4.35833,15
4.36667,15
4.37500,16
4.38333,15
4.39167,16
4.40000,16
4.40833,16
4.41667,15
4.42500,15
4.43333,15
4.44167,15
4.45000,15
4.45833,15
4.46667,15
4.47500,15
4.48333,15
4.49167,16
4.50000,16
4.50833,15
4.51667,15
4.52500,15
4.53333,15
4.54167,15
4.55000,15
4.55833,15
4.56667,15
4.57500,15
4.58333,15
4.59167,15
4.60000,15
4.60833,15
4.61667,15
4.62500,15
4.63333,15
4.64167,15
4.65000,15
4.65833,15
4.66667,15
4.67500,16
4.68333,16
4.69167,16
4.70000,15
4.70833,15
4.71667,15
4.72500,15
4.73333,15
4.74167,15
4.75000,15
4.75833,15
4.76667,15
4.77500,15
4.78333,15
4.79167,15
4.80000,15
4.80833,15
4.81667,15
4.82500,15
4.83333,15
4.84167,15
4.85000,15
4.85833,15
4.86667,15
4.87500,15
4.88333,15
4.89167,15
4.90000,14
4.90833,14
4.91667,15
4.92500,15
4.93333,15
4.94167,15
4.95000,16
4.95833,16
4.96667,16
4.97500,16
4.98333,15
4.99167,15
5.00000,15
5.00833,15
5.01667,15
5.02500,15
5.03333,16
5.04167,16
5.05000,16
5.05833,16
5.06667,16
5.07500,16
5.08333,17
5.09167,17
5.10000,17
5.10833,16
5.11667,16
5.12500,16
5.13333,16
5.14167,16
5.15000,16
5.15833,15
5.16667,15
5.17500,15
5.18333,15
5.19167,15
5.20000,16
5.20833,16
5.21667,16
5.22500,16
5.23333,16
5.24167,16
5.25000,17
5.25833,17
5.26667,17
5.27500,17
5.28333,16
5.29167,17
5.30000,17
5.30833,17
5.31667,17
5.32500,17
5.33333,17
5.34167,17
5.35000,17
5.35833,17
5.36667,17
5.37500,16
5.38333,16
5.39167,17
5.40000,17
5.40833,17
5.41667,17
5.42500,17
5.43333,17
5.44167,17
5.45000,18
5.45833,18
5.46667,18
5.47500,18
5.48333,18
5.49167,17
5.50000,17
5.50833,17
5.51667,17
5.52500,18
5.53333,17
5.54167,17
5.55000,18
5.55833,18
5.56667,18
5.57500,18
5.58333,18
5.59167,18
5.60000,18
5.60833,18
5.61667,18
5.62500,18
5.63333,18
5.64167,18
5.65000,18
5.65833,18
5.66667,18
5.67500,18
5.68333,18
5.69167,18
5.70000,18
5.70833,18
5.71667,18
5.72500,18
5.73333,18
5.74167,19
5.75000,19
5.75833,19
5.76667,19
5.77500,19
5.78333,19
5.79167,19
5.80000,19
5.80833,19
5.81667,19
5.82500,19
5.83333,19
5.84167,19
5.85000,19
5.85833,19
5.86667,19
5.87500,18
5.88333,18
5.89167,18
5.90000,17
5.90833,18
5.91667,18
5.92500,19
5.93333,19
5.94167,19
5.95000,19
5.95833,19
5.96667,19
5.97500,19
5.98333,19
5.99167,19
6.00000,19
6.00833,20
6.01667,20
6.02500,20
6.03333,19
6.04167,19
6.05000,19
6.05833,18
6.06667,19
6.07500,19
6.08333,19
6.09167,19
6.10000,20
6.10833,20
6.11667,20
6.12500,20
6.13333,20
6.14167,19
6.15000,19
6.15833,19
6.16667,20
6.17500,20
6.18333,20
6.19167,20
6.20000,21
6.20833,21
6.21667,21
6.22500,21
6.23333,21
6.24167,21
6.25000,21
6.25833,21
6.26667,21
6.27500,20
6.28333,20
6.29167,20
6.30000,20
6.30833,20
6.31667,20
6.32500,20
6.33333,20
6.34167,20
6.35000,20
6.35833,20
6.36667,21
6.37500,21
6.38333,21
6.39167,20
6.40000,20
6.40833,20
6.41667,19
6.42500,19
6.43333,20
6.44167,20
6.45000,20
6.45833,21
6.46667,21
6.47500,21
6.48333,21
6.49167,21
6.50000,21
6.50833,21
6.51667,21
6.52500,21
6.53333,21
6.54167,21
6.55000,21
6.55833,21
6.56667,21
6.57500,21
6.58333,22
6.59167,22
6.60000,22
6.60833,22
6.61667,22
6.62500,22
6.63333,21
6.64167,21
6.65000,21
6.65833,21
6.66667,21
6.67500,22
6.68333,22
6.69167,21
6.70000,21
6.70833,21
6.71667,21
6.72500,21
6.73333,21
6.74167,21
6.75000,21
6.75833,21
6.76667,21
6.77500,21
6.78333,21
6.79167,21
6.80000,21
6.80833,22
6.81667,22
6.82500,23
6.83333,23
6.84167,23
6.85000,23
6.85833,22
6.86667,22
6.87500,22
6.88333,22
6.89167,22
6.90000,22
6.90833,22
6.91667,21
6.92500,22
6.93333,22
6.94167,22
6.95000,22
6.95833,22
6.96667,23
6.97500,23
6.98333,23
6.99167,23
7.00000,24
7.00833,24
7.01667,24
7.02500,24
7.03333,24
7.04167,24
7.05000,24
7.05833,24
7.06667,23
7.07500,23
7.08333,23
7.09167,23
7.10000,23
7.10833,23
7.11667,23
7.12500,23
7.13333,23
7.14167,23
7.15000,23
7.15833,23
7.16667,23
7.17500,23
7.18333,23
7.19167,23
7.20000,23
7.20833,23
7.21667,23
7.22500,23
7.23333,23
7.24167,23
7.25000,23
7.25833,23
7.26667,23
7.27500,23
7.28333,23
7.29167,23
7.30000,23
7.30833,23
7.31667,23
7.32500,23
7.33333,24
7.34167,24
7.35000,24
7.35833,24
7.36667,24
7.37500,24
7.38333,24
7.39167,24
7.40000,24
7.40833,24
7.41667,24
7.42500,24
7.43333,24
7.44167,24
7.45000,24
7.45833,24
7.46667,24
7.47500,24
7.48333,25
7.49167,25
7.50000,25
7.50833,25
7.51667,25
7.52500,25
7.53333,25
7.54167,25
7.55000,24
7.55833,24
7.56667,24
7.57500,24
7.58333,24
7.59167,24
7.60000,24
7.60833,24
7.61667,25
7.62500,25
7.63333,26
7.64167,26
7.65000,26
7.65833,26
7.66667,26
7.67500,26
7.68333,26
7.69167,26
7.70000,25
7.70833,25
7.71667,25
7.72500,24
7.73333,24
7.74167,25
7.75000,25
7.75833,25
7.76667,25
7.77500,24
7.78333,24
7.79167,24
7.80000,24
7.80833,24
7.81667,24
7.82500,25
7.83333,25
7.84167,25
7.85000,26
7.85833,26
7.86667,26
7.87500,26
7.88333,26
7.89167,26
7.90000,26
7.90833,26
7.91667,26
7.92500,26
7.93333,26
7.94167,26
7.95000,26
7.95833,26
7.96667,26
7.97500,26
7.98333,26
7.99167,26
8.00000,26
8.00833,26
8.01667,25
8.02500,26
8.03333,26
8.04167,27
8.05000,27
8.05833,27
8.06667,27
8.07500,26
8.08333,26
8.09167,26
8.10000,26
8.10833,26
8.11667,26
8.12500,26
8.13333,26
8.14167,26
8.15000,27
8.15833,27
8.16667,27
8.17500,26
8.18333,26
8.19167,27
8.20000,27
8.20833,27
8.21667,27
8.22500,27
8.23333,27
8.24167,27
8.25000,27
8.25833,26
8.26667,26
8.27500,26
8.28333,26
8.29167,26
8.30000,26
8.30833,26
8.31667,26
8.32500,27
8.33333,27
8.34167,27
8.35000,27
8.35833,27
8.36667,27
8.37500,27
8.38333,28
8.39167,28
8.40000,28
8.40833,27
8.41667,28
8.42500,28
8.43333,28
8.44167,28
8.45000,28
8.45833,28
8.46667,28
8.47500,28
8.48333,28
8.49167,28
8.50000,28
8.50833,28
8.51667,29
8.52500,29
8.53333,29
8.54167,29
8.55000,28
8.55833,28
8.56667,28
8.57500,28
8.58333,28
8.59167,28
8.60000,28
8.60833,28
8.61667,28
8.62500,28
8.63333,28
8.64167,28
8.65000,28
8.65833,28
8.66667,28
8.67500,28
8.68333,28
8.69167,29
8.70000,29
8.70833,29
8.71667,29
8.72500,29
8.73333,29
8.74167,29
8.75000,29
8.75833,29
8.76667,29
8.77500,29
8.78333,29
8.79167,29
8.80000,29
8.80833,29
8.81667,28
8.82500,29
8.83333,29
8.84167,29
8.85000,29
8.85833,29
8.86667,29
8.87500,28
8.88333,28
8.89167,28
8.90000,28
8.90833,28
8.91667,29
8.92500,29
8.93333,29
8.94167,29
8.95000,29
8.95833,29
8.96667,29
8.97500,30
8.98333,30
8.99167,30
9.00000,30
9.00833,30
9.01667,30
9.02500,30
9.03333,30
9.04167,30
9.05000,30
9.05833,30
9.06667,30
9.07500,30
9.08333,30
9.09167,31
9.10000,31
9.10833,30
9.11667,30
9.12500,30
9.13333,30
9.14167,30
9.15000,30
9.15833,30
9.16667,30
9.17500,30
9.18333,31
9.19167,31
9.20000,31
9.20833,31
9.21667,31
9.22500,32
9.23333,32
9.24167,32
9.25000,31
9.25833,31
9.26667,31
9.27500,31
9.28333,31
9.29167,31
9.30000,31
9.30833,31
9.31667,31
9.32500,31
9.33333,31
9.34167,31
9.35000,31
9.35833,32
9.36667,31
9.37500,31
9.38333,31
9.39167,32
9.40000,32
9.40833,32
9.41667,31
9.42500,31
9.43333,32
9.44167,32
9.45000,32
9.45833,32
9.46667,32
9.47500,32
9.48333,32
9.49167,32
9.50000,32
9.50833,32
9.51667,32
9.52500,32
9.53333,32
9.54167,33
9.55000,33
9.55833,33
9.56667,33
9.57500,33
9.58333,32
9.59167,33
9.60000,33
9.60833,32
9.61667,32
9.62500,32
9.63333,32
9.64167,32
9.65000,32
9.65833,32
9.66667,32
9.67500,32
9.68333,32
9.69167,33
9.70000,33
9.70833,33
9.71667,33
9.72500,34
9.73333,34
9.74167,34
9.75000,34
9.75833,34
9.76667,34
9.77500,34
9.78333,34
9.79167,34
9.80000,33
9.80833,33
9.81667,34
9.82500,34
9.83333,34
9.84167,34
9.85000,34
9.85833,34
9.86667,34
9.87500,34
9.88333,34
9.89167,34
9.90000,34
9.90833,35
9.91667,35
9.92500,35
9.93333,35
9.94167,35
9.95000,35
9.95833,36
9.96667,36
9.97500,36
9.98333,36
9.99167,36
10.00000,36
10.00833,36
10.01667,36
10.02500,37
10.03333,37
10.04167,37
10.05000,38
10.05833,38
10.06667,38
10.07500,39
10.08333,40
10.09167,41
10.10000,41
10.10833,42
10.11667,43
10.12500,44
10.13333,45
10.14167,45
10.15000,46
10.15833,47
10.16667,48
10.17500,49
10.18333,49
10.19167,50
10.20000,51
10.20833,52
10.21667,53
10.22500,53
10.23333,54
10.24167,55
10.25000,55
10.25833,56
10.26667,56
10.27500,57
10.28333,58
10.29167,58
10.30000,59
10.30833,59
10.31667,59
10.32500,60
10.33333,59
10.34167,60
10.35000,59
10.35833,59
10.36667,59
10.37500,59
10.38333,58
10.39167,58
10.40000,58
10.40833,58
10.41667,58
10.42500,57
10.43333,57
10.44167,57
10.45000,57
10.45833,57
10.46667,58
10.47500,58
10.48333,59
10.49167,60
10.50000,62
10.50833,64
10.51667,67
10.52500,71
10.53333,77
10.54167,85
10.55000,95
10.55833,107
10.56667,124
10.57500,144
10.58333,170
10.59167,202
10.60000,242
10.60833,292
10.61667,351
10.62500,422
10.63333,507
10.64167,607
10.65000,725
10.65833,861
10.66667,1018
10.67500,1198
10.68333,1402
10.69167,1631
10.70000,1888
10.70833,2173
10.71667,2488
10.72500,2833
10.73333,3209
10.74167,3615
10.75000,4052
10.75833,4518
10.76667,5012
10.77500,5533
10.78333,6076
10.79167,6640
10.80000,7219
10.80833,7809
10.81667,8406
10.82500,9002
10.83333,9592
10.84167,10169
10.85000,10725
10.85833,11252
10.86667,11743
10.87500,12190
10.88333,12586
10.89167,12922
10.90000,13193
10.90833,13394
10.91667,13519
10.92500,13565
10.93333,13531
10.94167,13417
10.95000,13223
10.95833,12953
10.96667,12611
10.97500,12204
10.98333,11739
10.99167,11222
11.00000,10665
11.00833,10075
11.01667,9464
11.02500,8840
11.03333,8212
11.04167,7589
11.05000,6978
11.05833,6386
11.06667,5818
11.07500,5278
11.08333,4769
11.09167,4294
11.10000,3854
11.10833,3449
11.11667,3080
11.12500,2744
11.13333,2440
11.14167,2167
11.15000,1921
11.15833,1702
11.16667,1506
11.17500,1332
11.18333,1178
11.19167,1040
11.20000,919
11.20833,811
11.21667,715
11.22500,630
11.23333,555
11.24167,488
11.25000,428
11.25833,376
11.26667,329
11.27500,288
11.28333,251
11.29167,218
11.30000,189
11.30833,163
11.31667,141
11.32500,121
11.33333,104
11.34167,89
11.35000,76
11.35833,64
11.36667,54
11.37500,45
11.38333,37
11.39167,31
11.40000,25
11.40833,20
11.41667,15
11.42500,11
11.43333,8
11.44167,5
11.45000,3
11.45833,0
11.46667,-2
11.47500,-4
11.48333,-6
11.49167,-7
11.50000,-8
11.50833,-9
11.51667,-10
11.52500,-11
11.53333,-12
11.54167,-12
11.55000,-12
11.55833,-12
11.56667,-12
11.57500,-13
11.58333,-13
11.59167,-13
11.60000,-13
11.60833,-13
11.61667,-13
11.62500,-13
11.63333,-12
11.64167,-12
11.65000,-11
11.65833,-10
11.66667,-9
11.67500,-8
11.68333,-7
11.69167,-6
11.70000,-5
11.70833,-4
11.71667,-3
11.72500,-2
11.73333,-1
11.74167,-0
11.75000,1
11.75833,2
11.76667,3
11.77500,4
11.78333,5
11.79167,6
11.80000,8
11.80833,9
11.81667,10
11.82500,11
11.83333,12
11.84167,13
11.85000,14
11.85833,15
11.86667,16
11.87500,17
11.88333,18
11.89167,18
11.90000,19
11.90833,20
11.91667,20
11.92500,21
11.93333,21
11.94167,22
11.95000,23
11.95833,23
11.96667,23
11.97500,24
11.98333,24
11.99167,25
12.00000,26
12.00833,27
12.01667,28
12.02500,29
12.03333,30
12.04167,31
12.05000,31
12.05833,32
12.06667,33
12.07500,33
12.08333,33
12.09167,34
12.10000,34
12.10833,35
12.11667,35
12.12500,36
12.13333,36
12.14167,37
12.15000,38
12.15833,39
12.16667,39
12.17500,40
12.18333,41
12.19167,41
12.20000,41
12.20833,42
12.21667,42
12.22500,43
12.23333,44
12.24167,45
12.25000,46
12.25833,47
12.26667,48
12.27500,48
12.28333,50
12.29167,50
12.30000,51
12.30833,53
12.31667,54
12.32500,55
12.33333,56
12.34167,57
12.35000,58
12.35833,58
12.36667,59
12.37500,60
12.38333,61
12.39167,62
12.40000,63
12.40833,63
12.41667,64
12.42500,64
12.43333,65
12.44167,65
12.45000,66
12.45833,67
12.46667,67
12.47500,68
12.48333,68
12.49167,69
12.50000,70
12.50833,70
12.51667,69
12.52500,69
12.53333,70
12.54167,70
12.55000,71
12.55833,71
12.56667,72
12.57500,73
12.58333,73
12.59167,74
12.60000,74
12.60833,75
12.61667,75
12.62500,76
12.63333,78
12.64167,79
12.65000,81
12.65833,84
12.66667,87
12.67500,91
12.68333,95
12.69167,102
12.70000,109
12.70833,118
12.71667,129
12.72500,143
12.73333,159
12.74167,178
12.75000,200
12.75833,226
12.76667,255
12.77500,289
12.78333,328
12.79167,372
12.80000,421
12.80833,475
12.81667,536
12.82500,602
12.83333,675
12.84167,754
12.85000,839
12.85833,932
12.86667,1031
12.87500,1137
12.88333,1249
12.89167,1368
12.90000,1494
12.90833,1626
12.91667,1765
12.92500,1909
12.93333,2060
12.94167,2216
12.95000,2378
12.95833,2546
12.96667,2719
12.97500,2897
12.98333,3081
12.99167,3269
13.00000,3462
13.00833,3659
13.01667,3861
13.02500,4066
13.03333,4277
13.04167,4491
13.05000,4709
13.05833,4930
13.06667,5155
13.07500,5383
13.08333,5615
13.09167,5850
13.10000,6088
13.10833,6329
13.11667,6573
13.12500,6820
13.13333,7070
13.14167,7322
13.15000,7577
13.15833,7835
13.16667,8096
13.17500,8359
13.18333,8624
13.19167,8892
13.20000,9163
13.20833,9436
13.21667,9711
13.22500,9988
13.23333,10268
13.24167,10550
13.25000,10834
13.25833,11121
13.26667,11410
13.27500,11701
13.28333,11995
13.29167,12290
13.30000,12588
13.30833,12889
13.31667,13191
13.32500,13496
13.33333,13803
13.34167,14112
13.35000,14424
13.35833,14738
13.36667,15054
13.37500,15372
13.38333,15692
13.39167,16014
13.40000,16339
13.40833,16666
13.41667,16996
13.42500,17327
13.43333,17661
13.44167,17998
13.45000,18336
13.45833,18677
13.46667,19021
13.47500,19366
13.48333,19714
13.49167,20064
13.50000,20416
13.50833,20771
13.51667,21129
13.52500,21489
13.53333,21851
13.54167,22216
13.55000,22583
13.55833,22952
13.56667,23324
13.57500,23699
13.58333,24077
13.59167,24457
13.60000,24839
13.60833,25224
13.61667,25612
13.62500,26002
13.63333,26394
13.64167,26789
13.65000,27187
13.65833,27588
13.66667,27992
13.67500,28398
13.68333,28806
13.69167,29218
13.70000,29632
13.70833,30049
13.71667,30469
13.72500,30891
13.73333,31316
13.74167,31745
13.75000,32176
13.75833,32610
13.76667,33047
13.77500,33487
13.78333,33930
13.79167,34375
13.80000,34824
13.80833,35275
13.81667,35730
13.82500,36187
13.83333,36647
13.84167,37110
13.85000,37575
13.85833,38042
13.86667,38511
13.87500,38981
13.88333,39448
13.89167,39909
13.90000,40359
13.90833,40788
13.91667,41186
13.92500,41537
13.93333,41820
13.94167,42015
13.95000,42093
13.95833,42029
13.96667,41797
13.97500,41370
13.98333,40731
13.99167,39868
14.00000,38775
14.00833,37460
14.01667,35936
14.02500,34226
14.03333,32362
14.04167,30379
14.05000,28317
14.05833,26215
14.06667,24112
14.07500,22043
14.08333,20040
14.09167,18127
14.10000,16325
14.10833,14647
14.11667,13102
14.12500,11693
14.13333,10419
14.14167,9277
14.15000,8261
14.15833,7363
14.16667,6576
14.17500,5891
14.18333,5300
14.19167,4794
14.20000,4365
14.20833,4006
14.21667,3712
14.22500,3476
14.23333,3294
14.24167,3162
14.25000,3075
14.25833,3029
14.26667,3022
14.27500,3051
14.28333,3113
14.29167,3206
14.30000,3327
14.30833,3473
14.31667,3642
14.32500,3832
14.33333,4040
14.34167,4263
14.35000,4497
14.35833,4740
14.36667,4989
14.37500,5240
14.38333,5490
14.39167,5735
14.40000,5974
14.40833,6202
14.41667,6417
14.42500,6616
14.43333,6796
14.44167,6954
14.45000,7090
14.45833,7202
14.46667,7288
14.47500,7347
14.48333,7380
14.49167,7385
14.50000,7363
14.50833,7315
14.51667,7242
14.52500,7145
14.53333,7026
14.54167,6886
14.55000,6728
14.55833,6553
14.56667,6363
14.57500,6160
14.58333,5947
14.59167,5726
14.60000,5499
14.60833,5269
14.61667,5036
14.62500,4803
14.63333,4571
14.64167,4342
14.65000,4117
14.65833,3897
14.66667,3682
14.67500,3475
14.68333,3276
14.69167,3084
14.70000,2900
14.70833,2725
14.71667,2559
14.72500,2401
14.73333,2252
14.74167,2110
14.75000,1978
14.75833,1854
14.76667,1737
14.77500,1628
14.78333,1526
14.79167,1431
14.80000,1343
14.80833,1260
14.81667,1184
14.82500,1112
14.83333,1045
14.84167,984
14.85000,927
14.85833,874
14.86667,825
14.87500,779
14.88333,737
14.89167,698
14.90000,663
14.90833,630
14.91667,600
14.92500,572
14.93333,546
14.94167,522
14.95000,500
14.95833,480
14.96667,461
14.97500,444
14.98333,428
14.99167,414
15.00000,401
15.00833,389
15.01667,379
15.02500,369
15.03333,361
15.04167,354
15.05000,347
15.05833,341
15.06667,336
15.07500,332
15.08333,329
15.09167,327
15.10000,324
15.10833,323
15.11667,322
15.12500,321
15.13333,321
15.14167,321
15.15000,322
15.15833,324
15.16667,325
15.17500,327
15.18333,329
15.19167,331
15.20000,333
15.20833,335
15.21667,336
15.22500,338
15.23333,340
15.24167,342
15.25000,343
15.25833,344
15.26667,345
15.27500,345
15.28333,346
15.29167,346
15.30000,346
15.30833,345
15.31667,344
15.32500,342
15.33333,340
15.34167,337
15.35000,334
15.35833,331
15.36667,327
15.37500,323
15.38333,319
15.39167,315
15.40000,311
15.40833,307
15.41667,302
15.42500,298
15.43333,293
15.44167,288
15.45000,283
15.45833,278
15.46667,273
15.47500,268
15.48333,263
15.49167,258
15.50000,253
15.50833,249
15.51667,244
15.52500,240
15.53333,236
15.54167,232
15.55000,228
15.55833,224
15.56667,220
15.57500,217
15.58333,214
15.59167,211
15.60000,208
15.60833,205
15.61667,202
15.62500,199
15.63333,197
15.64167,194
15.65000,192
15.65833,191
15.66667,189
15.67500,187
15.68333,184
15.69167,182
15.70000,180
15.70833,179
15.71667,178
15.72500,177
15.73333,176
15.74167,175
15.75000,173
15.75833,173
15.76667,172
15.77500,171
15.78333,170
15.79167,169
15.80000,168
15.80833,167
15.81667,166
15.82500,165
15.83333,165
15.84167,164
15.85000,162
15.85833,161
15.86667,160
15.87500,159
15.88333,159
15.89167,158
15.90000,157
15.90833,157
15.91667,156
15.92500,156
15.93333,155
15.94167,155
15.95000,154
15.95833,153
15.96667,153
15.97500,152
15.98333,151
15.99167,151
16.00000,151
16.00833,150
16.01667,150
16.02500,149
16.03333,148
16.04167,147
16.05000,147
16.05833,146
16.06667,145
16.07500,145
16.08333,145
16.09167,145
16.10000,144
16.10833,144
16.11667,144
16.12500,143
16.13333,142
16.14167,142
16.15000,141
16.15833,140
16.16667,139
16.17500,139
16.18333,139
16.19167,138
16.20000,138
16.20833,137
16.21667,137
16.22500,136
16.23333,136
16.24167,136
16.25000,136
16.25833,136
16.26667,136
16.27500,135
16.28333,135
16.29167,134
16.30000,134
16.30833,134
16.31667,134
16.32500,134
16.33333,133
16.34167,133
16.35000,133
16.35833,132
16.36667,132
16.37500,132
16.38333,132
16.39167,131
16.40000,131
16.40833,131
16.41667,131
16.42500,131
16.43333,131
16.44167,131
16.45000,130
16.45833,130
16.46667,130
16.47500,129
16.48333,129
16.49167,128
16.50000,128
16.50833,128
16.51667,128
16.52500,128
16.53333,127
16.54167,128
16.55000,127
16.55833,127
16.56667,127
16.57500,127
16.58333,126
16.59167,126
16.60000,125
16.60833,125
16.61667,124
16.62500,123
16.63333,122
16.64167,122
16.65000,122
16.65833,121
16.66667,121
16.67500,121
16.68333,120
16.69167,120
16.70000,120
16.70833,120
16.71667,120
16.72500,120
16.73333,119
16.74167,119
16.75000,118
16.75833,118
16.76667,117
16.77500,117
16.78333,116
16.79167,116
16.80000,115
16.80833,115
16.81667,115
16.82500,114
16.83333,114
16.84167,114
16.85000,114
16.85833,114
16.86667,114
16.87500,114
16.88333,113
16.89167,113
16.90000,112
16.90833,112
16.91667,112
16.92500,111
16.93333,111
16.94167,111
16.95000,110
16.95833,110
16.96667,109
16.97500,109
16.98333,109
16.99167,108
17.00000,108
17.00833,108
17.01667,108
17.02500,107
17.03333,107
17.04167,108
17.05000,107
17.05833,107
17.06667,107
17.07500,107
17.08333,107
17.09167,107
17.10000,107
17.10833,107
17.11667,106
17.12500,106
17.13333,105
17.14167,105
17.15000,104
17.15833,104
17.16667,104
17.17500,104
17.18333,104
17.19167,104
17.20000,103
17.20833,103
17.21667,102
17.22500,102
17.23333,102
17.24167,102
17.25000,102
17.25833,101
17.26667,101
17.27500,101
17.28333,101
17.29167,101
17.30000,100
17.30833,100
17.31667,100
17.32500,100
17.33333,100
17.34167,99
17.35000,99
17.35833,98
17.36667,98
17.37500,98
17.38333,99
17.39167,99
17.40000,99
17.40833,99
17.41667,99
17.42500,99
17.43333,98
17.44167,98
17.45000,97
17.45833,97
17.46667,97
17.47500,97
17.48333,97
17.49167,97
17.50000,97
17.50833,97
17.51667,97
17.52500,97
17.53333,97
17.54167,97
17.55000,96
17.55833,96
17.56667,96
17.57500,96
17.58333,96
17.59167,96
17.60000,96
17.60833,96
17.61667,95
17.62500,95
17.63333,95
17.64167,95
17.65000,95
17.65833,95
17.66667,94
17.67500,94
17.68333,94
17.69167,94
17.70000,94
17.70833,95
17.71667,94
17.72500,94
17.73333,94
17.74167,94
17.75000,95
17.75833,95
17.76667,95
17.77500,95
17.78333,95
17.79167,95
17.80000,95
17.80833,94
17.81667,94
17.82500,94
17.83333,95
17.84167,95
17.85000,95
17.85833,95
17.86667,96
17.87500,96
17.88333,96
17.89167,96
17.90000,97
17.90833,97
17.91667,97
17.92500,97
17.93333,97
17.94167,97
17.95000,97
17.95833,97
17.96667,97
17.97500,97
17.98333,97
17.99167,97
18.00000,97
18.00833,97
18.01667,97
18.02500,97
18.03333,96
18.04167,96
18.05000,96
18.05833,96
18.06667,96
18.07500,96
18.08333,96
18.09167,96
18.10000,95
18.10833,95
18.11667,95
18.12500,95
18.13333,95
18.14167,95
18.15000,95
18.15833,94
18.16667,94
18.17500,94
18.18333,93
18.19167,93
18.20000,93
18.20833,93
18.21667,92
18.22500,92
18.23333,92
18.24167,91
18.25000,91
18.25833,91
18.26667,91
18.27500,91
18.28333,91
18.29167,91
18.30000,91
18.30833,91
18.31667,91
18.32500,91
18.33333,91
18.34167,90
18.35000,90
18.35833,89
18.36667,89
18.37500,89
18.38333,88
18.39167,88
18.40000,88
18.40833,88
18.41667,88
18.42500,88
18.43333,88
18.44167,88
18.45000,87
18.45833,87
18.46667,87
18.47500,87
18.48333,88
18.49167,88
18.50000,88
18.50833,89
18.51667,89
18.52500,89
18.53333,89
18.54167,89
18.55000,89
18.55833,89
18.56667,89
18.57500,90
18.58333,89
18.59167,89
18.60000,89
18.60833,89
18.61667,89
18.62500,89
18.63333,89
18.64167,90
18.65000,90
18.65833,91
18.66667,91
18.67500,91
18.68333,91
18.69167,90
18.70000,90
18.70833,91
18.71667,91
18.72500,91
18.73333,91
18.74167,91
18.75000,92
18.75833,92
18.76667,92
18.77500,92
18.78333,92
18.79167,92
18.80000,92
18.80833,92
18.81667,92
18.82500,92
18.83333,92
18.84167,92
18.85000,93
18.85833,93
18.86667,94
18.87500,94
18.88333,95
18.89167,96
18.90000,96
18.90833,97
18.91667,98
18.92500,100
18.93333,102
18.94167,103
18.95000,105
18.95833,107
18.96667,109
18.97500,111
18.98333,113
18.99167,115
19.00000,118
19.00833,120
19.01667,123
19.02500,127
19.03333,130
19.04167,133
19.05000,136
19.05833,139
19.06667,142
19.07500,145
19.08333,149
19.09167,152
19.10000,156
19.10833,159
19.11667,162
19.12500,165
19.13333,168
19.14167,171
19.15000,174
19.15833,176
19.16667,178
19.17500,180
19.18333,182
19.19167,183
19.20000,184
19.20833,185
19.21667,185
19.22500,186
19.23333,186
19.24167,186
19.25000,185
19.25833,184
19.26667,183
19.27500,182
19.28333,181
19.29167,179
19.30000,178
19.30833,176
19.31667,174
19.32500,172
19.33333,170
19.34167,167
19.35000,164
19.35833,161
19.36667,158
19.37500,155
19.38333,152
19.39167,149
19.40000,146
19.40833,143
19.41667,140
19.42500,137
19.43333,135
19.44167,132
19.45000,130
19.45833,127
19.46667,124
19.47500,121
19.48333,119
19.49167,117
19.50000,115
19.50833,113
19.51667,111
19.52500,109
19.53333,107
19.54167,106
19.55000,104
19.55833,103
19.56667,101
19.57500,100
19.58333,99
19.59167,98
19.60000,97
19.60833,96
19.61667,95
19.62500,95
19.63333,94
19.64167,93
19.65000,92
19.65833,91
19.66667,90
19.67500,89
19.68333,87
19.69167,87
19.70000,86
19.70833,86
19.71667,86
19.72500,85
19.73333,85
19.74167,85
19.75000,84
19.75833,84
19.76667,84
19.77500,83
19.78333,83
19.79167,83
19.80000,83
19.80833,83
19.81667,83
19.82500,83
19.83333,82
19.84167,82
19.85000,82
19.85833,82
19.86667,82
19.87500,81
19.88333,81
19.89167,81
19.90000,80
19.90833,80
19.91667,80
19.92500,80
19.93333,81
19.94167,81
19.95000,81
19.95833,81
19.96667,81
19.97500,81
19.98333,81
19.99167,81
20.00000,81
20.00833,81
20.01667,81
20.02500,81
20.03333,81
20.04167,81
20.05000,81
20.05833,80
20.06667,80
20.07500,79
20.08333,79
20.09167,79
20.10000,79
20.10833,80
20.11667,80
20.12500,80
20.13333,80
20.14167,80
20.15000,80
20.15833,80
20.16667,80
20.17500,80
20.18333,80
20.19167,80
20.20000,80
20.20833,80
20.21667,79
20.22500,79
20.23333,79
20.24167,79
20.25000,79
20.25833,79
20.26667,80
20.27500,80
20.28333,80
20.29167,80
20.30000,80
20.30833,80
20.31667,80
20.32500,80
20.33333,80
20.34167,80
20.35000,80
20.35833,80
20.36667,80
20.37500,80
20.38333,80
20.39167,80
20.40000,80
20.40833,80
20.41667,80
20.42500,80
20.43333,80
20.44167,80
20.45000,80
20.45833,81
20.46667,80
20.47500,80
20.48333,80
20.49167,80
20.50000,80
20.50833,80
20.51667,80
20.52500,80
20.53333,80
20.54167,80
20.55000,80
20.55833,80
20.56667,80
20.57500,80
20.58333,80
20.59167,80
20.60000,80
20.60833,80
20.61667,81
20.62500,81
20.63333,81
20.64167,81
20.65000,81
20.65833,81
20.66667,82
20.67500,82
20.68333,82
20.69167,82
20.70000,82
20.70833,83
20.71667,83
20.72500,82
20.73333,83
20.74167,83
20.75000,83
20.75833,84
20.76667,83
20.77500,83
20.78333,83
20.79167,83
20.80000,83
20.80833,83
20.81667,84
20.82500,84
20.83333,85
20.84167,85
20.85000,85
20.85833,85
20.86667,85
20.87500,85
20.88333,85
20.89167,85
20.90000,86
20.90833,86
20.91667,87
20.92500,87
20.93333,87
20.94167,88
20.95000,88
20.95833,88
20.96667,88
20.97500,88
20.98333,89
20.99167,89
21.00000,90
21.00833,91
21.01667,91
21.02500,92
21.03333,93
21.04167,93
21.05000,94
21.05833,95
21.06667,96
21.07500,97
21.08333,98
21.09167,99
21.10000,100
21.10833,101
21.11667,102
21.12500,103
21.13333,104
21.14167,105
21.15000,106
21.15833,107
21.16667,107
21.17500,108
21.18333,109
21.19167,110
21.20000,110
21.20833,111
21.21667,112
21.22500,112
21.23333,113
21.24167,114
21.25000,115
21.25833,115
21.26667,116
21.27500,116
21.28333,116
21.29167,117
21.30000,117
21.30833,117
21.31667,117
21.32500,116
21.33333,116
21.34167,116
21.35000,116
21.35833,116
21.36667,115
21.37500,115
21.38333,114
21.39167,113
21.40000,113
21.40833,112
21.41667,112
21.42500,111
21.43333,110
21.44167,109
21.45000,108
21.45833,107
21.46667,106
21.47500,105
21.48333,105
21.49167,104
21.50000,103
21.50833,102
21.51667,101
21.52500,100
21.53333,100
21.54167,99
21.55000,98
21.55833,97
21.56667,96
21.57500,95
21.58333,94
21.59167,93
21.60000,93
21.60833,92
21.61667,92
21.62500,91
21.63333,90
21.64167,90
21.65000,89
21.65833,89
21.66667,88
21.67500,88
21.68333,87
21.69167,87
21.70000,86
21.70833,86
21.71667,85
21.72500,85
21.73333,85
21.74167,85
21.75000,85
21.75833,85
21.76667,84
21.77500,84
21.78333,84
21.79167,85
21.80000,84
21.80833,84
21.81667,84
21.82500,84
21.83333,84
21.84167,83
21.85000,83
21.85833,83
21.86667,83
21.87500,82
21.88333,82
21.89167,82
21.90000,82
21.90833,82
21.91667,82
21.92500,82
21.93333,82
21.94167,82
21.95000,81
21.95833,81
21.96667,81
21.97500,81
21.98333,81
21.99167,82
22.00000,82
22.00833,82
22.01667,82
22.02500,82
22.03333,82
22.04167,82
22.05000,82
22.05833,82
22.06667,82
22.07500,82
22.08333,82
22.09167,82
22.10000,82
22.10833,82
22.11667,81
22.12500,81
22.13333,81
22.14167,82
22.15000,82
22.15833,82
22.16667,82
22.17500,81
22.18333,81
22.19167,81
22.20000,81
22.20833,80
22.21667,80
22.22500,80
22.23333,80
22.24167,80
22.25000,80
22.25833,80
22.26667,81
22.27500,81
22.28333,81
22.29167,81
22.30000,82
22.30833,82
22.31667,82
22.32500,82
22.33333,82
22.34167,82
22.35000,82
22.35833,82
22.36667,82
22.37500,82
22.38333,82
22.39167,82
22.40000,83
22.40833,83
22.41667,84
22.42500,83
22.43333,83
22.44167,83
22.45000,83
22.45833,83
22.46667,84
22.47500,84
22.48333,84
22.49167,84
22.50000,84
22.50833,84
22.51667,84
22.52500,84
22.53333,84
22.54167,84
22.55000,84
22.55833,83
22.56667,83
22.57500,83
22.58333,84
22.59167,84
22.60000,84
22.60833,85
22.61667,85
22.62500,85
22.63333,85
22.64167,85
22.65000,86
22.65833,86
22.66667,86
22.67500,86
22.68333,86
22.69167,86
22.70000,86
22.70833,86
22.71667,87
22.72500,87
22.73333,87
22.74167,87
22.75000,88
22.75833,88
22.76667,89
22.77500,90
22.78333,91
22.79167,91
22.80000,92
22.80833,93
22.81667,94
22.82500,94
22.83333,95
22.84167,96
22.85000,96
22.85833,97
22.86667,97
22.87500,98
22.88333,98
22.89167,99
22.90000,99
22.90833,100
22.91667,101
22.92500,102
22.93333,103
22.94167,103
22.95000,104
22.95833,104
22.96667,105
22.97500,106
22.98333,107
22.99167,107
23.00000,107
23.00833,108
23.01667,108
23.02500,108
23.03333,109
23.04167,109
23.05000,109
23.05833,110
23.06667,110
23.07500,110
23.08333,110
23.09167,110
23.10000,109
23.10833,109
23.11667,109
23.12500,109
23.13333,108
23.14167,108
23.15000,107
23.15833,107
23.16667,106
23.17500,105
23.18333,105
23.19167,104
23.20000,104
23.20833,103
23.21667,103
23.22500,102
23.23333,101
23.24167,100
23.25000,100
23.25833,99
23.26667,99
23.27500,98
23.28333,97
23.29167,96
23.30000,96
23.30833,96
23.31667,95
23.32500,95
23.33333,94
23.34167,94
23.35000,93
23.35833,93
23.36667,93
23.37500,92
23.38333,92
23.39167,91
23.40000,91
23.40833,91
23.41667,90
23.42500,90
23.43333,90
23.44167,90
23.45000,90
23.45833,90
23.46667,90
23.47500,89
23.48333,89
23.49167,88
23.50000,88
23.50833,87
23.51667,87
23.52500,87
23.53333,87
23.54167,87
23.55000,87
23.55833,87
23.56667,87
23.57500,87
23.58333,87
23.59167,87
23.60000,87
23.60833,87
23.61667,87
23.62500,86
23.63333,86
23.64167,86
23.65000,86
23.65833,86
23.66667,86
23.67500,86
23.68333,86
23.69167,86
23.70000,86
23.70833,86
23.71667,86
23.72500,86
23.73333,87
23.74167,87
23.75000,87
23.75833,87
23.76667,87
23.77500,87
23.78333,87
23.79167,87
23.80000,88
23.80833,88
23.81667,88
23.82500,88
23.83333,88
23.84167,88
23.85000,88
23.85833,89
23.86667,89
23.87500,89
23.88333,90
23.89167,90
23.90000,91
23.90833,91
23.91667,91
23.92500,91
23.93333,91
23.94167,91
23.95000,91
23.95833,91
23.96667,91
23.97500,92
23.98333,92
23.99167,92
24.00000,92
24.00833,93
24.01667,93
24.02500,93
24.03333,93
24.04167,93
24.05000,92
24.05833,92
24.06667,92
24.07500,92
24.08333,92
24.09167,93
24.10000,93
24.10833,93
24.11667,94
24.12500,94
24.13333,94
24.14167,94
24.15000,94
24.15833,94
24.16667,93
24.17500,93
24.18333,93
24.19167,93
24.20000,93
24.20833,93
24.21667,93
24.22500,93
24.23333,94
24.24167,94
24.25000,94
24.25833,93
24.26667,93
24.27500,93
24.28333,93
24.29167,93
24.30000,93
24.30833,93
24.31667,94
24.32500,94
24.33333,94
24.34167,95
24.35000,95
24.35833,96
24.36667,97
24.37500,98
24.38333,99
24.39167,101
24.40000,102
24.40833,103
24.41667,104
24.42500,106
24.43333,108
24.44167,111
24.45000,114
24.45833,118
24.46667,122
24.47500,126
24.48333,131
24.49167,137
24.50000,143
24.50833,150
24.51667,158
24.52500,167
24.53333,177
24.54167,189
24.55000,202
24.55833,216
24.56667,233
24.57500,251
24.58333,272
24.59167,295
24.60000,320
24.60833,348
24.61667,380
24.62500,414
24.63333,452
24.64167,494
24.65000,541
24.65833,592
24.66667,649
24.67500,710
24.68333,778
24.69167,852
24.70000,932
24.70833,1020
24.71667,1114
24.72500,1217
24.73333,1327
24.74167,1446
24.75000,1573
24.75833,1710
24.76667,1856
24.77500,2012
24.78333,2177
24.79167,2353
24.80000,2538
24.80833,2733
24.81667,2938
24.82500,3153
24.83333,3377
24.84167,3610
24.85000,3853
24.85833,4104
24.86667,4363
24.87500,4629
24.88333,4902
24.89167,5181
24.90000,5465
24.90833,5753
24.91667,6044
24.92500,6338
24.93333,6632
24.94167,6926
24.95000,7218
24.95833,7507
24.96667,7792
24.97500,8072
24.98333,8344
24.99167,8609
25.00000,8864
25.00833,9108
25.01667,9341
25.02500,9560
25.03333,9766
25.04167,9956
25.05000,10130
25.05833,10286
25.06667,10425
25.07500,10547
25.08333,10648
25.09167,10731
25.10000,10794
25.10833,10836
25.11667,10859
25.12500,10862
25.13333,10845
25.14167,10808
25.15000,10752
25.15833,10678
25.16667,10584
25.17500,10474
25.18333,10346
25.19167,10202
25.20000,10044
25.20833,9871
25.21667,9685
25.22500,9486
25.23333,9276
25.24167,9056
25.25000,8828
25.25833,8591
25.26667,8348
25.27500,8099
25.28333,7845
25.29167,7588
25.30000,7328
25.30833,7066
25.31667,6804
25.32500,6542
25.33333,6281
25.34167,6023
25.35000,5767
25.35833,5515
25.36667,5266
25.37500,5022
25.38333,4783
25.39167,4551
25.40000,4324
25.40833,4103
25.41667,3889
25.42500,3683
25.43333,3483
25.44167,3291
25.45000,3106
25.45833,2929
25.46667,2760
25.47500,2598
25.48333,2443
25.49167,2296
25.50000,2156
25.50833,2024
25.51667,1898
25.52500,1779
25.53333,1667
25.54167,1561
25.55000,1461
25.55833,1367
25.56667,1279
25.57500,1197
25.58333,1119
25.59167,1047
25.60000,980
25.60833,917
25.61667,858
25.62500,804
25.63333,753
25.64167,706
25.65000,663
25.65833,623
25.66667,586
25.67500,552
25.68333,520
25.69167,491
25.70000,464
25.70833,439
25.71667,416
25.72500,395
25.73333,376
25.74167,357
25.75000,340
25.75833,325
25.76667,311
25.77500,298
25.78333,286
25.79167,274
25.80000,264
25.80833,255
25.81667,246
25.82500,239
25.83333,232
25.84167,226
25.85000,220
25.85833,214
25.86667,209
25.87500,205
25.88333,200
25.89167,196
25.90000,192
25.90833,189
25.91667,186
25.92500,182
25.93333,179
25.94167,176
25.95000,174
25.95833,172
25.96667,170
25.97500,168
25.98333,167
25.99167,165
26.00000,163
26.00833,162
26.01667,160
26.02500,159
26.03333,158
26.04167,157
26.05000,156
26.05833,155
26.06667,154
26.07500,153
26.08333,152
26.09167,151
26.10000,150
26.10833,150
26.11667,149
26.12500,148
26.13333,147
26.14167,146
26.15000,146
26.15833,145
26.16667,145
26.17500,144
26.18333,143
26.19167,143
26.20000,142
26.20833,142
26.21667,142
26.22500,141
26.23333,141
26.24167,141
26.25000,141
26.25833,140
26.26667,140
26.27500,139
26.28333,138
26.29167,138
26.30000,137
26.30833,137
26.31667,136
26.32500,136
26.33333,136
26.34167,135
26.35000,135
26.35833,135
26.36667,134
26.37500,134
26.38333,134
26.39167,133
26.40000,133
26.40833,133
26.41667,132
26.42500,132
26.43333,132
26.44167,131
26.45000,131
26.45833,131
26.46667,130
26.47500,130
26.48333,130
26.49167,129
26.50000,129
26.50833,128
26.51667,128
26.52500,128
26.53333,128
26.54167,128
26.55000,127
26.55833,127
26.56667,127
26.57500,127
26.58333,126
26.59167,126
26.60000,125
26.60833,125
26.61667,125
26.62500,125
26.63333,125
26.64167,125
26.65000,125
26.65833,125
26.66667,125
26.67500,125
26.68333,125
26.69167,125
26.70000,124
26.70833,124
26.71667,124
26.72500,124
26.73333,123
26.74167,123
26.75000,123
26.75833,123
26.76667,122
26.77500,122
26.78333,121
26.79167,121
26.80000,121
26.80833,121
26.81667,121
26.82500,121
26.83333,121
26.84167,121
26.85000,121
26.85833,121
26.86667,121
26.87500,121
26.88333,120
26.89167,120
26.90000,120
26.90833,120
26.91667,120
26.92500,120
26.93333,120
26.94167,120
26.95000,120
26.95833,120
26.96667,119
26.97500,119
26.98333,119
26.99167,119
27.00000,119
27.00833,119
27.01667,119
27.02500,119
27.03333,119
27.04167,119
27.05000,119
27.05833,118
27.06667,118
27.07500,118
27.08333,118
27.09167,118
27.10000,118
27.10833,118
27.11667,118
27.12500,118
27.13333,118
27.14167,118
27.15000,117
27.15833,117
27.16667,116
27.17500,117
27.18333,116
27.19167,116
27.20000,116
27.20833,116
27.21667,116
27.22500,116
27.23333,116
27.24167,116
27.25000,116
27.25833,115
27.26667,115
27.27500,115
27.28333,115
27.29167,115
27.30000,115
27.30833,115
27.31667,115
27.32500,115
27.33333,115
27.34167,115
27.35000,114
27.35833,114
27.36667,114
27.37500,114
27.38333,114
27.39167,115
27.40000,115
27.40833,115
27.41667,115
27.42500,115
27.43333,115
27.44167,114
27.45000,114
27.45833,114
27.46667,114
27.47500,113
27.48333,113
27.49167,113
27.50000,113
27.50833,113
27.51667,112
27.52500,112
27.53333,112
27.54167,112
27.55000,112
27.55833,112
27.56667,111
27.57500,111
27.58333,111
27.59167,110
27.60000,110
27.60833,109
27.61667,109
27.62500,108
27.63333,107
27.64167,107
27.65000,106
27.65833,106
27.66667,105
27.67500,105
27.68333,104
27.69167,104
27.70000,103
27.70833,102
27.71667,101
27.72500,100
27.73333,98
27.74167,96
27.75000,95
27.75833,94
27.76667,92
27.77500,90
27.78333,88
27.79167,86
27.80000,84
27.80833,83
27.81667,81
27.82500,79
27.83333,77
27.84167,74
27.85000,72
27.85833,69
27.86667,66
27.87500,64
27.88333,61
27.89167,59
27.90000,56
27.90833,53
27.91667,50
27.92500,48
27.93333,44
27.94167,41
27.95000,38
27.95833,35
27.96667,32
27.97500,28
27.98333,25
27.99167,22
28.00000,18
28.00833,15
28.01667,11
28.02500,8
28.03333,5
28.04167,1
28.05000,-2
28.05833,-5
28.06667,-9
28.07500,-12
28.08333,-15
28.09167,-18
28.10000,-21
28.10833,-24
28.11667,-26
28.12500,-29
28.13333,-31
28.14167,-33
28.15000,-35
28.15833,-37
28.16667,-39
28.17500,-41
28.18333,-42
28.19167,-43
28.20000,-44
28.20833,-45
28.21667,-46
28.22500,-47
28.23333,-47
28.24167,-47
28.25000,-47
28.25833,-47
28.26667,-47
28.27500,-47
28.28333,-46
28.29167,-45
28.30000,-44
28.30833,-43
28.31667,-41
28.32500,-40
28.33333,-38
28.34167,-37
28.35000,-35
28.35833,-33
28.36667,-32
28.37500,-29
28.38333,-27
28.39167,-24
28.40000,-22
28.40833,-19
28.41667,-16
28.42500,-13
28.43333,-11
28.44167,-8
28.45000,-6
28.45833,-3
28.46667,-0
28.47500,3
28.48333,6
28.49167,9
28.50000,12
28.50833,15
28.51667,18
28.52500,21
28.53333,23
28.54167,26
28.55000,29
28.55833,31
28.56667,34
28.57500,36
28.58333,39
28.59167,41
28.60000,44
28.60833,46
28.61667,49
28.62500,51
28.63333,53
28.64167,55
28.65000,58
28.65833,59
28.66667,61
28.67500,63
28.68333,64
28.69167,65
28.70000,67
28.70833,69
28.71667,71
28.72500,72
28.73333,74
28.74167,75
28.75000,76
28.75833,77
28.76667,79
28.77500,80
28.78333,81
28.79167,82
28.80000,83
28.80833,84
28.81667,85
28.82500,86
28.83333,86
28.84167,87
28.85000,87
28.85833,88
28.86667,89
28.87500,89
28.88333,90
28.89167,90
28.90000,91
28.90833,91
28.91667,92
28.92500,92
28.93333,93
28.94167,93
28.95000,94
28.95833,95
28.96667,95
28.97500,95
28.98333,95
28.99167,95
29.00000,95
29.00833,96
29.01667,97
29.02500,97
29.03333,98
29.04167,98
29.05000,98
29.05833,98
29.06667,99
29.07500,99
29.08333,100
29.09167,100
29.10000,100
29.10833,100
29.11667,100
29.12500,101
29.13333,101
29.14167,101
29.15000,101
29.15833,101
29.16667,101
29.17500,101
29.18333,101
29.19167,102
29.20000,102
29.20833,102
29.21667,103
29.22500,103
29.23333,103
29.24167,103
29.25000,102
29.25833,102
29.26667,102
29.27500,102
29.28333,102
29.29167,103
29.30000,103
29.30833,102
29.31667,102
29.32500,102
29.33333,102
29.34167,101
29.35000,101
29.35833,101
29.36667,101
29.37500,100
29.38333,100
29.39167,99
29.40000,99
29.40833,99
29.41667,98
29.42500,98
29.43333,98
29.44167,97
29.45000,96
29.45833,96
29.46667,96
29.47500,95
29.48333,95
29.49167,94
29.50000,93
29.50833,92
29.51667,91
29.52500,90
29.53333,90
29.54167,89
29.55000,88
29.55833,87
29.56667,86
29.57500,84
29.58333,83
29.59167,82
29.60000,82
29.60833,81
29.61667,80
29.62500,79
29.63333,78
29.64167,76
29.65000,75
29.65833,74
29.66667,73
29.67500,72
29.68333,71
29.69167,70
29.70000,69
29.70833,67
29.71667,66
29.72500,65
29.73333,64
29.74167,62
29.75000,61
29.75833,60
29.76667,59
29.77500,58
29.78333,56
29.79167,55
29.80000,54
29.80833,53
29.81667,52
29.82500,51
29.83333,50
29.84167,49
29.85000,48
29.85833,48
29.86667,47
29.87500,46
29.88333,46
29.89167,45
29.90000,45
29.90833,44
29.91667,44
29.92500,43
29.93333,43
29.94167,42
29.95000,42
29.95833,41
29.96667,41
29.97500,41
29.98333,41
29.99167,42
30.00000,42
30.00833,42
30.01667,43
30.02500,43
30.03333,44
30.04167,44
30.05000,45
30.05833,45
30.06667,45
30.07500,46
30.08333,46
30.09167,47
30.10000,47
30.10833,48
30.11667,49
30.12500,50
30.13333,51
30.14167,52
30.15000,53
30.15833,54
30.16667,55
30.17500,56
30.18333,57
30.19167,58
30.20000,60
30.20833,61
30.21667,62
30.22500,63
30.23333,63
30.24167,64
30.25000,65
30.25833,66
30.26667,67
30.27500,68
30.28333,69
30.29167,70
30.30000,71
30.30833,72
30.31667,73
30.32500,74
30.33333,75
30.34167,76
30.35000,77
30.35833,78
30.36667,78
30.37500,79
30.38333,80
30.39167,80
30.40000,81
30.40833,82
30.41667,83
30.42500,84
30.43333,84
30.44167,85
30.45000,86
30.45833,87
30.46667,87
30.47500,87
30.48333,87
30.49167,87
30.50000,88
30.50833,88
30.51667,88
30.52500,87
30.53333,88
30.54167,88
30.55000,88
30.55833,88
30.56667,88
30.57500,88
30.58333,88
30.59167,88
30.60000,88
30.60833,88
30.61667,88
30.62500,88
30.63333,88
30.64167,88
30.65000,88
30.65833,88
30.66667,88
30.67500,87
30.68333,87
30.69167,87
30.70000,86
30.70833,86
30.71667,86
30.72500,86
30.73333,85
30.74167,85
30.75000,84
30.75833,84
30.76667,84
30.77500,84
30.78333,83
30.79167,83
30.80000,83
30.80833,82
30.81667,82
30.82500,82
30.83333,81
30.84167,81
30.85000,81
30.85833,80
30.86667,80
30.87500,80
30.88333,80
30.89167,80
30.90000,80
30.90833,80
30.91667,80
30.92500,81
30.93333,81
30.94167,81
30.95000,81
30.95833,81
30.96667,80
30.97500,80
30.98333,81
30.99167,81
31.00000,81
31.00833,82
31.01667,82
31.02500,82
31.03333,82
31.04167,82
31.05000,83
31.05833,83
31.06667,83
31.07500,84
31.08333,84
31.09167,85
31.10000,86
31.10833,86
31.11667,87
31.12500,88
31.13333,89
31.14167,89
31.15000,90
31.15833,90
31.16667,90
31.17500,91
31.18333,91
31.19167,92
31.20000,93
31.20833,93
31.21667,93
31.22500,93
31.23333,94
31.24167,94
31.25000,94
31.25833,95
31.26667,96
31.27500,96
31.28333,97
31.29167,98
31.30000,98
31.30833,99
31.31667,99
31.32500,100
31.33333,100
31.34167,101
31.35000,101
31.35833,102
31.36667,102
31.37500,102
31.38333,103
31.39167,103
31.40000,103
31.40833,104
31.41667,104
31.42500,105
31.43333,105
31.44167,105
31.45000,106
31.45833,106
31.46667,106
31.47500,106
31.48333,106
31.49167,106
31.50000,106
31.50833,106
31.51667,106
31.52500,106
31.53333,107
31.54167,107
31.55000,107
31.55833,108
31.56667,108
31.57500,108
31.58333,107
31.59167,108
31.60000,108
31.60833,108
31.61667,109
31.62500,109
31.63333,109
31.64167,109
31.65000,109
31.65833,109
31.66667,108
31.67500,108
31.68333,108
31.69167,108
31.70000,108
31.70833,108
31.71667,108
31.72500,108
31.73333,108
31.74167,107
31.75000,107
31.75833,107
31.76667,107
31.77500,107
31.78333,107
31.79167,107
31.80000,107
31.80833,108
31.81667,108
31.82500,108
31.83333,108
31.84167,108
31.85000,108
31.85833,108
31.86667,109
31.87500,109
31.88333,108
31.89167,109
31.90000,109
31.90833,109
31.91667,109
31.92500,109
31.93333,109
31.94167,109
31.95000,109
31.95833,108
31.96667,108
31.97500,108
31.98333,108
31.99167,108
32.00000,108
32.00833,108
32.01667,108
32.02500,108
32.03333,108
32.04167,108
32.05000,109
32.05833,109
32.06667,108
32.07500,108
32.08333,108
32.09167,108
32.10000,107
32.10833,107
32.11667,107
32.12500,107
32.13333,107
32.14167,107
32.15000,108
32.15833,108
32.16667,109
32.17500,109
32.18333,109
32.19167,109
32.20000,109
32.20833,109
32.21667,109
32.22500,109
32.23333,109
32.24167,109
32.25000,109
32.25833,109
32.26667,109
32.27500,109
32.28333,109
32.29167,109
32.30000,109
32.30833,109
32.31667,109
32.32500,110
32.33333,110
32.34167,109
32.35000,109
32.35833,109
32.36667,109
32.37500,110
32.38333,110
32.39167,109
32.40000,109
32.40833,109
32.41667,109
32.42500,109
32.43333,109
32.44167,109
32.45000,109
32.45833,109
32.46667,109
32.47500,110
32.48333,110
32.49167,110
32.50000,110
32.50833,110
32.51667,110
32.52500,110
32.53333,109
32.54167,109
32.55000,109
32.55833,109
32.56667,109
32.57500,109
32.58333,109
32.59167,109
32.60000,109
32.60833,109
32.61667,110
32.62500,110
32.63333,110
32.64167,110
32.65000,110
32.65833,110
32.66667,110
32.67500,110
32.68333,110
32.69167,110
32.70000,110
32.70833,110
32.71667,110
32.72500,110
32.73333,110
32.74167,110
32.75000,110
32.75833,110
32.76667,110
32.77500,110
32.78333,110
32.79167,110
32.80000,110
32.80833,110
32.81667,110
32.82500,110
32.83333,110
32.84167,110
32.85000,110
32.85833,110
32.86667,110
32.87500,110
32.88333,110
32.89167,110
32.90000,110
32.90833,110
32.91667,110
32.92500,110
32.93333,110
32.94167,110
32.95000,110
32.95833,110
32.96667,110
32.97500,110
32.98333,110
32.99167,111
33.00000,111
33.00833,111
33.01667,111
33.02500,111
33.03333,112
33.04167,112
33.05000,112
33.05833,111
33.06667,111
33.07500,111
33.08333,111
33.09167,111
33.10000,111
33.10833,111
33.11667,112
33.12500,112
33.13333,112
33.14167,112
33.15000,112
33.15833,112
33.16667,113
33.17500,112
33.18333,112
33.19167,112
33.20000,112
33.20833,112
33.21667,112
33.22500,112
33.23333,112
33.24167,112
33.25000,112
33.25833,112
33.26667,112
33.27500,112
33.28333,112
33.29167,112
33.30000,112
33.30833,112
33.31667,112
33.32500,112
33.33333,112
33.34167,112
33.35000,112
33.35833,112
33.36667,112
33.37500,112
33.38333,112
33.39167,112
33.40000,112
33.40833,112
33.41667,112
33.42500,112
33.43333,112
33.44167,112
33.45000,112
33.45833,112
33.46667,112
33.47500,113
33.48333,112
33.49167,112
33.50000,113
33.50833,113
33.51667,112
33.52500,112
33.53333,112
33.54167,112
33.55000,112
33.55833,112
33.56667,112
33.57500,112
33.58333,112
33.59167,113
33.60000,113
33.60833,113
33.61667,113
33.62500,113
33.63333,113
33.64167,113
33.65000,113
33.65833,113
33.66667,112
33.67500,112
33.68333,112
33.69167,112
33.70000,112
33.70833,112
33.71667,112
33.72500,112
33.73333,112
33.74167,113
33.75000,113
33.75833,113
33.76667,113
33.77500,113
33.78333,113
33.79167,113
33.80000,112
33.80833,112
33.81667,112
33.82500,112
33.83333,112
33.84167,112
33.85000,112
33.85833,112
33.86667,113
33.87500,113
33.88333,113
33.89167,113
33.90000,113
33.90833,113
33.91667,113
33.92500,113
33.93333,112
33.94167,112
33.95000,112
33.95833,113
33.96667,113
33.97500,113
33.98333,113
33.99167,113
34.00000,112
34.00833,112
34.01667,113
34.02500,113
34.03333,113
34.04167,113
34.05000,113
34.05833,113
34.06667,113
34.07500,113
34.08333,114
34.09167,114
34.10000,114
34.10833,114
34.11667,114
34.12500,114
34.13333,114
34.14167,114
34.15000,114
34.15833,114
34.16667,114
34.17500,114
34.18333,114
34.19167,114
34.20000,115
34.20833,115
34.21667,115
34.22500,114
34.23333,113
34.24167,113
34.25000,113
34.25833,113
34.26667,114
34.27500,114
34.28333,114
34.29167,115
34.30000,114
34.30833,114
34.31667,114
34.32500,114
34.33333,114
34.34167,114
34.35000,113
34.35833,113
34.36667,114
34.37500,114
34.38333,114
34.39167,114
34.40000,115
34.40833,115
34.41667,115
34.42500,115
34.43333,115
34.44167,114
34.45000,114
34.45833,114
34.46667,114
34.47500,114
34.48333,114
34.49167,114
34.50000,114
34.50833,114
34.51667,114
34.52500,114
34.53333,114
34.54167,114
34.55000,114
34.55833,115
34.56667,115
34.57500,115
34.58333,115
34.59167,115
34.60000,115
34.60833,115
34.61667,115
34.62500,115
34.63333,114
34.64167,114
34.65000,115
34.65833,115
34.66667,115
34.67500,115
34.68333,115
34.69167,115
34.70000,115
34.70833,115
34.71667,115
34.72500,115
34.73333,115
34.74167,115
34.75000,115
34.75833,116
34.76667,116
34.77500,115
34.78333,116
34.79167,116
34.80000,116
34.80833,116
34.81667,116
34.82500,116
34.83333,115
34.84167,115
34.85000,115
34.85833,115
34.86667,116
34.87500,116
34.88333,115
34.89167,115
34.90000,116
34.90833,116
34.91667,116
34.92500,116
34.93333,116
34.94167,116
34.95000,117
34.95833,117
34.96667,117
34.97500,117
34.98333,117
34.99167,117
35.00000,117
35.00833,116
35.01667,116
35.02500,116
35.03333,117
35.04167,117
35.05000,117
35.05833,117
35.06667,117
35.07500,117
35.08333,117
35.09167,117
35.10000,117
35.10833,117
35.11667,117
35.12500,117
35.13333,117
35.14167,117
35.15000,117
35.15833,116
35.16667,117
35.17500,117
35.18333,117
35.19167,117
35.20000,117
35.20833,117
35.21667,117
35.22500,117
35.23333,118
35.24167,118
35.25000,118
35.25833,118
35.26667,118
35.27500,118
35.28333,118
35.29167,118
35.30000,118
35.30833,118
35.31667,119
35.32500,119
35.33333,119
35.34167,119
35.35000,118
35.35833,118
35.36667,118
35.37500,118
35.38333,118
35.39167,118
35.40000,118
35.40833,118
35.41667,118
35.42500,118
35.43333,118
35.44167,118
35.45000,118
35.45833,118
35.46667,118
35.47500,118
35.48333,118
35.49167,119
35.50000,119
35.50833,119
35.51667,119
35.52500,119
35.53333,119
35.54167,119
35.55000,119
35.55833,119
35.56667,119
35.57500,119
35.58333,119
35.59167,119
35.60000,119
35.60833,119
35.61667,119
35.62500,119
35.63333,119
35.64167,119
35.65000,118
35.65833,118
35.66667,118
35.67500,118
35.68333,118
35.69167,118
35.70000,118
35.70833,118
35.71667,118
35.72500,118
35.73333,118
35.74167,118
35.75000,119
35.75833,119
35.76667,118
35.77500,119
35.78333,119
35.79167,119
35.80000,118
35.80833,118
35.81667,118
35.82500,118
35.83333,118
35.84167,119
35.85000,119
35.85833,120
35.86667,120
35.87500,120
35.88333,120
35.89167,120
35.90000,120
35.90833,120
35.91667,120
35.92500,120
35.93333,120
35.94167,120
35.95000,120
35.95833,120
35.96667,120
35.97500,119
35.98333,119
35.99167,119
36.00000,119
36.00833,120
36.01667,120
36.02500,120
36.03333,120
36.04167,121
36.05000,121
36.05833,121
36.06667,121
36.07500,120
36.08333,120
36.09167,120
36.10000,120
36.10833,120
36.11667,120
36.12500,120
36.13333,120
36.14167,120
36.15000,120
36.15833,121
36.16667,121
36.17500,121
36.18333,121
36.19167,121
36.20000,121
36.20833,121
36.21667,120
36.22500,120
36.23333,120
36.24167,120
36.25000,121
36.25833,121
36.26667,121
36.27500,120
36.28333,121
36.29167,121
36.30000,121
36.30833,121
36.31667,121
36.32500,121
36.33333,121
36.34167,121
36.35000,121
36.35833,121
36.36667,121
36.37500,121
36.38333,121
36.39167,121
36.40000,122
36.40833,122
36.41667,122
36.42500,122
36.43333,122
36.44167,122
36.45000,121
36.45833,122
36.46667,122
36.47500,122
36.48333,122
36.49167,122
36.50000,122
36.50833,123
36.51667,123
36.52500,122
36.53333,122
36.54167,122
36.55000,122
36.55833,122
36.56667,122
36.57500,122
36.58333,122
36.59167,122
36.60000,122
36.60833,122
36.61667,122
36.62500,123
36.63333,123
36.64167,123
36.65000,123
36.65833,123
36.66667,123
36.67500,123
36.68333,122
36.69167,122
36.70000,122
36.70833,122
36.71667,122
36.72500,122
36.73333,122
36.74167,122
36.75000,122
36.75833,122
36.76667,123
36.77500,123
36.78333,123
36.79167,123
36.80000,123
36.80833,123
36.81667,123
36.82500,123
36.83333,123
36.84167,123
36.85000,123
36.85833,123
36.86667,122
36.87500,122
36.88333,122
36.89167,122
36.90000,122
36.90833,123
36.91667,123
36.92500,124
36.93333,123
36.94167,123
36.95000,123
36.95833,123
36.96667,123
36.97500,123
36.98333,123
36.99167,123
37.00000,123
37.00833,123
37.01667,123
37.02500,123
37.03333,123
37.04167,124
37.05000,123
37.05833,123
37.06667,123
37.07500,123
37.08333,123
37.09167,123
37.10000,124
37.10833,124
37.11667,124
37.12500,124
37.13333,123
37.14167,123
37.15000,124
37.15833,124
37.16667,124
37.17500,124
37.18333,124
37.19167,124
37.20000,124
37.20833,124
37.21667,125
37.22500,124
37.23333,124
37.24167,125
37.25000,125
37.25833,125
37.26667,124
37.27500,124
37.28333,124
37.29167,124
37.30000,125
37.30833,125
37.31667,125
37.32500,125
37.33333,124
37.34167,124
37.35000,124
37.35833,124
37.36667,124
37.37500,124
37.38333,124
37.39167,124
37.40000,124
37.40833,124
37.41667,124
37.42500,124
37.43333,124
37.44167,124
37.45000,124
37.45833,124
37.46667,124
37.47500,124
37.48333,124
37.49167,124
37.50000,124
37.50833,124
37.51667,124
37.52500,124
37.53333,125
37.54167,125
37.55000,125
37.55833,125
37.56667,125
37.57500,125
37.58333,125
37.59167,125
37.60000,124
37.60833,124
37.61667,124
37.62500,124
37.63333,125
37.64167,125
37.65000,125
37.65833,125
37.66667,125
37.67500,124
37.68333,124
37.69167,124
37.70000,124
37.70833,124
37.71667,124
37.72500,124
37.73333,125
37.74167,125
37.75000,125
37.75833,125
37.76667,125
37.77500,125
37.78333,126
37.79167,126
37.80000,126
37.80833,126
37.81667,126
37.82500,125
37.83333,125
37.84167,125
37.85000,125
37.85833,126
37.86667,126
37.87500,126
37.88333,126
37.89167,126
37.90000,126
37.90833,126
37.91667,126
37.92500,126
37.93333,126
37.94167,126
37.95000,126
37.95833,126
37.96667,126
37.97500,126
37.98333,126
37.99167,127
38.00000,127
38.00833,127
38.01667,127
38.02500,126
38.03333,126
38.04167,126
38.05000,126
38.05833,126
38.06667,126
38.07500,126
38.08333,126
38.09167,126
38.10000,126
38.10833,126
38.11667,126
38.12500,126
38.13333,126
38.14167,126
38.15000,126
38.15833,126
38.16667,126
38.17500,126
38.18333,126
38.19167,126
38.20000,126
38.20833,126
38.21667,126
38.22500,126
38.23333,126
38.24167,126
38.25000,126
38.25833,126
38.26667,126
38.27500,126
38.28333,126
38.29167,127
38.30000,127
38.30833,127
38.31667,127
38.32500,127
38.33333,127
38.34167,127
38.35000,127
38.35833,126
38.36667,126
38.37500,127
38.38333,127
38.39167,127
38.40000,126
38.40833,126
38.41667,127
38.42500,127
38.43333,126
38.44167,126
38.45000,126
38.45833,126
38.46667,127
38.47500,127
38.48333,127
38.49167,127
38.50000,127
38.50833,127
38.51667,127
38.52500,127
38.53333,127
38.54167,127
38.55000,127
38.55833,127
38.56667,127
38.57500,127
38.58333,127
38.59167,127
38.60000,127
38.60833,126
38.61667,126
38.62500,126
38.63333,126
38.64167,126
38.65000,126
38.65833,127
38.66667,127
38.67500,127
38.68333,127
38.69167,127
38.70000,127
38.70833,127
38.71667,127
38.72500,128
38.73333,128
38.74167,128
38.75000,128
38.75833,127
38.76667,127
38.77500,127
38.78333,127
38.79167,127
38.80000,126
38.80833,126
38.81667,127
38.82500,127
38.83333,127
38.84167,127
38.85000,127
38.85833,126
38.86667,126
38.87500,126
38.88333,127
38.89167,127
38.90000,127
38.90833,127
38.91667,127
38.92500,127
38.93333,127
38.94167,127
38.95000,127
38.95833,128
38.96667,127
38.97500,127
38.98333,127
38.99167,127
39.00000,127
39.00833,127
39.01667,127
39.02500,127
39.03333,127
39.04167,127
39.05000,127
39.05833,127
39.06667,127
39.07500,127
39.08333,128
39.09167,128
39.10000,128
39.10833,128
39.11667,128
39.12500,128
39.13333,128
39.14167,127
39.15000,127
39.15833,127
39.16667,127
39.17500,127
39.18333,127
39.19167,128
39.20000,128
39.20833,128
39.21667,128
39.22500,128
39.23333,128
39.24167,128
39.25000,128
39.25833,128
39.26667,128
39.27500,128
39.28333,129
39.29167,129
39.30000,128
39.30833,128
39.31667,128
39.32500,128
39.33333,128
39.34167,128
39.35000,128
39.35833,128
39.36667,128
39.37500,128
39.38333,128
39.39167,128
39.40000,128
39.40833,128
39.41667,128
39.42500,128
39.43333,128
39.44167,128
39.45000,129
39.45833,129
39.46667,129
39.47500,129
39.48333,129
39.49167,129
39.50000,129
39.50833,129
39.51667,129
39.52500,129
39.53333,129
39.54167,128
39.55000,128
39.55833,128
39.56667,128
39.57500,128
39.58333,128
39.59167,128
39.60000,129
39.60833,129
39.61667,129
39.62500,129
39.63333,129
39.64167,129
39.65000,129
39.65833,129
39.66667,129
39.67500,129
39.68333,129
39.69167,129
39.70000,129
39.70833,129
39.71667,129
39.72500,129
39.73333,129
39.74167,129
39.75000,128
39.75833,129
39.76667,129
39.77500,129
39.78333,130
39.79167,130
39.80000,131
39.80833,130
39.81667,130
39.82500,130
39.83333,130
39.84167,130
39.85000,130
39.85833,130
39.86667,130
39.87500,130
39.88333,130
39.89167,130
39.90000,130
39.90833,130
39.91667,130
39.92500,130
39.93333,130
39.94167,130
39.95000,130
39.95833,131
39.96667,131
39.97500,131
39.98333,131
39.99167,131
40.00000,130

